28.000000
off
0
3.000000
4.500000
0.100000
2.000000
169.600000
9.000000
2.000000
1.000000
1.000000
1.000000
5.000000
14.000000
0.000000
-10.000000

4.000000
8.000000
0.100000
2.000000
169.600000
7.000000
2.000000
1.000000
1.000000
1.000000
5.000000
14.000000
0.000000
-10.000000

7.000000
12.000000
0.100000
2.000000
169.600000
2.000000
2.000000
1.000000
1.000000
1.000000
5.000000
14.000000
0.000000
-10.000000

11.000000
18.000000
0.100000
2.000000
169.600000
4.000000
2.000000
1.000000
1.000000
1.000000
5.000000
14.000000
0.000000
-10.000000

15.000000
25.000000
0.100000
2.000000
169.600000
8.000000
2.000000
1.000000
1.000000
1.000000
5.000000
14.000000
0.000000
-10.000000

23.000000
30.000000
0.100000
2.000000
169.600000
0.000000
2.000000
3.000000
1.000000
3.000000
5.000000
14.000000
0.000000
-10.000000

23.000000
30.000000
0.100000
2.000000
169.600000
5.000000
2.000000
3.000000
1.000000
3.000000
5.000000
14.000000
0.000000
-10.000000

3.000000
4.500000
0.100000
2.000000
169.600000
9.000000
2.000000
1.000000
1.000000
1.000000
-2.000000
14.000000
0.000000
-10.000000

4.000000
8.000000
0.100000
2.000000
169.600000
7.000000
2.000000
1.000000
1.000000
1.000000
-2.000000
14.000000
0.000000
-10.000000

7.000000
12.000000
0.100000
2.000000
169.600000
2.000000
2.000000
1.000000
1.000000
1.000000
-2.000000
14.000000
0.000000
-10.000000

11.000000
18.000000
0.100000
2.000000
169.600000
4.000000
2.000000
1.000000
1.000000
1.000000
-2.000000
14.000000
0.000000
-10.000000

15.000000
25.000000
0.100000
2.000000
169.600000
8.000000
2.000000
1.000000
1.000000
1.000000
-2.000000
14.000000
0.000000
-10.000000

23.000000
30.000000
0.100000
2.000000
169.600000
0.000000
2.000000
3.000000
1.000000
3.000000
-2.000000
14.000000
0.000000
-10.000000

23.000000
30.000000
0.100000
2.000000
169.600000
5.000000
2.000000
3.000000
1.000000
3.000000
-2.000000
14.000000
0.000000
-10.000000

3.000000
4.500000
0.100000
2.000000
169.600000
9.000000
2.000000
1.000000
1.000000
1.000000
-11.000000
14.000000
0.000000
-10.000000

4.000000
8.000000
0.100000
2.000000
169.600000
7.000000
2.000000
1.000000
1.000000
1.000000
-11.000000
14.000000
0.000000
-10.000000

7.000000
12.000000
0.100000
2.000000
169.600000
2.000000
2.000000
1.000000
1.000000
1.000000
-11.000000
14.000000
0.000000
-10.000000

11.000000
18.000000
0.100000
2.000000
169.600000
4.000000
2.000000
1.000000
1.000000
1.000000
-11.000000
14.000000
0.000000
-10.000000

15.000000
25.000000
0.100000
2.000000
169.600000
8.000000
2.000000
1.000000
1.000000
1.000000
-11.000000
14.000000
0.000000
-10.000000

23.000000
30.000000
0.100000
2.000000
169.600000
0.000000
2.000000
3.000000
1.000000
3.000000
-11.000000
14.000000
0.000000
-10.000000

23.000000
30.000000
0.100000
2.000000
169.600000
5.000000
2.000000
3.000000
1.000000
3.000000
-11.000000
14.000000
0.000000
-10.000000

3.000000
4.500000
0.100000
2.000000
169.600000
9.000000
2.000000
1.000000
1.000000
1.000000
-11.000000
24.000000
0.000000
-10.000000

4.000000
8.000000
0.100000
2.000000
169.600000
7.000000
2.000000
1.000000
1.000000
1.000000
-11.000000
24.000000
0.000000
-10.000000

7.000000
12.000000
0.100000
2.000000
169.600000
2.000000
2.000000
1.000000
1.000000
1.000000
-11.000000
24.000000
0.000000
-10.000000

11.000000
18.000000
0.100000
2.000000
169.600000
4.000000
2.000000
1.000000
1.000000
1.000000
-11.000000
24.000000
0.000000
-10.000000

15.000000
25.000000
0.100000
2.000000
169.600000
8.000000
2.000000
1.000000
1.000000
1.000000
-11.000000
24.000000
0.000000
-10.000000

23.000000
30.000000
0.100000
2.000000
169.600000
0.000000
2.000000
3.000000
1.000000
3.000000
-11.000000
24.000000
0.000000
-10.000000

23.000000
30.000000
0.100000
2.000000
169.600000
5.000000
2.000000
3.000000
1.000000
3.000000
-11.000000
24.000000
0.000000
-10.000000

0.000000
5.000000
6.000000
