8.000000
on
0
48.500000
50.500000
0.100000
2.000000
NaN
6.000000
0.000000
3.000000
5.000000
3.000000
0.000000
0.000000
0.000000
0.000000

71.000000
74.000000
0.100000
2.000000
NaN
5.000000
0.000000
3.000000
5.000000
3.000000
0.000000
0.000000
0.000000
0.000000

97.000000
102.000000
0.100000
2.000000
NaN
6.000000
0.000000
3.000000
5.000000
3.000000
0.000000
0.000000
0.000000
0.000000

272.000000
295.000000
0.100000
2.000000
NaN
1.000000
0.000000
1.000000
5.000000
1.000000
0.000000
0.000000
0.000000
0.000000

380.000000
405.000000
0.100000
2.000000
NaN
0.000000
0.000000
1.000000
5.000000
3.000000
0.000000
0.000000
0.000000
0.000000

500.000000
530.000000
0.100000
2.000000
NaN
0.000000
0.000000
1.000000
5.000000
3.000000
0.000000
0.000000
0.000000
0.000000

700.000000
715.000000
0.100000
2.000000
NaN
0.000000
0.000000
1.000000
5.000000
3.000000
0.000000
0.000000
0.000000
0.000000

1450.000000
1600.000000
0.100000
2.000000
NaN
1.000000
0.000000
1.000000
5.000000
1.000000
0.000000
0.000000
0.000000
0.000000

0.000000
3.000000
4.000000
