6.000000
on
0
40.000000
72.000000
1.000000
1.000000
NaN
5.000000
0.000000
3.000000
4.000000
3.000000
0.000000
0.000000
0.000000
-30.000000

70.000000
102.000000
1.000000
1.000000
NaN
6.000000
0.000000
3.000000
4.000000
3.000000
0.000000
0.000000
0.000000
-30.000000

98.000000
260.000000
1.000000
1.000000
NaN
0.000000
0.000000
3.000000
4.000000
4.000000
0.000000
0.000000
0.000000
-30.000000

255.000000
320.000000
1.000000
1.000000
NaN
1.000000
0.000000
1.000000
4.000000
1.000000
0.000000
0.000000
0.000000
-30.000000

315.000000
1200.000000
5.000000
1.000000
NaN
0.000000
0.000000
3.000000
4.000000
3.000000
0.000000
0.000000
0.000000
-30.000000

1190.000000
1500.000000
5.000000
1.000000
NaN
1.000000
0.000000
1.000000
4.000000
1.000000
0.000000
0.000000
0.000000
-30.000000

0.000000
0.000000
2.000000
