7.000000
on
0
3.000000
4.500000
0.100000
2.000000
NaN
9.000000
2.000000
1.000000
1.000000
1.000000
0.000000
0.000000
0.000000
-30.000000

4.000000
8.000000
0.100000
2.000000
NaN
7.000000
2.000000
1.000000
1.000000
1.000000
0.000000
0.000000
0.000000
-30.000000

7.000000
12.000000
0.100000
2.000000
NaN
2.000000
2.000000
1.000000
1.000000
1.000000
0.000000
0.000000
0.000000
-30.000000

11.000000
18.000000
0.100000
2.000000
NaN
4.000000
2.000000
1.000000
1.000000
1.000000
0.000000
0.000000
0.000000
-30.000000

15.000000
25.000000
0.100000
2.000000
NaN
8.000000
2.000000
1.000000
1.000000
1.000000
0.000000
0.000000
0.000000
-30.000000

23.000000
45.000000
0.100000
2.000000
NaN
0.000000
2.000000
3.000000
1.000000
3.000000
0.000000
0.000000
0.000000
-30.000000

23.000000
45.000000
0.100000
2.000000
NaN
5.000000
2.000000
3.000000
1.000000
3.000000
0.000000
0.000000
0.000000
-30.000000

0.000000
0.000000
2.000000
