photon_energy_eV    total_yield    yield_error
5.00000235 3.059152194051991e-05 2.9081966345782743e-05
5.099997 6.963241256924189e-05 0.00011092218710806071
5.2000042 3.4132678987510874e-05 3.881921575580008e-05
5.30001054 5.7255505681382015e-05 5.03920634957598e-05
5.39998076 1.6901414326799076e-05 3.25075225007764e-05
5.50000295 1.874926752887102e-05 1.4590179116046113e-05
5.60000792 2.3115567007324103e-05 1.6280240823314188e-05
5.6999978 3.7767105194499276e-05 2.0457124808058678e-05
5.80000362 4.644600377352562e-05 1.9149507003668956e-05
5.89999233 3.582951884462704e-05 1.4159856818587663e-05
6.00001586 4.313083872028547e-05 1.8539817044248413e-05
6.09999378 5.460194506220505e-05 2.084513404525292e-05
6.20000045 5.205811154599334e-05 2.0204190637662654e-05
6.29999544 5.557649441578173e-05 2.089239428252355e-05
6.40000387 5.740229642089198e-05 2.0890049149157964e-05
6.49999531 7.868336826354906e-05 2.465871831323971e-05
6.59999856 5.1728146803403753e-05 1.8565702344812567e-05
6.70000771 7.909381975374325e-05 2.0190504295250065e-05
6.79997958 8.256244367074932e-05 2.022833005497365e-05
6.89999876 9.489857925641096e-05 1.983539944182338e-05
7.00001199 0.00011342538363196893 2.0410513898251067e-05
7.10002079 0.0001187864270492304 1.9888084166991004e-05
7.20000041 0.00012326795676379128 1.878737614314946e-05
7.29998709 0.00012921285198996344 1.8740306945057218e-05
7.40001911 0.00016143070870746202 2.0107785768023974e-05
7.49999833 0.00019139390462452507 2.2461256435250114e-05
7.59999188 0.00022144538646505185 1.9762955411149922e-05
7.69999804 0.0002767850676466247 2.211364106005068e-05
7.80002056 0.00034224766131272 2.5206810039865058e-05
7.89999762 0.0004394167173498022 3.0355753419749203e-05
7.99999188 0.0005630867471663639 3.7153470880980964e-05
8.10001333 0.000745177573896015 4.771464584604981e-05
8.19998988 0.0010051112552530595 6.435852239827421e-05
8.29998207 0.0013606719485633738 8.712551533041121e-05
8.40000921 0.0017742616529242685 0.00011360817793387053
8.50003777 0.0022857787839869184 0.00014636125533156426
8.59996257 0.002927878728569753 0.00018747571251169062
8.70003142 0.003714074154293332 0.00023781678236978545
8.79999429 0.004623839807950719 0.000296070207442961
8.89998918 0.005720226603373481 0.0003662732160766891
9.00003176 0.00691470738892643 0.00044275730476790834
9.09997334 0.00827729633022528 0.0005300055675247946
9.1999873 0.00980510494961427 0.0006278330515344792
9.30001859 0.011463673641031397 0.0007340332654090822
9.40001031 0.013426085430421142 0.0008596889303337365
9.49998485 0.015567925509788859 0.0009968336115827815
9.60002239 0.017999039196803897 0.0011525008413155891
9.69998986 0.020751187048263717 0.0013287242874424003
9.80003609 0.023814001200070548 0.0015248400827442667
9.89999679 0.02700925102902201 0.0017294358989883892
10.0000072 0.030541869718839175 0.001955633862532155
10.0999912 0.034353503343601294 0.0021996974990014383
10.1999881 0.038317362386843405 0.0024535083181369483
10.3000166 0.04233954427179048 0.0027110536212856273
10.4000022 0.04626460745764006 0.002962380293473316
10.5000018 0.05017009750977193 0.0032124536735919007
10.6000055 0.054051867976941406 0.00346100825921674
10.7000143 0.05814017821246514 0.003722787842809008
10.8000121 0.06228446396198602 0.003988151608105055
10.9000031 0.066708423050427 0.004271423204751133
10.9999842 0.07141924876123198 0.004573063227622905
11.1000341 0.07661943940955265 0.004906037895418242
11.2000036 0.08189014323098626 0.005243527609291756
11.2999848 0.08755905933445948 0.005606515350312985
11.3999829 0.0933540458814381 0.005977575538458545
11.5000265 0.09963169594540401 0.006379541271245565
11.5999831 0.10588054794158423 0.006779663027974288
11.700048 0.11157078976637928 0.007144016281426281
11.7999654 0.1141274826275088 0.00730772450169398
11.9000185 0.08885989780902102 0.005689809653967486
12.0000177 0.10172507266480214 0.006513582783346123
12.0999528 0.1118363672475571 0.007161021537492741
12.2000217 0.11963521113726232 0.0076603912008340064
12.3000162 0.12841933906985217 0.008222849825532777
12.3999168 0.1394377722289462 0.008928373789728066
12.5000616 0.146564291287958 0.009384693658880922
12.5999948 0.1505923089328448 0.00964261263298874
12.7000098 0.15224846142011175 0.009748658134309777
12.7999783 0.15769078670246703 0.010097136983544202
12.8999829 0.16140953084189816 0.01033525279086423
13.0000293 0.17031372654098165 0.010905399503820697
13.0999428 0.17730312108705604 0.011352939120050198
13.200037 0.1849436624459306 0.011842172475671377
13.3000102 0.1956837218612721 0.012529871823209795
13.3999539 0.2046110122898397 0.01310149732038743
13.5000109 0.21113545414421783 0.013519265438122333
13.6000469 0.21683090309371855 0.013883952110238428
13.7000272 0.2215100419882671 0.014183563186898411
13.7999634 0.22454394523205282 0.014377827780841514
13.9000103 0.22845562202336342 0.014628297305555961
13.9999808 0.23398147376709058 0.01498212445788316
14.100035 0.23734829540391045 0.015197706230141507
14.1999642 0.24080314085881713 0.015418924276830484
14.3000165 0.2433128122290565 0.015579621652618194
14.3999805 0.24534743942428572 0.015709901359697315
14.4999775 0.24888214815626455 0.01593623315123731
14.6000317 0.2520054906803204 0.016136224653413175
14.6999577 0.254672647745955 0.016307006033933223
14.8000258 0.2568514851436301 0.01644651969943801
14.8999598 0.2597184962536647 0.016630097982714528
15.0000022 0.2626187980070509 0.016815807907244292
15.1000184 0.2645282513234736 0.016938072575350616
15.1999801 0.26612654610301156 0.01704041337576484
15.3000689 0.2683137796420165 0.017180464656630125
15.3999923 0.26955220484025344 0.01725976256066091
15.499914 0.2690651010479944 0.01722857269967732
15.6001466 0.2688532962158588 0.017215010573134785
15.6999314 0.2681776868383136 0.01717175046533082
15.8000014 0.2675599277144041 0.01713219458113882
15.9000124 0.26558085918206764 0.017005472364269376
16.0000006 0.2636708228788828 0.016883170366796384
16.0999409 0.262327674032224 0.016797166877451173
16.200001 0.25967269005008 0.016627164954590552
16.3000316 0.2573785576063548 0.01648026880404757
16.3999864 0.2535308291613581 0.01623389397139539
16.600016 0.21671111698731857 0.01387628205702645
16.7000029 0.22054794277159012 0.014121958778767216
16.8000485 0.22146985186016716 0.014180989763064988
16.8998529 0.22039553340227463 0.014112199817500457
17.0001417 0.22068384427858295 0.014130660721100512
17.0999075 0.22073341365900281 0.014133834710112519
17.200005 0.21858490925959492 0.013996263304171723
17.2999851 0.2171259559981367 0.013902844714274472
17.3998724 0.21438910877069572 0.01372760098611269
17.5000942 0.2096104897087845 0.013421620070744867
17.6000089 0.2066109044679803 0.013229552901168474
17.7000215 0.20216101268541417 0.012944620801899452
17.8000121 0.19896447369988096 0.012739942439357785
17.8999606 0.19375069833773778 0.012406097925459093
18.0000583 0.18924388064973308 0.012117520789741551
18.0999968 0.18494508783794322 0.011842263745292814
18.1999414 0.1800249066049587 0.011527218428237961
18.3000654 0.17549526882435754 0.011237180093640371
18.3999968 0.17052091457583396 0.010918666011097387
18.4999349 0.16627251741854096 0.010646635863016353
18.6000882 0.16243710548772636 0.01040104967206897
18.6999601 0.15781300113548988 0.010104962525526728
18.7999861 0.15360721551390216 0.00983566084701638
18.8999787 0.15022007637493753 0.009618778119853762
19.0000082 0.14624238883724386 0.009364081845038352
19.1000289 0.14313915147025066 0.009165377701047337
19.1999033 0.139631753199983 0.00894079463230053
19.3000363 0.13669308114501078 0.008752627809689937
19.4000198 0.134014773908967 0.008581132469905899
19.4999881 0.131112089797329 0.008395270000017495
19.6000189 0.12860526747259066 0.008234755052152796
19.6999713 0.12657977710997867 0.008105060387817522
19.8000514 0.12417569125606501 0.007951123783816882
19.899762 0.12242078864291914 0.007838755189251196
19.9999262 0.12032532203055789 0.007704579858707781
20.1002126 0.11849024332936287 0.007587077489615593
20.1998092 0.11679016744448233 0.007478219518576056
20.3000946 0.1150457907626851 0.007366524912471771
20.4000885 0.113287072582838 0.007253912002429844
20.5000422 0.11167928915699703 0.007150963632204393
20.6000091 0.11019073427860594 0.007055649613998644
20.6998354 0.10885666465174103 0.006970227478376626
20.8000682 0.10749360318396074 0.006882948959162078
20.9000629 0.10604679454259845 0.006790308004377737
20.9999425 0.10476433158574328 0.006708190307951245
21.1000173 0.1034548625002876 0.0066243433755587425
21.2000589 0.10219931107763772 0.006543948858101616
21.2999414 0.10104106439263895 0.006469784883885196
21.4000586 0.09981696047477052 0.006391403989228798
21.4998749 0.09868776589984367 0.00631910025771388
21.6002073 0.09757041303503558 0.006247554765609703
21.6999028 0.09644342975284524 0.006175392625915957
21.8000569 0.09538723628984036 0.006107763246292111
21.9000033 0.09437313635178525 0.006042829167366712
22.0000001 0.093396433534315 0.005980289672533584
22.0998767 0.09244429726053995 0.005919323204014104
22.2001005 0.09151825669905432 0.00586002767637316
22.2999777 0.09064901946161757 0.005804369336142055
22.4000196 0.08980778493407222 0.0057505040442151455
22.5000117 0.08897354513404146 0.005697086633381064
22.5999406 0.08817234104243114 0.005645784539999859
22.7000453 0.08741272901353801 0.0055971456380673485
22.7999787 0.08665235692204205 0.005548458068382095
22.9000246 0.08592887885962805 0.0055021328692151554
23.0000877 0.08523472385217949 0.005457685261687862
23.0999391 0.08455286886184923 0.00541402523953788
23.1999136 0.08387331983295165 0.0053705128709633
23.3001361 0.08316205692646696 0.005324969823406309
23.4000201 0.08257486791410167 0.005287371381436004
23.4999971 0.08188268076613721 0.0052430497783962976
23.5001776 0.07899574784388859 0.005058195876733367
23.6000583 0.07831769930448225 0.00501477958636508
23.7000115 0.07807923848871862 0.00499951064407414
23.800028 0.07752139644038887 0.004963791324670945
23.9000053 0.07717818738364418 0.004941815222373462
23.9999319 0.07665499100644219 0.0049083143083354696
24.0997959 0.07630142579871294 0.004885675088824229
24.2002073 0.07601008017512437 0.004867019866585529
24.299963 0.07552514517636556 0.004835968876144209
24.3999122 0.07527108902201066 0.004819701344948021
24.5001473 0.07476300112186426 0.004787167845466283
24.5999732 0.07473584143563068 0.00478542877701425
24.7000176 0.07417234767515295 0.004749347571460679
24.8000749 0.0738839984246094 0.004730884210710668
24.8999329 0.07355965307867436 0.004710115975252117
24.9997302 0.07322641469801805 0.004688778307731884
25.1003305 0.07303329562258805 0.004676412653405918
25.1998757 0.07273739003898497 0.0046574654512623135
25.2998997 0.07267512952530526 0.0046534788332205385
25.3999302 0.07232830311634143 0.004631271107366356
25.4999046 0.07210867290970581 0.004617207912372547
25.6002407 0.07182031304178978 0.004598743871778986
25.6999123 0.07165207341945333 0.004587971279744196
25.8000911 0.07134493860635362 0.004568305056085013
25.9000672 0.07151866497886172 0.0045794289715498935
25.9999373 0.07126168684841967 0.004562974342594657
26.1000797 0.07128633426313197 0.0045645525471800005
26.1999307 0.07120567979136698 0.004559388141149844
26.3000965 0.07087544656860555 0.00453824289762315
26.4000629 0.07101833199071227 0.004547392028717823
26.4998166 0.07078740333946514 0.004532605380278642
26.6002693 0.07073079910855164 0.004528980941049607
26.6996805 0.07089781786108676 0.004539675359274242
26.8000723 0.07051812034052217 0.004515362855306039
26.8998619 0.0707371132996779 0.00452938524655201
27.0002187 0.07062680072369662 0.004522321795262418
27.1000668 0.07040349244185333 0.004508023088543514
27.1998098 0.07036206663224547 0.00450537054248796
27.300168 0.07045037146984082 0.004511024810946854
27.3997971 0.0702406025955215 0.004497593049312723
27.4999088 0.0702892206077634 0.004500706121038343
27.5999456 0.07052210555679868 0.0045156180336553544
27.7000859 0.07032636707922303 0.004503084655755726
27.799945 0.06989929583275462 0.0044757387532620005
27.9000179 0.07004643061664738 0.0044851599762711315
28.0001092 0.07014910413654288 0.004491734289308986
28.0999534 0.06985239816728656 0.004472735837477625
28.2000573 0.06992324782649843 0.0044772724291787585
28.2998953 0.07001868729109723 0.00448338353666856
28.4000473 0.06960411269947757 0.004456837810510324
28.4999151 0.06997603759689415 0.004480652623761853
28.6000198 0.06980454255895019 0.004469671583421268
28.699888 0.069882147534734 0.0044746407264351345
28.8001172 0.06978420158898245 0.004468369125843134
28.9000935 0.0698589000213693 0.004473152159272279
28.999598 0.06961242467772032 0.004457370036803795
29.1003436 0.06987543468734247 0.004474210894476786
29.1999801 0.0697468707918728 0.00446597878852538
29.3000908 0.0698390793236406 0.004471883015371984
29.3998308 0.06986260397978497 0.004473389328331338
29.5000389 0.06984513378946272 0.0044722706903404874
29.5996437 0.06995505454320929 0.0044793090527656025
29.6999235 0.07001323597261071 0.004483034481973291
29.8002319 0.06983144864577807 0.0044713944135882895
29.8999052 0.06987530862811896 0.004474202822748092