photon_energy_eV    total_yield    yield_error
5.00000235 2.8895427867125804e-05 2.7469566973903347e-05
5.099997 6.61803666644362e-05 0.00010542318933345812
5.2000042 3.318166520081846e-05 3.773762443430254e-05
5.30001054 5.7400537126642323e-05 5.051970945244928e-05
5.39998076 1.7518764287542692e-05 3.369490938755935e-05
5.50000295 2.0073528837782782e-05 1.5620683889831036e-05
5.60000792 2.5484460793845997e-05 1.7948647283653646e-05
5.6999978 4.27002563167997e-05 2.3129240864774962e-05
5.80000362 5.3608964943118247e-05 2.2102768079755518e-05
5.89999233 4.202549017561139e-05 1.6608510044417092e-05
6.00001586 5.118528858400694e-05 2.200202717732507e-05
6.09999378 6.529678064558906e-05 2.49280523565622e-05
6.20000045 6.250523449370852e-05 2.425880686138511e-05
6.29999544 6.678292031188688e-05 2.5105129734452786e-05
6.40000387 6.883941903268817e-05 2.5052287742079675e-05
6.49999531 9.39491548196953e-05 2.944288984561728e-05
6.59999856 6.137264324666226e-05 2.202719983304964e-05
6.70000771 9.309368906145152e-05 2.3764290746205298e-05
6.79997958 9.627800936097127e-05 2.3588731919759736e-05
6.89999876 0.00010953056288021289 2.289373015739858e-05
7.00001199 0.00012947739566495481 2.32990191358195e-05
7.10002079 0.00013404096191084369 2.2442108905274677e-05
7.20000041 0.00013745969708778264 2.0950351587803265e-05
7.29998709 0.00014237236514577506 2.064888888554859e-05
7.40001911 0.00017575323025030467 2.1891796983407283e-05
7.49999833 0.00020592138281625861 2.4166145698375675e-05
7.59999188 0.00023550008266476962 2.1017270701914022e-05
7.69999804 0.0002910410036865984 2.3252613820551987e-05
7.80002056 0.00035595682985146965 2.6216501109295058e-05
7.89999762 0.0004522272341415337 3.124072860060877e-05
7.99999188 0.000573680358693088 3.785245632037061e-05
8.10001333 0.0007519150111221869 4.814605232206065e-05
8.19998988 0.0010049406722290796 6.43475997553208e-05
8.29998207 0.0013486512526744423 8.635581523843895e-05
8.40000921 0.0017441480972877617 0.00011167996955415654
8.50003777 0.002229528428476966 0.0001427594751842643
8.59996257 0.002834873455088486 0.00018152046930332088
8.70003142 0.0035711583345245956 0.00022866570487504765
8.79999429 0.004416812670159049 0.0002828140026049591
8.89998918 0.005430297205163794 0.0003477086765084815
9.00003176 0.0065258357644369545 0.0004178573715277239
9.09997334 0.00776853434536367 0.0004974289055612764
9.1999873 0.009154087609775754 0.0005861476024573886
9.30001859 0.010649172879137409 0.0006818797697101729
9.40001031 0.012412910288178362 0.0007948140672331444
9.49998485 0.014327916396306772 0.0009174342874910342
9.60002239 0.016493676075915033 0.0010561105704605788
9.69998986 0.01893669661175166 0.0012125402105161956
9.80003609 0.02164499635253759 0.0013859560076407906
9.89999679 0.024454946909582706 0.001565880632818826
10.0000072 0.027550901554535503 0.0017641184550697265
10.0999912 0.03087814224528783 0.0019771658101770165
10.1999881 0.034321215917149386 0.002197630094972653
10.3000166 0.03779583687245668 0.0024201143915208554
10.4000022 0.041164189671821755 0.0026357942060192484
10.5000018 0.04449647933096165 0.002849164852845104
10.6000055 0.047789999777516155 0.003060053058823241
10.7000143 0.05124875723117929 0.0032815215956527605
10.8000121 0.05473942382772968 0.003505033314544451
10.9000031 0.05845845497151239 0.0037431674991096784
10.9999842 0.06241072724933063 0.003996236403259998
11.1000341 0.06677177882980143 0.004275479954016071
11.2000036 0.0711750676057672 0.004557428004874096
11.2999848 0.07590535665819462 0.004860314289690709
11.3999829 0.08072583156752175 0.005168975286969203
11.5000265 0.08594480514801761 0.005503152649247151
11.5999831 0.09112081882057556 0.005834579235247547
11.700048 0.09580040237374392 0.006134218783951391
11.7999654 0.09778248247654041 0.006261133835418889
11.9000185 0.10636498989040337 0.004864773177011012
12.0000177 0.12152203473115909 0.0055580048997802955
12.0999528 0.13334830329783795 0.0060988982347638075
12.2000217 0.14239149468528073 0.0065125030773115124
12.3000162 0.1525884506345474 0.006978877190074259
12.3999168 0.16541863720413946 0.007565686322892405
12.5000616 0.17361720521563534 0.00794066096251134
12.5999948 0.17814620412152382 0.00814780198155135
12.7000098 0.17988136547791309 0.00822716236538673
12.7999783 0.1861016379383349 0.008511656489349321
12.8999829 0.19029830791074212 0.008703597912326659
13.0000293 0.20061830191028865 0.009175599367388501
13.0999428 0.20869167913676762 0.009544848205937114
13.200037 0.217545561434053 0.009949794694030867
13.3000102 0.230060097725181 0.01052216705578769
13.3999539 0.24046171874963518 0.010997901853575359
13.5000109 0.24806355230552612 0.01134558388708004
13.6000469 0.2547195999796557 0.011650008888420953
13.7000272 0.2602126832040322 0.011901243847936959
13.7999634 0.2638058660837297 0.012065583822126386
13.9000103 0.2684645587071172 0.012278656591066117
13.9999808 0.2750566793344491 0.012580157786530046
14.100035 0.27914845836327024 0.012767301854199073
14.1999642 0.28338168515407614 0.012960915261818785
14.3000165 0.2865416007419275 0.013105439062453162
14.3999805 0.28917927623733974 0.013226077375989995
14.4999775 0.2936245158514487 0.01342938752966355
14.6000317 0.29762642337664325 0.013612421180167393
14.6999577 0.30112977970389004 0.013772652793105663
14.8000258 0.3040959186250427 0.013908313907517273
14.8999598 0.3079178160238353 0.014083114506568632
15.0000022 0.3118208635024341 0.014261626634497683
15.1000184 0.3145887028124619 0.014388218198578814
15.1999801 0.3170233725857137 0.014499571720259202
15.3000689 0.32020094038870694 0.014644902873226574
15.3999923 0.3222812369023322 0.014740048566279723
15.499914 0.32233111891531785 0.01474233000003944
15.6001466 0.32273804572503356 0.014760941449454813
15.6999314 0.3226127362740573 0.014755210221006773
15.8000014 0.32258227733044603 0.014753817132434743
15.9000124 0.3209284666139217 0.014678177450412581
16.0000006 0.31937290436239146 0.014607031319301087
16.0999409 0.31851838111764286 0.01456794833001609
16.200001 0.31608200217511506 0.0144565166367413
16.3000316 0.3140928139650775 0.014365537927880532
16.3999864 0.3102084782300168 0.014187881611512718
16.5000178 0.3037402321371057 0.01389204601628987
16.5998809 0.287166749561999 0.013134031245037463
16.600016 0.26659714151953157 0.012193247274957344
16.7000029 0.2720727099049811 0.01244368116526158
16.8000485 0.2739859695598797 0.012531187160038603
16.8998529 0.2734425300020826 0.012506332081437813
17.0001417 0.27460359472068735 0.012559435236015857
17.0999075 0.27548062609645285 0.012599547670724097
17.200005 0.2736194175770114 0.012514422317997298
17.2999851 0.27262097064921714 0.012468756748546226
17.3998724 0.2700143197391499 0.012349537394112098
17.5000942 0.2648169808112197 0.012111828773686504
17.6000089 0.26184767483563914 0.011976022808967977
17.7000215 0.25701936625058314 0.011755192382348139
17.8000121 0.2537626744395954 0.011606242366142532
17.8999606 0.24790788328536006 0.011338464115108306
18.0000583 0.2429248318898655 0.011110556278202129
18.0999968 0.23817929324103868 0.010893511467188005
18.1999414 0.23260121474911744 0.010638389112974265
18.3000654 0.2274936886705654 0.010404788227067857
18.3999968 0.2217758601509001 0.01014327418149819
18.4999349 0.21696584584381923 0.009923280472983414
18.6000882 0.21266569828268417 0.009726606336745974
18.6999601 0.20729954881123888 0.009481176895729554
18.7999861 0.20244832210148553 0.009259298271968818
18.8999787 0.1986460220977543 0.009085393991169657
19.0000082 0.19403394129229642 0.008874453088380899
19.1000289 0.19055238270871633 0.008715218430162585
19.1999033 0.18650581845998024 0.008530142332881074
19.3000363 0.18319312273782798 0.008378630888097123
19.4000198 0.1802053531621977 0.008241980461057246
19.4999881 0.17689255628800923 0.008090464389922903
19.6000189 0.17409238587003778 0.007962394110835365
19.6999713 0.17192229126644518 0.007863141358308323
19.8000514 0.16922010064978638 0.0077395523423676674
19.899762 0.16738453900612482 0.007655599990583157
19.9999262 0.16506659050501654 0.007549584903236246
20.1002126 0.16308849514170867 0.0074591135434880305
20.1998092 0.16128077560911383 0.007376434595247753
20.3000946 0.15939627382924781 0.007290243887946715
20.4000885 0.15747582380851727 0.007202409030271585
20.5000422 0.15575128549748352 0.00712353450843043
20.6000091 0.15417737484378077 0.007051549183757017
20.6998354 0.15280627569704758 0.006988839768197226
20.8000682 0.15138363024223891 0.006923772799676089
20.9000629 0.1498297873599505 0.00685270530667078
20.9999425 0.14849408284402757 0.0067916147212425315
21.1000173 0.14710808901064423 0.006728224073332035
21.2000589 0.14578760095996912 0.006667829437314049
21.2999414 0.14459276849884592 0.006613181860946265
21.4000586 0.14329346940486515 0.006553756335800961
21.4998749 0.14211869553809375 0.006500026171373628
21.6002073 0.14095065028082954 0.006446603750679291
21.6999028 0.13975644515221025 0.006391984866368372
21.8000569 0.13865494477445486 0.006341605982323036
21.9000033 0.13760401490467125 0.0062935400214583674
22.0000001 0.1365986050665332 0.0062475559921502605
22.0998767 0.13561801262204237 0.006202707026090526
22.2001005 0.1346675561973968 0.0061592363791671545
22.2999777 0.1337911976386995 0.006119154716825182
22.4000196 0.13294749499113626 0.006080566624883763
22.5000117 0.1321054111826415 0.006042052573140031
22.5999406 0.13130409299062473 0.0060054030021600415
22.7000453 0.13055719270577398 0.005971242321325233
22.7999787 0.12980112213545925 0.005936662222796718
22.9000246 0.12909159753281738 0.005904210978652211
23.0000877 0.12842006249981247 0.0058734972483227895
23.0999391 0.1277593733975158 0.005843279574006194
23.1999136 0.12709403682156448 0.005812849340038161
23.3001361 0.12637473998391904 0.005779951147073615
23.4000201 0.12583638319052057 0.00575532853684364
23.4999971 0.12513299611297776 0.005723158002239989
23.5001776 0.12339939463316763 0.005643868961858405
23.6000583 0.1226076109137148 0.005607655465252454
23.7000115 0.122512848967369 0.0056033213758565036
23.800028 0.12192632753193196 0.005576495878577783
23.9000053 0.12168342803966485 0.005565386481247814
23.9999319 0.12116565576837438 0.0055417053371065944
24.0997959 0.1209242884325797 0.005530666015406942
24.2002073 0.12079119983233372 0.005524578995107219
24.299963 0.12035358240582802 0.005504563861175923
24.3999122 0.12029097105195831 0.005501700230622339
24.5001473 0.11982181909703524 0.005480242814525147
24.5999732 0.12012618512871823 0.005494163482486009
24.7000176 0.11956328613223806 0.005468418395288947
24.8000749 0.11944234455571437 0.005462886938575002
24.8999329 0.11924914300818626 0.005454050556348668
24.9997302 0.11904562863730248 0.005444742500628154
25.1003305 0.11904826159420388 0.005444862923129237
25.1998757 0.11887103959339576 0.005436757391066516
25.2998997 0.11907693607715532 0.005446174396534824
25.3999302 0.11879620825545928 0.00543333485996894
25.4999046 0.11872320890823194 0.005429996117900739
25.6002407 0.11851895035529073 0.005420654025821876
25.6999123 0.11850703102320878 0.005420108876077963
25.8000911 0.11825958799587835 0.00540879167289451
25.9000672 0.1188083434733364 0.005433889883595479
25.9999373 0.11863682263972486 0.005426045103546032
26.1000797 0.11893611355083544 0.005439733652738714
26.1999307 0.11905789297093884 0.005445303429570747
26.3000965 0.11876734281176521 0.005432014652667928
26.4000629 0.1192724002879283 0.00545511426528876
26.4998166 0.11915095172098736 0.005449559620556039
26.6002693 0.11932643874915135 0.00545758580086598
26.6996805 0.11988350145977655 0.005483063956181511
26.8000723 0.11951521916020749 0.005466219975334453
26.8998619 0.1201708037594766 0.005496204187029224
27.0002187 0.1202604337804446 0.0055003035595982365
27.1000668 0.12016372778681864 0.0054958805560861535
27.1998098 0.12037066156460052 0.0055053450038580025
27.300168 0.12080215207653082 0.005525079913537739
27.3997971 0.12072600159287057 0.005521597049197617
27.4999088 0.12108220100095612 0.0055378883996495595
27.5999456 0.12175927643138827 0.0055688555289293475
27.7000859 0.12168766376350937 0.005565580208862185
27.799945 0.12121195024997007 0.005543822689372058
27.9000179 0.12172176583201422 0.005567139921586399
28.0001092 0.12215641541019304 0.005587019316220875
28.0999534 0.12188068237944238 0.005574408224419015
28.2000573 0.1222469574102339 0.005591160399613501
28.2998953 0.12264644792976474 0.00560943173838659
28.4000473 0.12213809162663358 0.005586181248630654
28.4999151 0.12301633543870871 0.005626349136055466
28.6000198 0.12292810671779185 0.005622313854188749
28.699888 0.12327111879546122 0.005638002060962013
28.8001172 0.1232992766448894 0.0056392899053059236
28.9000935 0.12362920862587647 0.005654379872907085
28.999598 0.12338404521465497 0.0056431669316176275
29.1003436 0.12403693216574217 0.0056730277620519855
29.1999801 0.12399350718250099 0.005671041650889831
29.3000908 0.12433820138984711 0.005686806792558121
29.3998308 0.12455520868992813 0.005696731969007039
29.5000389 0.12469974073004192 0.005703342373358026
29.5996437 0.12506747799165127 0.005720161426021013
29.6999235 0.12534241216426517 0.0057327359807664595
29.8002319 0.12518538615712968 0.005725554144822199
29.8999052 0.12543248151829794 0.005736855446936867