photon_energy_eV    total_yield    yield_error
4.29999699 0.00010039429711396466 8.336961750582567e-05
4.40000409 4.9490535390765395e-05 5.2382409108696255e-05
4.70000045 5.939454885786059e-06 1.8552231880583173e-05
4.80000252 3.321826264554008e-05 7.210324973016962e-05
4.99999418 5.869337229799355e-05 5.444346635104173e-05
5.09999913 5.039791239629972e-05 5.662934336280634e-05
5.2000064 1.3094176822362811e-05 1.4362830972366305e-05
5.30001283 1.937432352485075e-05 1.6713651065901757e-05
5.39998076 6.1401851131225426e-06 1.1694501754216416e-05
5.50001283 4.5072159100474235e-05 2.7416224720043832e-05
5.59999511 2.257682838038269e-05 1.4974328648546344e-05
5.70000046 4.855865335422296e-05 2.4575544018179623e-05
5.80000087 5.8336403444756754e-05 2.0335700959504427e-05
5.89998665 3.79648334251833e-05 1.6147557342003654e-05
6.00002763 6.381698979369357e-05 2.1716167175730368e-05
6.0999877 7.133287991863184e-05 2.2422393518260465e-05
6.20000987 5.067367629346368e-05 2.2453884401731164e-05
6.29999544 9.244985292327925e-05 2.7715797813839476e-05
6.39999718 8.814801113287228e-05 2.563181227029846e-05
6.50000912 0.0001259748336347892 2.7888331114908757e-05
6.59999856 0.00010956856991254276 2.691037694554115e-05
6.70000037 0.00014596175277974274 2.761394518884737e-05
6.7999758 9.699754422798083e-05 2.6113936214147123e-05
6.89998709 0.00012539191346058626 2.5467713081374397e-05
7.000024 0.00018394561843281033 2.9014309505192648e-05
7.10000431 0.00017774213033183728 2.7514783203082014e-05
7.19999617 0.000193023172251593 2.7441355091557094e-05
7.29999579 0.000202695361490648 2.7604077808636513e-05
7.40001911 0.00025123805161168366 3.162592246663242e-05
7.49998913 0.00027275686105653616 3.459401967624167e-05
7.5999966 0.00032692213270366983 3.669691838191732e-05
7.69998836 0.00040133871442922156 4.5050158963273626e-05
7.80002553 0.0005158746483399604 5.790678565831867e-05
7.89999762 0.00065650233587482 7.369220443381104e-05
8.00000234 0.0008567191485336853 9.616648591505235e-05
8.1000026 0.0010928706525823687 0.0001226744265006983
8.19998988 0.0014373954674467909 0.00016134724105463003
8.30000458 0.001860641104887181 0.0002088564460270905
8.39996885 0.0023928396432327686 0.00026859558379402235
8.50004958 0.002983126897363284 0.00033485516373610085
8.59998675 0.00370642345230131 0.0004160450006644611
8.69999431 0.004562335963410323 0.0005121209417531594
8.80001327 0.005533038586927387 0.0006210820410024633
8.9000086 0.006630970445273509 0.0007443245864411194
8.99999866 0.007817561168211635 0.0008775190647478855
9.09996657 0.009136021345171344 0.0010255158525565428
9.20002188 0.010634833268304512 0.001193757073663825
9.29999032 0.012209750726203132 0.0013705411198609936
9.40002475 0.013990213477125969 0.0015703975679769821
9.4999996 0.015905811757804773 0.0017854229416867813
9.59998474 0.018158983784887266 0.0020383408744509505
9.70000524 0.020611501107590975 0.002313635261151511
9.80002039 0.023287305629961327 0.0026139935738522155
9.89998878 0.02618427663852178 0.002939177763055721
10.0000154 0.029251498614836145 0.0032834725759922816
10.0999829 0.032541909424934796 0.003652820273386075
10.1999796 0.03595804484383074 0.004036280523116039
10.3000166 0.03934447293129543 0.004416406133163268
10.3999934 0.042528011557358816 0.004773757457651975
10.4999928 0.04572654106525073 0.005132791504452522
10.5999963 0.048809837243100986 0.005478890642036479
10.7000236 0.0519926963753841 0.00583616569353752
10.8000025 0.05522994960090431 0.006199546466861284
10.9000129 0.05860270198372631 0.006578136982869644
10.9999941 0.06234159767157883 0.006997826982934565
11.0999938 0.06631848434341082 0.007444231404695253
11.2000138 0.07045936542544191 0.007909044153345276
11.2999014 0.07471712613463392 0.008386976607605201
11.4000891 0.0792440472521674 0.008895122242768063
11.4999617 0.08387258944529731 0.009414674815375643
11.6000601 0.08828662460566893 0.009910149033274175
11.6999809 0.09253287487226863 0.010386789443557583
11.8000223 0.0961472607874866 0.010792503256307392
12.0000177 0.11263323085735354 0.009030749147863532
12.0999887 0.12190305451190174 0.009773988522530648
12.1999852 0.1305903117689672 0.010470518671531462
12.3000162 0.13922089748791414 0.011162504988834678
12.4000047 0.15050538883550152 0.012067277140406542
12.4999978 0.15890942074213527 0.012741098741738115
12.5999948 0.16280048924618157 0.013053078281965435
12.6999966 0.16436053764617825 0.013178160423813414
12.8000185 0.16956334750997304 0.013595313251503018
12.8999557 0.1728687168823325 0.013860332388533842
12.9999741 0.18097167507812098 0.014510014389705108
13.1000129 0.18708737690466756 0.015000361409303789
13.1999658 0.19489866594009075 0.015626657851867017
13.300068 0.20481643928443496 0.01642184877817163
13.4000419 0.21330868109691561 0.017102742906198887
13.499996 0.21980247560563568 0.017623404781736268
13.5999864 0.2257069511753151 0.018096816023814497
13.6999966 0.23070833441065725 0.018497818792241754
13.7999634 0.23339746889922147 0.018713429219166716
13.9000103 0.23724439407042772 0.01902186941880694
13.9999808 0.24288393760237384 0.019474038841257073
14.1000188 0.24566414467132291 0.019696951319463377
14.1999642 0.24852860398030754 0.019926619005161433
14.3000165 0.25041806343334033 0.020078112789149644
14.4000144 0.25230358569840916 0.02022929089581439
14.4999088 0.2557167281110135 0.020502951099819373
14.6001014 0.25849376824984466 0.02072560965872277
14.7000106 0.26138225776457125 0.020957204047209826
14.79999 0.2647469592608513 0.021226980337377944
14.8999779 0.26828724238945545 0.02151083447707965
15.0000206 0.2721180471758321 0.02181798217049898
15.1000184 0.2744409544028656 0.022004229091602268
15.1999989 0.27687510003905336 0.022199394927319243
15.3000115 0.2796150470333393 0.02241907941825937
15.3999923 0.28089651224822654 0.022521825213698866
15.5000122 0.2811418588125789 0.0225414967019452
15.6000472 0.2805880505369127 0.022497093255684417
15.6999314 0.28040257713930805 0.02248222230050876
15.8000218 0.2796092925430137 0.02241861803259007
15.8999711 0.2783462931674069 0.02231735279809228
16.0000633 0.27680777894024877 0.02219399723117722
16.1000045 0.2759660028972267 0.022126504997976155
16.2000224 0.2745462636148182 0.022012672612833652
16.2999882 0.2729375367497004 0.021883687510872874
16.3999864 0.27018513841332537 0.021663004691587686
16.5000178 0.26760819405316416 0.021456389486576914
16.599971 0.2596270924527198 0.02081647774890772
16.7000257 0.22570575396197287 0.018096720033197098
16.7999562 0.22726704883536986 0.018221902115253763
16.8999696 0.22793566576905866 0.018275510732872174
17.0000945 0.2291225009580973 0.01837066924684252
17.0999553 0.2304407135604424 0.018476361388004726
17.1999325 0.22881173415979275 0.018345752470704517
17.3000829 0.22831601933904438 0.018306006863116234
17.3998477 0.22610100229455105 0.01812841040126569
17.5000942 0.222067235818241 0.017804989569852693
17.5999583 0.2196095278102498 0.01760793454151054
17.7000983 0.21595260947949707 0.017314728781115757
17.8000121 0.21295395936050315 0.017074301894656807
17.8999868 0.20838664436587256 0.01670810201135575
18.0000054 0.20451437495627667 0.01639762975192732
18.0999968 0.20022010963711864 0.01605332254723743
18.1999684 0.19606003775420316 0.015719774753875548
18.300038 0.19170504254638887 0.015370598325546615
18.3999415 0.18757355038739404 0.015039342007937296
18.5000188 0.18338569394091556 0.014703566493486258
18.6000599 0.17954656735387567 0.014395751571632868
18.7000172 0.17542314503868459 0.014065142280966657
18.8000438 0.17161090435916285 0.013759483027423245
18.8999787 0.16828927388829648 0.013493160101977876
19.0000082 0.16492382450973583 0.01322332384782562
19.0999693 0.16177444495355137 0.012970811720393783
19.199813 0.15876470388590955 0.012729495579721951
19.300219 0.15610226034179703 0.012516025189285579
19.3999583 0.15349884231316402 0.012307287368620686
19.4999571 0.15105924531978446 0.012111684451955755
19.5999562 0.1489512478905825 0.011942668648692742
19.7000347 0.14705639070933627 0.011790742083640776
19.7998592 0.14515116416079718 0.011637984119594654
19.900215 0.1435395266982405 0.011508765650668006
19.9998609 0.1419528551617055 0.011381548909059576
20.1000805 0.14048323077395508 0.011263716817355088
20.1999759 0.13906923174858293 0.011150344676679911
20.2999599 0.13772022517288698 0.011042183524849352
20.3999185 0.13642603841614495 0.010938417736887309
20.5001795 0.13510839847988668 0.010832771511159967
20.6000438 0.13408299519009442 0.01075055634415268
20.6999404 0.13304566722071884 0.010667385075742936
20.7998915 0.13198185453348804 0.010582090305757486
20.8999558 0.13094303455057535 0.01049879941013048
21.0001587 0.12996123909344448 0.010420080648177447
21.0999809 0.12901988533361333 0.010344604435698027
21.2001323 0.12805983836077192 0.010267629431821267
21.2999414 0.12718813555354022 0.01019773771936948
21.3999463 0.12625922550890334 0.010123259223723109
21.4999126 0.12539390792032504 0.010053879467711477
21.6001692 0.12455310387840136 0.009986465167976627
21.6999413 0.12370521238250289 0.009918482607716382
21.8000181 0.1228530186541089 0.009850155101456218
21.9000033 0.1220930014512849 0.009789218159005754
22.0000397 0.12141738859019845 0.00973504861931396
22.0999566 0.12062518610297782 0.009671531113139752
22.2000602 0.11991440361798865 0.009614541730239411
22.3000183 0.1192443229072387 0.009560815749358431
22.3999376 0.11862114486586596 0.009510850348177483
22.4999704 0.11799034397906301 0.009460273759655557
22.6000658 0.11739216122324286 0.009412312439792233
22.7000032 0.11682011099608382 0.00936644638354819
22.8001061 0.11625245551340108 0.009320932690764132
22.899896 0.11570097563563739 0.009276715931657882
23.0000877 0.11518573724658361 0.009235404956136041
23.0999827 0.11467298570045598 0.009194293371632864
23.1998696 0.11417232873919098 0.009154151511260929
23.3001361 0.11363037492590485 0.009110698536501522
23.4000201 0.11324548154561352 0.009079838411655362
23.5002679 0.10683621472937145 0.008565953828938279
23.6000128 0.10669666954828713 0.008554765323418432
23.6999656 0.1063585430733599 0.008527654892934675
23.7998891 0.10600613136984556 0.008499399096070963
23.9000987 0.10578711800943826 0.008481838961261602
24.0000261 0.10535815034740433 0.008447445032232962
24.099701 0.1054241022261809 0.008452732946541449
24.2002551 0.10475457510304138 0.008399051351414152
24.3001078 0.10470911192795196 0.008395406188023447
24.4000094 0.10444933620844418 0.008374577793599144
24.5000002 0.10407239247983831 0.008344355058887653
24.6000226 0.10409076808705431 0.008345828385169285
24.7000675 0.10376117289280504 0.008319401978886259
24.8000247 0.10364473270862078 0.008310065994416178
24.8999836 0.10343923925382915 0.008293589863636435
24.9999344 0.10338280122108896 0.008289064754020062
25.1001246 0.10319829380106585 0.008274271249354832
25.1995125 0.10319334307389678 0.008273874308107363
25.299952 0.10303880577704914 0.008261483759144175
25.4001937 0.10282733094886923 0.008244528051580399
25.5000108 0.10293622476729875 0.008253258980725419
25.60008 0.10295304883828149 0.00825460790735688
25.6999662 0.10299066838900084 0.008257624181710511
25.7998735 0.1028885379221808 0.008249435527090686
25.9000672 0.10280834819205036 0.008243006045031698
26.0000478 0.10287936012556798 0.008248699666294457
26.1000797 0.10295118738479428 0.008254458659045652
26.1998746 0.10295777478295126 0.008254986825909373
26.30004 0.1026305047789924 0.008228746849599755
26.4001198 0.10304228251635666 0.008261762518443712
26.4999314 0.10295693150407076 0.008254919213181111
26.6000958 0.10332088268393574 0.008284100226478972
26.6999135 0.10342507731682048 0.008292454382574586
26.7999549 0.1031089610691645 0.008267108696293417
26.899921 0.10339006626142119 0.008289647253130583
27.00004 0.10344525800889111 0.008294072437622223
27.1000668 0.1037207452542746 0.00831616055662189
27.1998703 0.10396055065856401 0.008335387763672198
27.3000462 0.10411308109127156 0.008347617405534656
27.3999198 0.10414963861180641 0.008350548528036473
27.4999706 0.10431516727443108 0.008363820346820023
27.5999456 0.10449748701293282 0.008378438446741158
27.7000859 0.104763780040802 0.008399789388343442
27.799945 0.10468666704137151 0.008393606593544828
27.9000179 0.10471007130168435 0.008395483109048
28.0000451 0.10495171629684383 0.008414857811500472
28.0999534 0.10537428594913577 0.008448738758520287
28.2000573 0.10535996419706534 0.008447590463746877
28.2998298 0.10543894655234592 0.008453923140455313
28.4000473 0.10552632080841366 0.008460928666111665
28.4999814 0.10562458285311281 0.00846880715694141
28.6001535 0.1060222273643231 0.008500689646713125
28.6999553 0.10592396704317031 0.008492811294074523
28.7999817 0.10617696145598567 0.008513095974364305
28.9001617 0.10624826608649268 0.008518813063595329
28.9998728 0.1064098951287645 0.008531772217165333
29.1000668 0.10671246846164825 0.00855603205458016
29.1997711 0.10667837153339013 0.00855329821836266
29.3003012 0.10711820507516637 0.008588563355945619
29.3999014 0.10706191062749261 0.0085840497587462
29.4998967 0.10728373188002213 0.008601835025776284
29.5997869 0.10741915985868809 0.008612693420706669
29.7002838 0.10756672841406795 0.008624525227320084
29.7999416 0.1078252340576139 0.00864525178912072
29.8997591 0.1077803336111899 0.008641651744398609