photon_energy_eV    total_yield    yield_error
5.09999913 3.3598608264206885e-05 5.662934336281826e-05
5.2000064 8.729451214911525e-06 1.4362830972371217e-05
5.30001283 1.2916215683238316e-05 1.671365106590756e-05
5.39998076 4.09345674208265e-06 1.1694501754219143e-05
5.50001283 3.0048106066984413e-05 2.7416224720045282e-05
5.59999511 1.5051218920256626e-05 1.4974328648547837e-05
5.70000046 3.237243556948088e-05 2.4575544018178793e-05
5.80000087 3.889093562983572e-05 2.0335700959503323e-05
5.89998665 2.5309888950121153e-05 1.6147557342002986e-05
6.00002763 4.2544659862461165e-05 2.171616717572975e-05
6.0999877 4.755525327908221e-05 2.2422393518257785e-05
6.20000987 3.3782450862305494e-05 2.2453884401728755e-05
6.29999544 6.163323528218242e-05 2.7715797813837792e-05
6.39999718 5.87653407552452e-05 2.5631812270297162e-05
6.50000912 8.39832224231894e-05 2.788833111490763e-05
6.59999856 7.304571327502629e-05 2.6910376945540335e-05
6.70000037 9.730783518648706e-05 2.7613945188845074e-05
6.7999758 6.466502948531582e-05 2.611393621414522e-05
6.89998709 8.359460897371367e-05 2.5467713081371198e-05
7.000024 0.0001226304122885203 2.901430950518794e-05
7.10000431 0.00011849475355455538 2.7514783203081367e-05
7.19999617 0.00012868211483436885 2.744135509155145e-05
7.29999579 0.0001351302409937392 2.760407780863117e-05
7.40001911 0.00016749203440776084 3.162592246662708e-05
7.49998913 0.00018183790737100094 3.4594019676237264e-05
7.5999966 0.00021794808846909466 3.6696918381914186e-05
7.69998836 0.0002675591429527913 4.505015896326975e-05
7.80002553 0.0003439164322265638 5.790678565830579e-05
7.89999762 0.0004376682239164626 7.369220443379688e-05
8.00000234 0.0005711460990223893 9.616648591504098e-05
8.1000026 0.0007285804350548351 0.0001226744265006853
8.19998988 0.0009582636449644053 0.0001613472410546095
8.30000458 0.0012404274032578946 0.00020885644602705242
8.39996885 0.001595226428821526 0.00026859558379396846
8.50004958 0.0019887512649084814 0.0003348551637360378
8.59998675 0.002470948968200431 0.0004160450006643866
8.69999431 0.0030415573089396146 0.0005121209417530583
8.80001327 0.00368869239128436 0.0006210820410023682
8.9000086 0.004420646963514699 0.0007443245864409556
8.99999866 0.005211707445473252 0.0008775190647476887
9.09996657 0.0060906808967799726 0.0010255158525563875
9.20002188 0.007089888845535014 0.0011937570736636016
9.29999032 0.008139833817466854 0.0013705411198606735
9.40002475 0.009326808984748462 0.0015703975679766144
9.4999996 0.010603874505200507 0.0017854229416863312
9.59998474 0.01210598918992209 0.0020383408744504864
9.70000524 0.013741000738390803 0.002313635261150976
9.80002039 0.015524870419971068 0.0026139935738516856
9.89998878 0.017456184425677083 0.0029391777630550305
10.0000154 0.019500999076552568 0.0032834725759914632
10.0999829 0.021694606283285 0.003652820273385256
10.1999796 0.02397202989588111 0.00403628052311502
10.3000166 0.02622964862085756 0.004416406133162248
10.3999934 0.02835200770489904 0.0047737574576508235
10.4999928 0.030484360710159274 0.005132791504451195
10.5999963 0.0325398914953918 0.005478890642034989
10.7000236 0.034661797583580345 0.005836165693535996
10.8000025 0.03681996640059368 0.006199546466859736
10.9000129 0.039068467989140175 0.006578136982867844
10.9999941 0.04156106511437586 0.006997826982932874
11.0999938 0.044212322895595964 0.007444231404693358
11.2000138 0.04697291028361554 0.007909044153343188
11.2999014 0.04981141742307739 0.0083869766076032
11.4000891 0.05282936483476551 0.008895122242765915
11.4999617 0.055915059630184574 0.009414674815373348
11.6000601 0.058857749737098126 0.009910149033271736
11.6999809 0.06168858324816398 0.010386789443555037
11.8000223 0.06409817385830878 0.010792503256304764
12.0000177 0.07508882057155067 0.009030749147861325
12.0999887 0.08126870300791367 0.009773988522528143
12.1999852 0.0870602078459548 0.010470518671528657
12.3000162 0.09281393165858562 0.011162504988831815
12.4000047 0.10033692589031207 0.012067277140403863
12.4999978 0.10593961382806645 0.012741098741735263
12.5999948 0.10853365949743024 0.013053078281962532
12.6999966 0.10957369176409429 0.013178160423810464
12.8000185 0.11304223167329239 0.013595313251500254
12.8999557 0.11524581125486362 0.013860332388530874
12.9999741 0.12064778338538798 0.01451001438970198
13.1000129 0.12472491793641723 0.01500036140930044
13.1999658 0.12993244396003373 0.015626657851863797
13.300068 0.13654429285626207 0.016421848778168276
13.4000419 0.14220578739791578 0.01710274290619553
13.499996 0.1465349837370628 0.017623404781732945
13.5999864 0.15047130078351523 0.01809681602381111
13.6999966 0.1538055562737421 0.018497818792238215
13.7999634 0.15559831259945106 0.01871342921916312
13.9000103 0.15816292938025456 0.019021869418803256
13.9999808 0.16192262506821964 0.019474038841253514
14.1000188 0.16377609644751848 0.019696951319459755
14.1999642 0.16568573598684244 0.019926619005157915
14.3000165 0.16694537562219497 0.020078112789145806
14.4000144 0.16820239046557564 0.020229290895810728
14.4999088 0.17047781874064744 0.02050295109981598
14.6001014 0.1723291788332011 0.02072560965871932
14.7000106 0.1742548385096841 0.02095720404720621
14.79999 0.17649797284053836 0.021226980337374433
14.8999779 0.17885816159294338 0.021510834477076413
15.0000206 0.18141203145052537 0.02181798217049545
15.1000184 0.18296063626854825 0.022004229091598805
15.1999989 0.18458340002600684 0.022199394927315794
15.3000115 0.18641003135553175 0.022419079418256032
15.3999923 0.18726434149879015 0.022521825213695557
15.5000122 0.187427905875024 0.022541496701941756
15.6000472 0.1870587003579145 0.02249709325568114
15.6999314 0.1869350514261793 0.02248222230050562
15.8000218 0.18640619502864963 0.022418618032586924
15.8999711 0.18556419544491132 0.022317352798089083
16.0000633 0.1845385192934739 0.02219399723117418
16.1000045 0.18397733526479165 0.02212650499797301
16.2000224 0.18303084240985473 0.022012672612830762
16.2999882 0.18195835783310998 0.021883687510870033
16.3999864 0.18012342560886052 0.02166300469158491
16.5000178 0.17840546270208527 0.021456389486574013
16.599971 0.17308472830179117 0.020816477748905073
16.7000257 0.15047050264129538 0.018096720033194708
16.7999562 0.15151136589022746 0.018221902115251466
16.8999696 0.15195711051268684 0.018275510732869895
17.0000945 0.15274833397204637 0.0183706692468403
17.0999553 0.15362714237360897 0.018476361388002408
17.1999325 0.15254115610651017 0.018345752470702314
17.3000829 0.1522106795593443 0.018306006863113993
17.3998477 0.15073400152968217 0.01812841040126346
17.5000942 0.1480448238788088 0.017804989569850466
17.5999583 0.1464063518734829 0.017607934541508496
17.7000983 0.14396840631964763 0.017314728781113706
17.8000121 0.14196930624031834 0.01707430189465475
17.8999868 0.13892442957723256 0.016708102011353847
18.0000054 0.1363429166375022 0.01639762975192545
18.0999968 0.13348007309139737 0.01605332254723562
18.1999684 0.13070669183612088 0.015719774753873796
18.300038 0.1278033616975785 0.015370598325544925
18.3999415 0.1250490335915818 0.015039342007935585
18.5000188 0.12225712929392997 0.014703566493484609
18.6000599 0.11969771156923693 0.014395751571631246
18.7000172 0.11694876335911 0.014065142280965092
18.8000438 0.11440726957276248 0.01375948302742171
18.8999787 0.11219284925885159 0.013493160101976346
19.0000082 0.1099492163398112 0.013223323847824096
19.0999693 0.10784962996902261 0.012970811720392385
19.199813 0.10584313592392731 0.012729495579720461
19.300219 0.10406817356118594 0.01251602518928413
19.3999583 0.10233256154209759 0.012307287368619274
19.4999571 0.10070616354651171 0.0121116844519544
19.5999562 0.09930083192704388 0.011942668648691404
19.7000347 0.09803759380621348 0.011790742083639491
19.7998592 0.09676744277385407 0.011637984119593367
19.900215 0.0956930177988165 0.011508765650666745
19.9998609 0.09463523677445969 0.011381548909058297
20.1000805 0.09365548718262617 0.01126371681735382
20.1999759 0.09271282116571175 0.011150344676678685
20.2999599 0.09181348344858083 0.011042183524848093
20.3999185 0.0909506922774202 0.01093841773688613
20.5001795 0.09007226565324795 0.010832771511158787
20.6000438 0.08938866346005248 0.010750556344151422
20.6999404 0.08869711148046919 0.010667385075741729
20.7998915 0.08798790302231553 0.010582090305756303
20.8999558 0.08729535636704057 0.010498799410129317
21.0001587 0.08664082606228671 0.010420080648176292
21.0999809 0.08601325688906591 0.010344604435696868
21.2001323 0.08537322557383827 0.0102676294318201
21.2999414 0.0847920903690171 0.010197737719368312
21.3999463 0.08417281700592588 0.010123259223721948
21.4999126 0.08359593861354032 0.010053879467710313
21.6001692 0.0830354025855915 0.009986465167975495
21.6999413 0.08247014158832577 0.009918482607715245
21.8000181 0.0819020124360633 0.0098501551014551
21.9000033 0.08139533430084736 0.009789218159004642
22.0000397 0.0809449257267894 0.009735048619312812
22.0999566 0.08041679073530913 0.00967153111313862
22.2000602 0.07994293574531669 0.00961454173023832
22.3000183 0.07949621527148336 0.009560815749357337
22.3999376 0.07908076324390167 0.009510850348176404
22.4999704 0.07866022931936634 0.009460273759654475
22.6000658 0.07826144081548597 0.009412312439791118
22.7000032 0.07788007399738005 0.009366446383547089
22.8001061 0.07750163700892504 0.00932093269076305
22.899896 0.07713398375708252 0.009276715931656793
23.0000877 0.07679049149771315 0.009235404956134927
23.0999827 0.0764486571336282 0.009194293371631768
23.1998696 0.07611488582611825 0.00915415151125984
23.3001361 0.07575358328392753 0.009110698536500438
23.4000201 0.07549698769706675 0.00907983841165429
23.5002679 0.07122414315290576 0.008565953828937252
23.6000128 0.07113111303218289 0.008554765323417406
23.6999656 0.07090569538223145 0.008527654892933655
23.7998891 0.07067075424655511 0.008499399096069931
23.9000987 0.0705247453396168 0.008481838961260556
24.0000261 0.07023876689826097 0.008447445032231932
24.099701 0.07028273481744542 0.008452732946540425
24.2002551 0.06983638340201914 0.008399051351413138
24.3001078 0.06980607461862613 0.008395406188022425
24.4000094 0.06963289080562085 0.008374577793598112
24.5000002 0.06938159498655025 0.008344355058886616
24.6000226 0.06939384539136093 0.008345828385168251
24.7000675 0.06917411526186139 0.008319401978885222
24.8000247 0.06909648847240511 0.00831006599441513
24.8999836 0.06895949283587746 0.008293589863635396
24.9999344 0.06892186748071734 0.008289064754019025
25.1001246 0.06879886253403536 0.008274271249353805
25.1995125 0.06879556204925583 0.008273874308106315
25.299952 0.06869253718469076 0.008261483759143132
25.4001937 0.06855155396590404 0.008244528051579344
25.5000108 0.06862414984485708 0.008253258980724366
25.60008 0.06863536589217886 0.008254607907355821
25.6999662 0.06866044559265842 0.008257624181709453
25.7998735 0.06859235861477833 0.008249435527089618
25.9000672 0.06853889879469138 0.008243006045030633
26.0000478 0.06858624008370302 0.00824869966629338
26.1000797 0.06863412492318728 0.00825445865904458
26.1998746 0.0686385165219585 0.00825498682590829
26.30004 0.06842033651931931 0.008228746849598678
26.4001198 0.06869485501089546 0.008261762518442633
26.4999314 0.06863795433603812 0.008254919213180022
26.6000958 0.06888058845594802 0.008284100226477874
26.6999135 0.06895005154453787 0.00829245438257349
26.7999549 0.06873930737943387 0.00826710869629232
26.899921 0.06892671084093836 0.00828964725312949
27.00004 0.06896350533925155 0.008294072437621118
27.1000668 0.06914716350284053 0.008316160556620784
27.1998703 0.06930703377236669 0.00833538776367108
27.3000462 0.06940872072750501 0.00834761740553353
27.3999198 0.06943309240786166 0.008350548528035354
27.4999706 0.06954344484961132 0.008363820346818894
27.5999456 0.06966499134194568 0.008378438446740012
27.7000859 0.06984252002719184 0.008399789388342299
27.799945 0.06979111136090475 0.008393606593543674
27.9000179 0.06980671420111334 0.008395483109046852
28.0000451 0.06996781086455292 0.008414857811499315
28.0999534 0.07024952396608078 0.008448738758519116
28.2000573 0.07023997613136718 0.008447590463745708
28.2998298 0.07029263103488761 0.008453923140454154
28.4000473 0.07035088053893258 0.00846092866611048
28.4999814 0.07041638856873203 0.008468807156940228
28.6001535 0.07068148490953882 0.008500689646711933
28.6999553 0.07061597802877032 0.008492811294073335
28.7999817 0.07078464097064718 0.008513095974363111
28.9001617 0.0708321773909852 0.008518813063594135
28.9998728 0.07093993008583309 0.00853177221716414
29.1000668 0.07114164564108881 0.008556032054578956
29.1997711 0.07111891435558322 0.008553298218361436
29.3003012 0.07141213671676737 0.00858856335594439
29.3999014 0.07137460708498497 0.008584049758744985
29.4998967 0.07152248792000455 0.00860183502577506
29.5997869 0.07161277323911522 0.008612693420705444
29.7002838 0.07171115227603503 0.008624525227318847
29.7999416 0.0718834893717323 0.008645251789119483
30.0000268 0.07961803777023718 0.008928269329954216
30.5001427 0.07975688016233688 0.00894492948748884
31.0000875 0.07968261896589983 0.008937036961867978
31.4999031 0.07973193329144708 0.00894244783950409
32.0000266 0.07949772758589077 0.00891557781046157
32.500053 0.07907986975402238 0.008867651702622041
32.9995733 0.07888913978633116 0.008844840099969825
33.5003766 0.07838704920489754 0.008786842987066279
34.000265 0.0779537335337625 0.00873649219624956
34.5000216 0.07733196619108942 0.008664963944145917
34.9998684 0.07658840267387494 0.008579675448298699
35.5001952 0.07618362938536091 0.008532062051885073
35.9997782 0.07560237822275225 0.008464945895915753
36.500119 0.07478069738663523 0.008370897579440047
37.0001276 0.0739840162650777 0.00827992597576079
37.5001164 0.07334179993735572 0.00820579625593336
37.9991672 0.07259065396679679 0.008120948940554361
38.5001702 0.07170136010622609 0.008019203524511449
39.0007598 0.07127615307481466 0.00796905522097284
39.4997441 0.07061037509011912 0.007891861037996223
40.0001537 0.06964666428763523 0.007782422323961371
40.5002658 0.06873796805825745 0.0076773790038077005
40.999714 0.06802720174170569 0.007595804297202618
41.4998099 0.06699264246724926 0.007477927672199765
42.0000139 0.06593075100228594 0.015916255598620133
43.0001465 0.06575048856949343 0.015127991274505525
43.999805 0.0633322797806119 0.014133227409926386
44.9999541 0.06108620988490057 0.013260432527167727
45.9999233 0.060786875768950324 0.012760006339030312
47.0000736 0.06037692428623957 0.0122952805547399
47.9998748 0.05938159658047235 0.01184286452019537
48.9999496 0.05913896827223378 0.011598543956078124
49.9997872 0.058161196583846116 0.011368585751071112
51.0002413 0.05804511502493716 0.011335441852681257
51.9998629 0.05719118130939289 0.011091866818265258
53.0000247 0.05515510143065176 0.010523345220272496
53.9997836 0.05426577787661899 0.010113440933494675
55.0000322 0.05298164660660608 0.00971599466675268
55.9999436 0.05210869391651236 0.009418600308072697
57.0000484 0.050923254623817374 0.009109520059405794
57.9999762 0.04958632434649633 0.00879730151768836
58.9998539 0.04868759816521022 0.008569235149905074
59.9996755 0.04761215900211556 0.00832418734516363
61.0002929 0.04673328172478046 0.008122590787675984
61.9999276 0.04573141777330261 0.007911762264290807
62.999738 0.044884152746950436 0.007732758052150233
63.9998766 0.044079635561609154 0.007567743843724451
64.9999794 0.043393575732148866 0.007426786787271791
66.0001819 0.04256069271607075 0.007267610180969195
66.9998384 0.04190957800560706 0.007141277610595704
67.9998697 0.0410684940827395 0.006987557893086139
68.9999835 0.040583700458670616 0.006890957535701665
69.9998166 0.03978680804970688 0.00674414407805769
71.9999196 0.04198621678388981 0.0061710244577126575
72.9996914 0.040333376631375706 0.006056482066912164
74.0000928 0.03926200528405016 0.005958448186990746
74.9997972 0.0388807154683419 0.0058768673691100524
76.0002395 0.03762840064914746 0.00577375795347188
77.0001504 0.03678357705883442 0.005686402718762943
78.0000988 0.036020989696601606 0.005595223664339402
78.9999278 0.03522644060005117 0.005498087944542674
79.9999329 0.034522621596435626 0.005410273259008426
81.0000267 0.033813427239474114 0.005315923649074331
81.9997105 0.033143426960734794 0.005226378653017878
82.999529 0.03248546616273526 0.005139486399253083
84.0001079 0.03183413606451686 0.00505331429882125
85.0001831 0.031219017551899948 0.004969561008298377
85.9995933 0.03062545803660436 0.004887806377078171
87.0003697 0.03004627652678777 0.004806914219505035
88.0000031 0.029464498977857235 0.0047233527993999535
88.9999424 0.02893009786294145 0.0046472611871165425
90.0001417 0.028392754515605873 0.004571938245936065
90.9997924 0.02787504584527594 0.0044980415037222015
91.9997106 0.027396240291075947 0.0044286106409562025
92.99999 0.026931228949227688 0.004360927288271796
94.0001244 0.026464893787920364 0.004292880569762396
94.9998244 0.026022614816305707 0.004226708014544695
95.9990371 0.02560804988001213 0.004163432088455616
97.0007438 0.02520994608500428 0.004102285892437236
97.9997244 0.02481838220740997 0.004041674951677684
98.9999853 0.024445680264131103 0.003982936399729787
99.9995894 0.024090202061309317 0.003924679170327598
100.000772 0.02268328568740344 0.0037673655206327764
100.999882 0.022273685611564543 0.003699766538638845
102.000088 0.022233268555847722 0.0036938052623188334
102.999811 0.022229576382175476 0.0036940716484082235
103.999927 0.021781142186060743 0.0036203184269876826
104.999881 0.02131199991413539 0.0035431310395102784
105.999763 0.020716594183503325 0.0034449765550767877
106.999484 0.02038020618246484 0.0033898092759321076
108.000486 0.020560852610435082 0.003420525881684576
108.999375 0.020108784960794105 0.003345791032354251
110.000202 0.020290628672943862 0.0033765931902895556
110.999666 0.019745158505240994 0.003286297338358869
111.999147 0.01904925781093071 0.003170842682354889
112.999462 0.018676313553152656 0.003108981568978585
114.00039 0.018357022536656293 0.0030559487429339593
115.000666 0.018018783786376752 0.0029996578280531484
116.000105 0.017714450589211127 0.0029488821412493108
116.999802 0.01747032321849957 0.002908110524166553
117.999592 0.017188351066613643 0.0028609159679629345
118.99987 0.016861642553122183 0.002806158585330933
120.000224 0.01652143478338187 0.002749043523247273
120.999361 0.016193077555685293 0.0026938411519324646
121.999745 0.015887575220457244 0.0026423802197229644
123.000376 0.01560694321358136 0.0025949769505072403
123.999089 0.015348363680112796 0.0025511458968371747
125.000005 0.015105081212959278 0.002509827867125702
126.000266 0.014873940284625648 0.0024704423888088117
126.999867 0.014650935480399366 0.0024322980681814044
127.998632 0.014439003437836004 0.002395923900033934
129.000489 0.01422543072700413 0.0023592379480796735
130.000118 0.014013877596975591 0.002322820088607386
131.000496 0.013805039102997678 0.0022866946718773733
131.998878 0.013598912336809824 0.0022509516478625524
133.000392 0.013383098951947503 0.002213432652273228
133.998465 0.013177170037584219 0.0021774223596141003
135.000856 0.012974159669361088 0.002141787740196665
136.000511 0.012774999841507597 0.0021066590072421447
136.99913 0.012572863752475797 0.0020708750202731514
137.999433 0.012372677218159944 0.002035197220951122
139.00146 0.01217448115855561 0.0019995907188576334
139.998905 0.011987893678664168 0.0019654870882778045
140.998955 0.011814711120341923 0.0019330923153273948
142.000297 0.011657299479605575 0.0019027708096678712
142.99944 0.011502685757189261 0.0018721384176017813
144.000075 0.011357677569346272 0.0018423412918457075
144.999495 0.011221268000202275 0.0018130760804232957
146.000662 0.011103977502063267 0.0017859989751962764
146.999182 0.010996723859036713 0.0017596878733560552
147.999355 0.010907657258302925 0.0017353843932219773
149.000981 0.010841024777306443 0.0017134990170250665
149.999394 0.010777632366868822 0.0016910849286322716
150.968188 0.010683088204227718 0.0016569235664360801
152.025829 0.010631559975876496 0.0016376600148685335
153.002063 0.010569501873766547 0.0016148468640707733
154.00496 0.01051460409920088 0.0015909737458459168
155.000469 0.010486392351065806 0.0015696750267728003
155.99833 0.010455509583555171 0.001547885727095262
156.997936 0.010454286443269189 0.001530078570734093
157.998524 0.01046316724751826 0.0015134665763526902
158.999038 0.010477320761800534 0.0014965168091000884
159.994472 0.010518508065753083 0.0014833230324228402
160.994525 0.01059317718496123 0.0014768063866549125
162.000884 0.010697483976977975 0.0014740833465564731
163.005399 0.010865935519720291 0.001475271113068453
164.003904 0.010965519939248203 0.0014613538592921117
165.003405 0.011058798181161174 0.0014404632160362632
166.001222 0.011222232739440719 0.0014244854875060137
166.999602 0.01137941979797231 0.0014068512681607755
167.99796 0.011597278477237336 0.0013994640011960316
168.998481 0.011812034947978682 0.0013910411181624175
169.998627 0.012012760387301587 0.0013812145560562546
170.996037 0.012245957872555387 0.0013792183014928942
171.991655 0.012422016900228561 0.0013780311928377944
173.006779 0.012607717811149919 0.0013714763934981951
174.005015 0.012846788852903135 0.001365303229458754
175.002211 0.013098005529203021 0.0013513286315298407
176.00275 0.013419311478830515 0.0013430306192877722
177.001773 0.013709940316808042 0.0013329260735608064
177.995003 0.014001502532070508 0.001332875998171719
178.999151 0.014193695207810095 0.0013227159824187927
179.998092 0.014373828077818927 0.0013140835261445714
180.994534 0.01458624506720898 0.0013141434038026639
181.994734 0.01469906331837566 0.0013070975856088632
182.998825 0.014858413377756197 0.0013129065477919383
184.007593 0.014995284460865989 0.0013076488405414685
185.003549 0.015214579887361636 0.0013121456427549016
186.002562 0.015342243429845201 0.001301149101021993
187.00302 0.015516876940179185 0.0012985384927010932
187.999013 0.015614186495363107 0.0012871968203476884
188.993285 0.015732321042237388 0.001284708125876954
190.00078 0.015849898366935095 0.001285284074347692
190.997035 0.015876791909971367 0.0012751565670527584
191.99588 0.015983871340365385 0.0012824985990465092
192.992191 0.01602111234442327 0.001285261988167663
194.007433 0.01604715061739452 0.0012800545177210879
195.002453 0.016181286660283387 0.0012863375077395206
196.005373 0.016279151133923066 0.0012819423991696475
197.003976 0.016413515209038394 0.0012815593292342072
197.99972 0.016474309384699348 0.0012681829600748422
198.994636 0.016593544331591555 0.0012693075521605795
199.999035 0.016686259952484517 0.001270176654918962
200.995363 0.01668769602702977 0.0012626806135405493
201.998202 0.01674925637136793 0.0012669302390246819
202.992082 0.01672176480851423 0.0012661266457326267
204.001133 0.016723093252449098 0.0012700883847610951
205.007499 0.016730038410736864 0.0012714677851053914
206.005539 0.01665336705229929 0.0012572289006389978
207.000313 0.016631765504261806 0.0012514822848880753
208.002806 0.016611439168359263 0.0012416416910603374
208.996209 0.016668778011831777 0.0012446268307313383
209.998039 0.016754316056136524 0.0012515817771049534
210.993698 0.016772393485912432 0.0012456035388315775
211.999736 0.016760079859629805 0.0012343675948831233
212.996925 0.016857207925207042 0.001242221347626801
213.988979 0.016769718862666694 0.0012276017354836354
215.012337 0.016851510862560204 0.0012310472726347337
216.006424 0.01700671184551798 0.001238352617702911
217.000754 0.017067680356817348 0.0012228974265003484
217.999773 0.01720070114492174 0.0012164246490663307
219.000685 0.01731327563806233 0.0012091377951127232
219.995972 0.017403002294824714 0.0012014975752651957
220.998639 0.017478987782484738 0.0011966147511562701
221.99551 0.017502553527218245 0.0011874339967909238
222.99704 0.01765769153433806 0.0012076239887805396
223.989287 0.017564183945700758 0.0011948947601186336
225.004561 0.01750498526760883 0.0011894271799010837
226.008062 0.017435138249822447 0.0011759684910290077
227.003182 0.017375760789511543 0.0011619554217349552
228.007425 0.017432772690379676 0.001168511095007255
228.99834 0.017256745193942623 0.0011396223991966387
229.995329 0.017212898984466513 0.0011440294615558799
230.998663 0.017030044799871524 0.001129902765940995
231.998408 0.016901106239830245 0.0011250881978948429
232.992503 0.01675938870708126 0.0011191504379371349
233.998824 0.016621167163845103 0.0011181624660083634
234.994067 0.016500491242733874 0.0011208975824711074
236.009612 0.01627791214435694 0.0011051174812033117
237.004288 0.016115722902793048 0.0010992998813480561
238.00886 0.015977212852319903 0.001095480109164132
238.995318 0.015772053461713863 0.0010824260998485253
240.001801 0.015539018253434449 0.0010656332351353548
240.999726 0.015355372333601076 0.001057582827198081
241.99106 0.015170635922558202 0.0010500284260489877
242.998014 0.014977210523850867 0.0010413745207920415
243.993522 0.014821214852236152 0.0010395413486622
244.997093 0.014551794508228692 0.0010198056705802727
246.004923 0.014474845344235316 0.001027909917129729
247.007001 0.014303459001635566 0.0010178563458331756
247.999323 0.014115386435654917 0.0010016898127264634
249.001078 0.01399264183520639 0.0009946905293142956
249.999135 0.013866350588246819 0.0009864835933302135
250.996562 0.013785569624805701 0.000964347678284175
251.99818 0.013809153570647987 0.0009585517539012964
253.003337 0.013856850879242311 0.0009562292977149813
253.992719 0.013863209035155387 0.0009462858462213865
255.002491 0.013900007967797477 0.0009403740949577299
255.998319 0.013937992536472668 0.0009354095151334222
256.999778 0.013911746303153028 0.0009185774692048846
257.997278 0.013876244378393614 0.0009012359110408765
259.000826 0.013447832139209012 0.0011978117365352566
260.002659 0.01464054026608657 0.0013003138249742614
260.998633 0.014589254304404341 0.0012954888734637517
261.999615 0.013531344818949293 0.0012037430564549553
263.002358 0.01297468171448448 0.0011553084793084372
263.999522 0.012607977318242482 0.0011232582559376329
264.999354 0.013073078123143681 0.0011630344010394944
265.99635 0.012771346137479553 0.0011366005767943044
266.998678 0.012764512647253564 0.0011356820096169405
268.000939 0.011927959069946164 0.0010631279556276535
268.998196 0.012024317879938821 0.0010712117976702212
269.998499 0.011439213905960595 0.0010204482130028326
271.001834 0.01156347516066495 0.0010310850464795094
272.000023 0.011800937159948512 0.0010515732857069363
272.999389 0.012708117158549899 0.0011299643675813079
273.996757 0.011644262207458784 0.001038221501628981
275.005033 0.011297965899159776 0.0010085648618115871
275.996541 0.011342353692511378 0.001012730832926619
277.005542 0.011436412739377318 0.0010213027470598322
278.004015 0.010392236276336583 0.0009316343886853319
279.000374 0.01054323710565918 0.0009453078394053232
279.995305 0.011168010295400467 0.0009999949898315914
280.998539 0.010351874322583046 0.0009304549161509631
282.000294 0.01135085830149357 0.0010178604032273406
283.001018 0.01003299809196101 0.000905552722911824
283.996104 0.010348513600667701 0.0009348671863148547
284.99652 0.010227754330169304 0.0009274583909705177
286.001495 0.007557430441866622 0.0006982440581527155
287.001024 0.006367949902733841 0.0005944223393079686
287.998772 0.0026720944615785808 0.00025969335373826163
288.99987 0.005384585126853116 0.0004930668239013198
289.996871 0.005646801802843093 0.0005227120201813989
290.99811 0.009188472576801594 0.0008590661903607182
292.0011 0.04482891156007647 0.004162064522036517
292.996981 0.09048794567321032 0.008419521486045366
293.997429 0.10707544394837716 0.009855578436325719
294.999626 0.23279484571817302 0.020866183609426554
296.003272 0.3233109441261662 0.028833664954925294
297.002467 0.462830885253777 0.04085514307595678
297.9903 0.40377573987250964 0.03569391215581311
299.002196 0.35378667915592255 0.03124340889551763
299.997117 0.3215196113862987 0.028363340689701488
300.993035 0.309819028818439 0.027288374137340213
302.001425 0.2901773427709024 0.025547878453885786
303.006289 0.271221365676157 0.02387518838058978
303.996959 0.2739148539846922 0.02407253073682296
305.001894 0.2703500597334865 0.023732388462050447
305.999143 0.2546921519718525 0.022355128941202847
307.001111 0.2561667241642139 0.022454443320069968
308.000057 0.25873768799140134 0.02264933923226458
309.005525 0.2589364391673976 0.022642103312400276
309.996534 0.2516605467593714 0.02199152998193352
311.001811 0.24256681998330523 0.021184265138708865
312.000141 0.24597643281006154 0.021455143178663715
312.997147 0.22333241781854304 0.01948091537589725
314.000572 0.20728959420021717 0.018077520479423678
315.001842 0.1831387822961281 0.015977745750015745
315.999126 0.16296251910156817 0.014223039425538259
317.000734 0.14700436691882693 0.012835171784326176
317.994877 0.13452507957976553 0.011750018948726688
319.005332 0.12540765331815065 0.010956880957162133
320.021773 0.11982952014377055 0.009532688935154483
324.997914 0.11232006859731714 0.008786966337277703
329.991361 0.11909363785770288 0.009498894302748457
334.97392 0.12048472824503215 0.009857937933592895
340.004279 0.11503733079871362 0.009369366348696291
345.013744 0.10779700199527364 0.008509960266768623
350.014005 0.1058321361195847 0.008263481411786797
355.007573 0.10297393579418238 0.008141690844737355
359.984993 0.10068815663700675 0.008112563413859776
364.977434 0.09922159062857228 0.008128224245141449
370.000382 0.099968292539649 0.008344446913207274
375.030918 0.09990495709730686 0.008403987545093859
379.990019 0.09707947366738735 0.008212879557890348
384.98852 0.09342911519116948 0.008004358547311926
389.973387 0.09120976254041882 0.008018051574831018
394.995284 0.08903521578972086 0.007896070360003742
400.028339 0.08730779753563608 0.007722945949401597
404.982413 0.08229702948072733 0.0068221865616175
409.977637 0.08405335069189325 0.0073326309162048174
414.977994 0.08130298500627192 0.006953089234437939
420.022719 0.08483149112532064 0.007643558800407779
425.022455 0.08060576779926923 0.007462311616857512
430.001391 0.07573987661944646 0.0071430447632937375
434.967556 0.07118425922154276 0.0068357034142886705
439.985649 0.06790296893385231 0.0066494657557996315
445.039605 0.06526986821762834 0.006442030196073421
450.013934 0.06370981640502699 0.0063688034393293005
454.971264 0.06304091870293738 0.006308742244488951
459.999029 0.06229115754134873 0.006247051845547449
464.985572 0.06157707307484534 0.006206282889606394
469.999982 0.06077779256598967 0.006138477681584114
475.012084 0.06002842954352872 0.0060608675036943034
480.015281 0.05907342924062807 0.005960922037099317
484.980987 0.05839264779005183 0.005914613805404661
489.98887 0.05764470241550585 0.005843269329378973
494.989705 0.05706385957246191 0.005785356298883726
499.999849 0.05650958384066466 0.005734699189290292
505.026234 0.05612108349840547 0.005686182552877433
509.99829 0.055952368185320324 0.005621127170655631
515.00579 0.05607823075889574 0.005536421132868278
520.003854 0.05649286366091799 0.005439338339872018
524.980818 0.057477110471913125 0.0053498736815953095
529.992298 0.05618922209261984 0.005272321835828079
534.993915 0.054861985572644274 0.005249084911366085
539.99795 0.05112313646186316 0.005022388272347769
545.022766 0.05204261810048933 0.005407145045996466
550.016041 0.06143344868975318 0.006857827129551184
554.98037 0.06300287310047076 0.006960698061908835
560.0076 0.06269051151705221 0.006986537111701713
564.960534 0.05718819511297765 0.006454707415655714
569.994689 0.05386992904767735 0.006160432946621565
575.01608 0.052433365337653304 0.006040026402879022
580.011993 0.05165074697225503 0.005960972010885345
585.034563 0.05069056752680065 0.005881239571702917
589.954237 0.04960494166076863 0.005801458414541426
595.004817 0.04877582102116572 0.005741178141560215
599.983494 0.047769302124805686 0.005676889128546865
604.998155 0.04687887504400559 0.005619383346323472
609.992359 0.04607561821475044 0.00555295101316438
615.059863 0.04537054671831487 0.005475368043186313
619.976137 0.044637801389817634 0.005399285860573695
624.978961 0.04366274993720332 0.005332680675018238
629.985786 0.04248738978654934 0.005278594086736594
634.981613 0.041469731694276604 0.0052290135673360395
639.993164 0.04030178939169963 0.00516739022858255
645.023654 0.03964417878645732 0.005111072613200918
650.018166 0.03912736147379435 0.005069630360255108
655.030761 0.03840409718204811 0.0050007157790818565
659.955106 0.03766103487624164 0.004924383694740255
664.968154 0.03708731060043788 0.004872353744652974
670.00028 0.036493524574863705 0.00481690510147158
675.009084 0.03592489772463647 0.004764028879997338
680.016143 0.035317904774424716 0.004698660447016334
685.002602 0.03473967237246571 0.004630013682479663
690.010623 0.034165672217156995 0.004561485299964454
694.990817 0.03370462252236698 0.004511205014408718
699.975068 0.03358298340332732 0.004520388256389737
705.001162 0.03333496289718745 0.004501278054269304
709.997499 0.032794958415496796 0.004426124222620483
715.046117 0.032536585016315095 0.004387325894733584
719.977036 0.03210303657735871 0.0043406667462983824
724.998944 0.031774013639307125 0.004294008084357597
729.979811 0.03150536154862642 0.004255269566348467
734.991741 0.03114508521342545 0.004206899656511845
739.998615 0.030850816419488798 0.004173521113968995
745.007445 0.030486070422476547 0.004134684932130432
750.007724 0.030086547930285232 0.0040998819499114365
755.005218 0.02977044035036093 0.004063214337683529
760.007226 0.029476865499750052 0.0040206087184598855
765.000096 0.029162401461093865 0.003971882658157624
769.994171 0.028889203409463993 0.00393500274740624
774.982777 0.028583716371995076 0.003899079039276353
780.004168 0.028330054086998506 0.003873549423823688
784.995516 0.028041193560895204 0.0038373373853851363
789.996147 0.02777538517587071 0.0038010317721913715
795.005417 0.027520508470178527 0.003763668785069561
800.006748 0.027329067433029916 0.0037338445693290644
805.003891 0.027090088955365695 0.0036942474101971396
810.003995 0.026814828974344042 0.003648674960892077
814.998978 0.026650961019854147 0.003623483097873845
819.990575 0.02643731271455319 0.0035889009515387626
824.999425 0.026266498920110008 0.0035615427501846735
830.008113 0.026068648581091747 0.003528823985018324
834.979533 0.025933374321716877 0.0035059516990772746
839.998614 0.025740891417561335 0.003473238593773644
845.00303 0.025561955321775458 0.0034441660001747975
850.022567 0.02537010281669687 0.003414279919252218
855.000316 0.02524205463987457 0.003392076340397415
859.994248 0.02510310582750697 0.0033679422729123954
864.999209 0.024944661057827923 0.0033421142121947502
870.015095 0.02477972089046799 0.0033142442519510235
874.992316 0.024638213004980945 0.003290872367544245
879.993536 0.024438832618467424 0.0032579023110074065
885.000099 0.024289823115184673 0.003233473120296685
890.002714 0.024127487675466214 0.00320676379585063
894.992614 0.023948523339637387 0.003177340110723874
899.994277 0.023825524323137066 0.0031565999659739054
904.99947 0.02365598480435877 0.0031280997089455165
910.010871 0.023496703463018485 0.003100691188092652
914.997969 0.02332674592829588 0.003071334723539693
919.983947 0.023164353539505095 0.0030428063570863166
925.004329 0.023040144580108605 0.003019846468890684
930.003333 0.022901879509104398 0.002993246464072932
934.992046 0.022800276352270124 0.0029715207101963805
939.996681 0.022641432919634608 0.0029379607604179845
944.985789 0.02252494940915869 0.002914492617151362
950.008504 0.02239639617392686 0.00288729041337122
954.988455 0.02228462084870768 0.002863564047962873
959.992557 0.022132375011097258 0.002832591395327722
965.009536 0.02200098205390658 0.002806444745919613
969.991877 0.02191639795028111 0.0027885003104001424
975.005576 0.02180854506171816 0.0027668175300411225
980.009732 0.02169475658148092 0.0027439060168799813
984.996415 0.02158086057908862 0.002720395715371166
989.987673 0.02141610320176189 0.0026878939696225873
994.989662 0.02128989873254465 0.0026615861810249724
1000.00379 0.021171383326190972 0.0026361672815395617
1005.01175 0.02109384937680889 0.0026169051093346157
1009.98542 0.021038307935226833 0.0026014030975445262
1015.0065 0.020927465237407947 0.0025762822527947847
1019.99367 0.02081233829624039 0.0025505309292442576
1025.00128 0.020752099008775317 0.002533415452179816
1029.98202 0.02064819724737576 0.002507285483122496
1035.00471 0.020531093857747484 0.002477961685546745
1040.00626 0.020485292562684974 0.0024589699414794904
1045.00488 0.020450250982419496 0.002441542599556415
1049.9823 0.02037903899227441 0.002416400477384609
1054.97422 0.02023594231462201 0.0023865993686379883
1060.0139 0.02014437305979846 0.002363071013084212
1064.98371 0.020101416697185452 0.0023465718927906647
1070.00982 0.019993322093316827 0.0023168593839197438
1075.00137 0.019921748811091544 0.002291853215262167
1080.01155 0.019917680165943565 0.0022758276128011087
1084.98148 0.019830537952694197 0.002247679111627453
1090.00979 0.019769894231319154 0.002223236051341265
1094.98442 0.01967274966966085 0.0021915621796807826
1100.01152 0.019609615418649785 0.0021658398107203716
1104.9938 0.019586750350537283 0.0021449960229225884
1110.00705 0.019549663533250158 0.002120782008857192
1115.02559 0.019508157593702807 0.002094133146433808
1119.9787 0.01947170201211814 0.002067812239285329
1125.00458 0.019459925857836492 0.002044247231510337
1129.96659 0.019499636673401037 0.002027765147750677
1135.0095 0.01949933736126991 0.002002626305752742
1139.99283 0.0195465216369234 0.001982549546352171
1144.97587 0.019588733170780328 0.0019593187381954044
1150.01333 0.019645113779837586 0.0019354883052334366
1154.97719 0.019765485103323342 0.0019184374101859334
1160.00598 0.019729377001447675 0.0018653558520680962
1165.01198 0.020038792424833404 0.0018367384922230359
1169.9839 0.020518512972807774 0.001820254179112724
1175.00268 0.020987065175686187 0.001789456473156132
1180.01633 0.02162002390533979 0.0017707701091259002
1184.99095 0.02237782753685321 0.0017552421037670253
1190.00003 0.023149489362214715 0.0017226316087863224
1195.01013 0.02103966771096674 0.00183662442328877
1199.98194 0.020812075465400474 0.001817912964086399
1205.01529 0.020428036481179933 0.0017850567636804556
1209.99541 0.01991760866635516 0.001741299293925824
1215.00269 0.01995497808444365 0.0017448948981924862
1219.99179 0.02016724282676845 0.0017636468443141028
1224.99665 0.019990701362301466 0.0017488626744613064
1229.99627 0.019862527014906383 0.0017383169061585477
1235.01116 0.019953821236733612 0.0017467733850650312
1239.98563 0.01918297541925206 0.0016808322243697029
1244.99556 0.019573661700209466 0.001715289363804764
1250.00312 0.019236903781420605 0.0016869937104332425
1254.99114 0.019492364848067805 0.001710011282832503
1259.99048 0.02076417707967843 0.0018207884700291383
1264.99615 0.019939642204404074 0.001750540038139327
1269.98353 0.01936995112446199 0.0017023876484492215
1275.00561 0.019017274739148052 0.001673080420212577
1280.00998 0.018541071738869305 0.0016332021050554063
1284.99978 0.01900682529223791 0.001674764928597507
1289.99695 0.0189924072127471 0.0016749660293625466
1294.98524 0.019707814099479942 0.0017383193560147538
1299.99994 0.018729031248641406 0.0016554825976833549
1304.98818 0.019038822709842855 0.0016840611343993603
1310.00297 0.01935086782538302 0.0017130273211499556
1314.99156 0.018841231600212192 0.0016711956176458816
1319.99131 0.019182529937825748 0.0017030420103795023
1324.95844 0.01871763241690348 0.001665480482916565
1330.04729 0.019369216539200453 0.0017245801737347107
1335.00003 0.018953390181418627 0.0016917120071045723
1339.9955 0.0192114636463446 0.0017173548532922853
1344.9883 0.01930579616410214 0.001729147816365435
1349.98954 0.019402465280187884 0.0017415181653242884
1355.0048 0.021025164663153288 0.0018860590133588956
1359.98703 0.019642072272973307 0.0017715019816084165
1365.00604 0.020438070643223095 0.0018456734940475162
1369.96854 0.02141009531033765 0.0019354651368542113
1375.01639 0.02053155667722301 0.001866224856356744
1379.98721 0.019937296614537556 0.0018222926169949147
1384.99976 0.02185333690128006 0.001995776347604547
1390.00632 0.024321931822247112 0.0022180513584138953
1394.9686 0.02559989909138046 0.0023384669322047786
1400.03514 0.026241459136935142 0.0024052442347519197
1404.96922 0.024105544973050133 0.0022333478977000104
1410.02042 0.02785606977405981 0.0025713516746103168
1414.97447 0.02479571179079717 0.002322688412612702
1420.00676 0.030152525116167835 0.0028025331682646395
1424.97021 0.02744206920444352 0.0025885242970874285
1430.03338 0.030707110128039117 0.002892281995123298
1434.99051 0.03746351462126693 0.003501127557585889
1439.99202 0.03535449649935727 0.0033477601054971453
1445.00866 0.042096982467918403 0.003962324727145299
1449.94517 0.0390827901187883 0.0037386658622431098
1454.9896 0.035224230939002676 0.003449749607264738
1460.01491 0.04697066514362881 0.004508573561558083
1465.00203 0.05794649693423355 0.005509110365221651
1469.98222 0.06930180721192251 0.006550579321410737
1474.98056 0.06633340543385025 0.0063640001317423305
1480.04122 0.05154101180006035 0.00517937255783995
1484.98231 0.08023887320862343 0.007733101133063607
1490.00632 0.10243875022620828 0.009739965932290852
1495.00552 0.0 0.0