photon_energy_eV    total_yield    yield_error
5.39998552 5.4258073682513226e-06 1.1712251518659445e-05
5.59999767 2.2101653196908404e-05 2.3505128196507337e-05
5.6999978 2.214508170223837e-05 1.9662112702855687e-05
5.80000637 5.111068974192638e-05 2.7644931200965463e-05
5.89999802 2.590652000291533e-05 2.030505758394127e-05
6.00001586 4.764196086757035e-05 2.2218823815427154e-05
6.09999074 5.598976043622034e-05 1.825268099690089e-05
6.20000359 9.007898270744965e-05 2.640215110364755e-05
6.29998571 0.0001288211051351101 2.787091516328329e-05
6.40001391 0.00013145390513577524 2.6326927141103205e-05
6.49999531 0.00016228523902971556 3.018326351914296e-05
6.599995 0.00021506250212885303 3.063049359698046e-05
6.70001138 0.0002585973675307207 3.022524092184506e-05
6.79998713 0.0002898902371375786 3.0467740573167255e-05
6.90000265 0.0003358709554402795 3.0143410569070033e-05
6.99999197 0.00038783788364901055 3.142184443305696e-05
7.10001255 0.0004518776565284853 3.371486119500674e-05
7.19999617 0.0005126037545473682 3.61146159475161e-05
7.29999144 0.0005644326672517973 3.8451440425086404e-05
7.40001016 0.000636601066593524 4.2648406233996294e-05
7.49997075 0.0006722687083560537 4.524461278632825e-05
7.60001548 0.0008089245211623264 5.179644207708254e-05
7.70001258 0.0009141146653892723 5.853189769746868e-05
7.80001061 0.0010695071785303892 6.848187336956357e-05
7.89999252 0.0012173139404453748 7.794612396630668e-05
7.99999188 0.0013882459091356563 8.88911102830352e-05
8.10001333 0.0016355381750093408 0.00010472554129648997
8.19998988 0.0018988866983987518 0.0001215880744265589
8.29998207 0.002174570675001361 0.00013924046195111926
8.40000921 0.002531883533633997 0.00016211964820568974
8.50004367 0.0029074229845569444 0.00018616590580885925
8.59998675 0.0033400702262478396 0.0002138688462041536
8.70001905 0.0037876358694915826 0.00024252703038511595
8.79995632 0.004389412248146523 0.0002810595195419161
8.90002801 0.005104583864805183 0.0003268528466674271
9.00000528 0.005870585155466517 0.0003759008609688114
9.0999801 0.006788695560387384 0.00043468861083269234
9.20000805 0.007894801035119994 0.0005055139185768678
9.30001859 0.009149927898378056 0.0005858812509686754
9.39998865 0.010633312230150073 0.0006808641926506507
9.4999996 0.012279674470199934 0.0007862828122792258
9.60000733 0.014191667199738517 0.0009087100821622647
9.70001293 0.016364407755458873 0.001047833359302128
9.80001255 0.018865058590244056 0.0012079531389978246
9.89998077 0.021495576542016358 0.001376388471537779
10.0000317 0.024350738108221245 0.001559208013801312
10.0999745 0.027429849244628587 0.001756367325274104
10.2000221 0.03055443354640685 0.00195643834002029
10.2999906 0.03360914021338486 0.002152035002996036
10.399958 0.03648349961742091 0.002336083806666799
10.5000288 0.03926069985233881 0.0025139113880308685
10.6000055 0.041875672376695684 0.0026813513275401736
10.7000143 0.04456058874062655 0.002853269857993832
10.8000121 0.04723349448116869 0.0030244193333102192
10.8999934 0.04997656313496622 0.003200061427130952
11.0000138 0.05300696952505848 0.0033941021131876636
11.100024 0.05631036372512873 0.0036056225478703127
11.2000036 0.059864242635955946 0.0038331818297785048
11.2999014 0.06348373006270802 0.0040649421064717015
11.4000679 0.06735917018980496 0.004313091352557043
11.5000265 0.0713985505655195 0.004571737896436527
11.5999611 0.07532194563981243 0.004822957757368825
11.7000816 0.07891452070948979 0.005052994802403305
11.7999654 0.0799139526739161 0.005116989672754139
12.0000177 0.06626992654483171 0.004243345728721064
12.0999887 0.07322972936282073 0.004688990549837254
12.2000095 0.07894539190099219 0.0050549715231487805
12.3000285 0.08428263298934549 0.005396721700887355
12.3999921 0.09048810284509004 0.005794065645267125
12.499985 0.09475579842795212 0.006067331495513217
12.6000337 0.0965913654259686 0.006184865130857529
12.6999834 0.09666746243866296 0.006189737717121323
12.799965 0.09885963220263817 0.006330105070604095
12.9000373 0.10017375617551576 0.006414250061221335
12.9999741 0.10381394516577817 0.006647335884745189
13.0999849 0.10662798706273362 0.00682752248350066
13.2000228 0.10973262136687341 0.00702631607511269
13.3000536 0.11425558497560968 0.007315927054193949
13.3999979 0.11699897711243162 0.00749158986103462
13.4999514 0.11879671842658023 0.007606701470847213
13.6000318 0.1202718887595457 0.007701158459980745
13.7000272 0.12105525483291624 0.00775131836289256
13.7999478 0.12113580475919773 0.007756476074745524
13.9000103 0.12170073315719651 0.007792649141921925
13.9999808 0.1229795701216611 0.007874534661550808
14.100035 0.1233288191226888 0.007896897508984604
14.1999642 0.12352173041334341 0.007909249858593256
14.2999998 0.12380907487138754 0.007927648881231198
14.4000144 0.12311421448056419 0.007883156107130068
14.4999432 0.12346121718094258 0.007905375121142543
14.600084 0.123336070466598 0.007897361821543995
14.6999223 0.12289385833005194 0.007869046429047944
14.8000258 0.12189867034672434 0.0078053233060794746
14.9000142 0.12102285362401878 0.007749243673232425
15.000039 0.12001029870664742 0.007684408523900904
15.1000184 0.11815351661133368 0.007565516459519555
15.1999801 0.1166579170531825 0.007469751361716638
15.2999733 0.11481039637228505 0.007351452317206508
15.4000504 0.1144250096548061 0.007326775526891768
15.4999533 0.1130445113813302 0.00723838050734549
15.6000869 0.11151744044914053 0.007140600258363662
15.6999314 0.11011478068808134 0.007050786211234563
15.8000218 0.10918210509071531 0.006991065834002996
15.8999505 0.10751091040146048 0.00688405716180063
16.0000006 0.10595145299847505 0.006784203166857629
16.1000468 0.1047543600497343 0.006707551818112211
16.1999796 0.10311690040532746 0.0066027032427430155
16.3000099 0.10182578095239024 0.006520031260117781
16.4000084 0.09968137528597161 0.006382722301142446
16.4999734 0.09697868968079917 0.00620966598409604
16.6002187 0.08719330994441767 0.005583095962470955
16.6999574 0.08840473552670611 0.005660665047548927
16.8000024 0.088414996381546 0.005661322062832148
16.8999463 0.08781192628322228 0.005622706735197673
17.0000001 0.08752159988893259 0.005604116775477244
17.1000748 0.08749605776125577 0.005602481281309214
17.1999808 0.08628892614568619 0.005525187144254964
17.2999117 0.08581484147247538 0.005494830913638647
17.3999467 0.0845215495165586 0.00541201982294857
17.5001442 0.08290830496524636 0.005308721770074432
17.6000089 0.0817088982077178 0.005231922265277714
17.6999959 0.08003540139210545 0.005124766185064572
17.7999344 0.07887055297344009 0.005050179493639657
17.9000915 0.07705030026121867 0.004933626451040878
18.0000054 0.07538432164613659 0.00482695177054811
18.1000503 0.07391977299229452 0.004733174900724952
18.1999684 0.07213109021888715 0.004618643320530119
18.2999833 0.07064425483394889 0.004523439403626408
18.3999968 0.06896806778005787 0.004416111064114001
18.4999909 0.06753837558943977 0.004324566096935848
18.6000882 0.06625152388163764 0.004242167383333752
18.6999601 0.06451950217024875 0.004131263881334211
18.7999861 0.06310236466717792 0.004040522806397332
18.9000371 0.06207300870088652 0.0039746118650302665
18.9999787 0.0606894685386533 0.003886022069567693
19.1000289 0.05965868256134292 0.0038200195628184724
19.1999636 0.05846064875306969 0.003743307969668289
19.2999755 0.05750401667150971 0.003682053628990864
19.4000506 0.056574891441944726 0.0036225605862204857
19.4999881 0.05565644475966878 0.0035637513040997766
19.5999875 0.054834878343605106 0.003511145385786195
19.6999396 0.05421490601670361 0.003471447787456989
19.8000193 0.053427906738045865 0.0034210552458968334
19.9000208 0.05285212517272927 0.0033841872369333756
19.9998282 0.05222177422640626 0.00334382508270848
20.1001465 0.05163533103469328 0.0033062743965611317
20.1998759 0.05109203037292332 0.003271486180205206
20.300162 0.050490618173340676 0.0032329770098868515
20.3998845 0.049914643769374344 0.003196096653225074
20.5001795 0.04934631914588443 0.0031597061215110924
20.5996971 0.04886344685932873 0.0031287872090947984
20.7001505 0.04835150895411809 0.00309600718900565
20.8000329 0.047841815074935644 0.003063370856691007
20.8999915 0.04732284329346778 0.0030301404487664014
21.0001226 0.04681672030048199 0.0029977327647313077
21.0997626 0.04632867150040835 0.0029664823937232913
21.2001323 0.04583044526235182 0.002934580348717045
21.2999414 0.04537167064962873 0.002905204440294583
21.4000586 0.04489087199077891 0.002874418304836518
21.4999882 0.04443031614223049 0.0028449283416712
21.6000548 0.04401334385503713 0.002818229088086544
21.6999798 0.04359253285183876 0.002791284036746965
21.8000958 0.04320665449424052 0.0027665757661045837
21.8999641 0.04284805228228577 0.0027436140209549393
22.0000001 0.04252498999137578 0.002722927941103676
22.0999965 0.04220602708581476 0.002702504349989278
22.20002 0.041906604230751945 0.0026833319325843376
22.3000183 0.041644540091723754 0.0026665516401806035
22.3999376 0.04139639749619087 0.0026506627615026424
22.5000117 0.041172565423351834 0.002636330515795538
22.5998571 0.0409540900483126 0.0026223412661035787
22.7001295 0.04075212691772601 0.0026094093159383107
22.8000637 0.040577208853917704 0.0025982090949989525
22.899896 0.0404069341673356 0.002587306195272201
23.0000445 0.04023825700235839 0.0025765055868385307
23.1000263 0.040102691092702286 0.002567825133219645
23.1998696 0.03995790458398497 0.002558554273187433
23.300003 0.039823010314360585 0.002549916825514206
23.4001544 0.039708901356778174 0.0025426102871941646
23.4999971 0.03955408482546969 0.002532697192354398
23.5000422 0.038566402847590435 0.0024694546882400555
23.6000128 0.038503238657756934 0.002465410206691449
23.7000115 0.03846558687930042 0.002462999316539275
23.7998428 0.038365382897533294 0.0024565831310958716
23.900192 0.038308744798501465 0.002452956523249143
23.9997437 0.038245411866663886 0.0024489012369403743
24.1000332 0.038169186356215315 0.0024440204228057347
24.2001116 0.0380406336176452 0.0024357890312444682
24.2998665 0.03797099897771644 0.002431330238737541
24.400204 0.037912593334552436 0.0024275904528440776
24.5000002 0.03789741856142499 0.002426618793267979
24.5999237 0.03786565721285366 0.0024245850746594725
24.7001672 0.03771382829096153 0.002414863280162365
24.7999744 0.03766289792222166 0.0024116021453773682
24.9000343 0.037620671733317824 0.0024088983500411224
24.9997812 0.037590690445794786 0.00240697861095304
25.1001761 0.037646284440825496 0.0024105383635234087
25.1999276 0.037597054538015144 0.0024073861116844946
25.299952 0.03750388554992032 0.0024014203856260238
25.400141 0.03758947670383984 0.0024069008935477428
25.4999046 0.03767263469700666 0.0024122256031635704
25.6001336 0.037618145604560484 0.002408736598878392
25.7001821 0.037709949372578544 0.002414614908199233
25.7997103 0.03770224907641994 0.002414121848669548
25.8999576 0.03779082040646027 0.0024197931809707765
26.000324 0.03781463793923748 0.002421318247184792
26.0999127 0.037985299973803274 0.002432245949284171
26.1998185 0.03806272082489777 0.00243720330256543
26.3000965 0.038092792650423445 0.0024391288389143027
26.4001768 0.038215286772405224 0.0024469722897283485
26.4997592 0.03824555653600855 0.0024489105002982467
26.6003849 0.03826466560407622 0.002450134077667235
26.699797 0.03835303420316002 0.0024557924288534493
26.7998962 0.0383857220243845 0.0024578854706569634
26.899921 0.03846428731984218 0.0024629161041326247
27.00004 0.03853152602230797 0.002467221481787147
27.1000668 0.03851819329211298 0.00246636777050852
27.1998703 0.038545086509466135 0.0024680897766270853
27.3001071 0.03857849742974829 0.0024702291193616213
27.4000425 0.03858228508550121 0.0024704716476651677
27.499847 0.038583107789044745 0.0024705243263951652
27.6000079 0.03858778907657461 0.002470824075051614
27.7000232 0.03854537864637995 0.00246810848251662
27.8000713 0.03849660210617099 0.00246498526004832
27.9000179 0.038476213744382017 0.002463679767912994
28.0000451 0.03848717376406673 0.0024643815515898535
28.0999534 0.03847415993803339 0.002463548260140895
28.1999923 0.03844005562656846 0.0024613645187074747
28.2999607 0.038444426604168656 0.0024616443978336057
28.3999155 0.03842282701509128 0.0024602613493102062
28.4999814 0.038339591993903056 0.0024549317074944706
28.6001535 0.03841180241013627 0.00245955543015825
28.7000226 0.038354151730974874 0.002455863985547823
28.7999139 0.03840950686450578 0.0024594084435196036
28.9000935 0.03839178813105919 0.0024582738910037187
29.0000103 0.03836618457107221 0.0024566344632485464
29.0999284 0.0384535458920475 0.0024622283171660568
29.1999801 0.03844081923508471 0.0024614134135094575
29.3001609 0.03847611378693065 0.0024636733675131987
29.3999721 0.038538961354864586 0.0024676975753682136
29.4998256 0.03853849664140762 0.002467667819188216
29.6000733 0.03861785623721082 0.002472749312701819
29.6996351 0.038659199897374034 0.002475396598626372
29.8000867 0.03870804533569 0.0024785242327260617
29.9001243 0.03870724010513537 0.002478472672813251