photon_energy_eV    total_yield    yield_error
4.19999076 0.0004966542522744931 0.00020621468825739774
4.50000164 0.0005178436159040025 0.0010562160030595969
4.59998741 0.000172458182380392 0.0001730725918370174
4.90001097 9.597764705946903e-05 0.0001384098773089088
5.70000576 1.0117737332682852e-05 2.480810910770317e-05
5.79998988 1.2663641768741198e-05 2.2630573925906046e-05
5.90000087 2.0779741529805284e-05 2.0021462641361924e-05
6.00001881 3.847724299041389e-05 2.5586451150296133e-05
6.0999877 5.405903785967822e-05 2.7444878642490434e-05
6.20000673 9.845443478981601e-05 2.867738426686086e-05
6.29999868 0.00010992664123771533 3.074690687076087e-05
6.39999718 0.0001834436090810087 3.6068769506652186e-05
6.50000221 0.00021956452548007785 3.622610140704175e-05
6.599995 0.00024255935855804515 3.611151514309749e-05
6.70001505 0.00032918996813625863 4.1844058453040884e-05
6.79999091 0.00037048974788348485 4.494202744818863e-05
6.89997931 0.0004585014150350537 5.159937327033793e-05
7.000024 0.0005697628339515683 6.395571949092422e-05
7.10000843 0.0006291282643614424 7.061947252728783e-05
7.19999193 0.0006758079493488852 7.585925417165418e-05
7.30000015 0.0007708187117043813 8.652418579536815e-05
7.40001016 0.0008709373408156782 9.77624740404071e-05
7.60001076 0.0010929752046693808 0.00012268616244335846
7.69999804 0.0012447787710376322 0.00013972607050657037
7.80000067 0.0014267281597209597 0.00016014983873214962
7.89999762 0.0015872099248876927 0.00017816387219450847
8.0000128 0.0018066730661934376 0.0002027985487082461
8.09999724 0.0020625334636186973 0.00023151880708852023
8.20000636 0.002331007612858324 0.0002616549555983292
8.30001021 0.002684538528893416 0.000301338702501399
8.39996308 0.0030417332725570824 0.00034143371303577846
8.50003187 0.003442564293058104 0.0003864268834969521
8.59999883 0.003875569171990931 0.00043503156060999707
8.70002524 0.004416816330167588 0.0004957864034338599
8.79997531 0.005035955599765942 0.0005652846140798948
8.9000086 0.00574918975085445 0.0006453449489774876
9.00001852 0.0065794428373744905 0.0007385406267995749
9.09997334 0.007577982143070275 0.0008506263858737975
9.20002188 0.008765851246538022 0.0009839643620391167
9.29999032 0.010090687806385796 0.0011326768970517948
9.40000309 0.011674451191462137 0.0013104538961119844
9.49999223 0.013441205570591214 0.0015087715833104899
9.59998474 0.015561062278608994 0.0017467249086242005
9.7000283 0.017924675242273428 0.0020120398057732907
9.80002824 0.020528109359396633 0.0023042745606326903
9.89999679 0.023429011031126087 0.0026298999656826326
10.0000072 0.026456533734902945 0.0029697385463290076
10.0999912 0.029688428198847438 0.003332517800157759
10.1999711 0.03293865031665932 0.003697354328030765
10.3000253 0.036094084359172975 0.00405155092084024
10.3999846 0.03902463662139206 0.004380504596418014
10.4999838 0.04181619501042013 0.004693856248425545
10.6000147 0.044444015134660994 0.004988828325794915
10.7000049 0.047100540795918765 0.005287022591702905
10.8000216 0.04972138063604588 0.005581211134123796
10.8999837 0.05247253578680206 0.005890027533883438
10.9999842 0.05553785023691339 0.006234108227534758
11.0999938 0.05887874892543912 0.006609123175226328
11.2000548 0.062410487933559654 0.0070055598956630825
11.2999848 0.06608780450360628 0.007418337656897718
11.3999617 0.06997772984701753 0.007854980693752933
11.5000265 0.0738708747128616 0.00829198512110493
11.6000381 0.0776166655173759 0.008712449096095554
11.6999697 0.08082644189244212 0.009072745600605326
11.7999995 0.08106294262443646 0.009099292741930646
12.0000177 0.09603467402854045 0.007699903874256771
12.0999887 0.10434784968118781 0.00836644076900557
12.1999852 0.11184786322559473 0.00896777964927703
12.3000409 0.11910913495560861 0.009549976599405157
12.4000173 0.12833282229142365 0.010289516839119706
12.4999978 0.1345308266333526 0.010786462740460466
12.6000337 0.13628143967862028 0.010926824045436361
12.6999966 0.13672638138548643 0.010962498747383066
12.8000453 0.139213731698649 0.011161930447513192
12.8999149 0.14063246492978193 0.011275682169101698
12.9999327 0.14572827900144292 0.011684256248305774
13.100041 0.149136305693673 0.011957506282176605
13.1999374 0.15254418877041312 0.012230744801191176
13.3000825 0.1587507189066414 0.012728374286843754
13.3999979 0.1635731032416978 0.013115025214753613
13.4999663 0.16540574458746252 0.013261963415368349
13.5999864 0.1673821537615627 0.013420428686487488
13.6999966 0.1682359133725586 0.013488881742666319
13.7999945 0.16831469639461805 0.013495198437161484
13.8999787 0.16881312032856924 0.013535161257037485
13.9999968 0.17146428244698775 0.013747727121121397
14.1000188 0.17197656003420297 0.01378880070437031
14.1999807 0.17257747643798896 0.013836981203678727
14.2999998 0.17283088046917477 0.013857298726502829
14.4000144 0.1725369513002619 0.013833731964087445
14.4999947 0.17346572333035734 0.013908199393952495
14.5999795 0.17350252627888066 0.013911150194471008
14.6999577 0.172941420715287 0.013866161663540006
14.8000258 0.17223991518058415 0.01380991609141607
14.8999961 0.17116049420485424 0.013723369874260101
15.000039 0.17007948219215105 0.013636696090348906
15.0999811 0.16794599660774712 0.013465636688281893
15.2000178 0.16572885355719105 0.013287869766725158
15.3000306 0.16483725373198593 0.013216382743753195
15.3999535 0.16336463104718305 0.013098310253470545
15.4999926 0.16147957181798148 0.01294716927226808
15.6000273 0.15976125667989996 0.012809397560927903
15.700012 0.15799137055488455 0.012667490971783345
15.7999402 0.15660214539602135 0.012556105159407218
15.9000538 0.15452773075166185 0.012389781969179363
16.0000215 0.1525114053798281 0.01222811628228662
16.0999621 0.15085364227478743 0.012095199534411688
16.200001 0.1487032981877754 0.011922788445041525
16.2999665 0.14671463773236929 0.011763340886125337
16.4000304 0.14389642264208288 0.011537380986623453
16.5000178 0.1387347018790832 0.011123522616166122
16.599971 0.131847992272898 0.010571357447554339
16.600016 0.12381706589423377 0.009927450840253621
16.7000257 0.12537491187601227 0.010052356395793141
16.8000024 0.1257004726767392 0.010078459330969227
16.8998996 0.1251753660780311 0.010036357138457087
17.0000473 0.12520076896708432 0.010038393900760046
17.1000987 0.12498467640034656 0.010021067950433732
17.19986 0.12375304717098537 0.009922317923209318
17.2999361 0.12290577874871877 0.009854385319978872
17.4000456 0.12157614810072603 0.009747777698498663
17.5000191 0.1191886595449921 0.009556352751561517
17.6000342 0.11779064265990177 0.009444262032884385
17.7000727 0.1154607231270334 0.009257452876511259
17.8000639 0.11371417419874495 0.009117417425820704
17.8999345 0.11138150157709845 0.008930387531269797
18.0000583 0.10923317087653049 0.008758137871948082
18.1000235 0.10711312273084157 0.008588155861848797
18.1999955 0.10481625636428718 0.008403996854559134
18.2999833 0.10266654632160448 0.00823163660183144
18.4000245 0.10034703091603486 0.008045661631453177
18.4999909 0.09836154619757843 0.007886468697957335
18.6000316 0.09655386737613118 0.0077415319519177
18.7000458 0.09439481248155347 0.007568422444173123
18.7999861 0.0924833944501684 0.0074151680571085885
18.8999495 0.09103546943555965 0.007299075785828469
19.0000082 0.08922298968374702 0.007153754109005297
19.0999395 0.08774267353494125 0.007035064769299444
19.2000539 0.08615859069788061 0.006908055585401948
19.2999755 0.08490127645555426 0.006807246175638453
19.4000198 0.08383000384857979 0.006721353281428426
19.4999881 0.08245198464034258 0.006610865943936631
19.5999875 0.08141826973722686 0.006527984365299603
19.700003 0.08057137042939777 0.0064600813570640505
19.8000514 0.07957185524493278 0.006379941856210919
19.8999237 0.07882478985352274 0.006320043368921507
19.9997628 0.07809807401225262 0.006261776475444923
20.1001796 0.07737778040774075 0.006204024506459897
20.1998759 0.07674880409231963 0.006153594209102011
20.3000946 0.07607113710440878 0.0060992599728643794
20.4000205 0.075402141349836 0.006045620982004002
20.5001108 0.07475022601166674 0.005993351471133739
20.5998704 0.07424287951275556 0.0059526732545200625
20.6999404 0.07372862251367439 0.005911440965249086
20.8000682 0.07322355468553671 0.00587094544874966
20.8999201 0.07272341930410742 0.005830845407800118
21.0001226 0.0722773461679832 0.005795079989696818
21.0999082 0.07185777353654027 0.0057614393389312495
21.2000956 0.07148084068109702 0.005731217476012241
21.3000156 0.07113130688453966 0.005703192425044755
21.4000212 0.07080554217722232 0.005677073140970095
21.4999882 0.07054426908327105 0.00565612468949978
21.6000929 0.07033597760893523 0.005639424218066551
21.6999798 0.07013877776168084 0.005623613055241907
21.7999793 0.06999732075457672 0.005612271262623149
21.8999641 0.06990945393890408 0.00560522624433928
22.0001188 0.06985490855389796 0.005600852884138083
22.0999166 0.06981162105403188 0.005597382162846035
22.2001005 0.06980740042916153 0.005597043760012686
22.3000183 0.06983176553914562 0.005598997314878791
22.3999786 0.06988926082576286 0.005603607193390419
22.5000117 0.06993676981490186 0.005607416386822208
22.5998989 0.07001340495681946 0.005613560867783117
22.7000453 0.07007640041904624 0.005618611741423991
22.8000637 0.0701572194471514 0.005625091679570453
22.8998103 0.0702190621084566 0.005630050123509533
23.000131 0.0702871220637848 0.005635507059965189
23.0999827 0.07035140594634688 0.0056406612370517376
23.1999136 0.07036872098911429 0.0056420495290018715
23.300003 0.07034051816797286 0.005639788272700764
23.4000649 0.07033356221009106 0.005639230555318109
23.6000128 0.0701904750602359 0.00562775806050651
23.7001032 0.07020598707855191 0.005629001788890421
23.799704 0.07005998379121457 0.005617295482921299
23.9000987 0.0700652065463961 0.005617714234932106
23.9997907 0.06990397294335243 0.005604786787035866
24.0999383 0.0700396216857996 0.005615662882446954
24.2003508 0.06991259949857513 0.0056054784501945384
24.2999148 0.0698569784137912 0.005601018842135779
24.3998635 0.06979667918486977 0.005596184148093406
24.5001473 0.0696591055530152 0.00558515371818225
24.5998743 0.06971308681494962 0.0055894818479136285
24.7001173 0.06957391107866248 0.0055783229638763756
24.8000749 0.0695919370197183 0.005579768254494342
24.8998823 0.06964987262404107 0.005584413436963017
25.0000366 0.06953594787524656 0.005575279136008801
25.1001246 0.0696794144187744 0.005586782049987641
25.19972 0.06961570494299911 0.005581673927902455
25.3001089 0.069498053437544 0.005572240821664215
25.4000356 0.06945211110622869 0.005568557240307109
25.500064 0.06954426561768046 0.005575946039060638
25.6001872 0.06943010822772869 0.005566793085317042
25.6996964 0.06944044105937477 0.005567621554942504
25.7999823 0.06930771101821415 0.0055569794762506
25.9002316 0.06942496579161408 0.0055663807731583075
25.9997716 0.069200597225229 0.005548391266648852
26.1000797 0.06928609220001185 0.005555246114590173
26.1999307 0.069156964092218 0.005544892833053736
26.300153 0.06923132902674782 0.005550855292480889
26.4001198 0.06913677642837368 0.005543274219020634
26.4997019 0.06897539244755983 0.005530334714079509
26.6002693 0.068866790689711 0.005521627201876545
26.6997387 0.06878696209926291 0.005515226675409562
26.8001309 0.06856737064918575 0.005497620190311271
26.899921 0.06848543640756204 0.005491050836159818
26.9999804 0.06840348969177182 0.005484480481849997
27.1000668 0.0682176268267812 0.00546957829981316
27.1999307 0.06813592285989138 0.005463027408715116
27.2999244 0.06815104360902899 0.005464239765773065
27.3999811 0.06799904359340932 0.005452052651889498
27.4999706 0.06781213449078903 0.005437066584222187
27.5999456 0.06779255584766142 0.005435496800479014
27.6999605 0.06755277032605951 0.005416271187590231
27.8000713 0.06744532860417844 0.005407656685183288
27.8999543 0.06749151913021431 0.005411360166389168
28.0001733 0.0674521108704133 0.0054082004762523615
28.0998888 0.06738847184911945 0.005403098003092836
28.2001222 0.06737984780322427 0.005402406541127959
28.3000261 0.06735756885034666 0.0054006202509435846
28.3999814 0.0672778529980198 0.0053942287636356894
28.4997823 0.06728661764559972 0.005394931498814829
28.6000867 0.06744094287175917 0.005407305044295367
28.7000226 0.06737801931400832 0.005402259935838354
28.8001172 0.06753954115190372 0.0054152104939359244
28.9000252 0.06755435428900766 0.00541639818716163
28.9998041 0.06754757725769575 0.00541585481582016
29.100136 0.06777854837068571 0.005434373703771239
29.2001194 0.06772516383080536 0.005430093418243034
29.29974 0.06799878696172193 0.005452032075578452
29.4001133 0.06810028511024123 0.005460170031945978
29.4998256 0.0683660351006401 0.005481477433687642
29.6000733 0.06842884245658719 0.005486513225273138
29.7001397 0.06858806860909308 0.005499279719052238
29.7999416 0.06878854330359069 0.0055153534537992705
29.8994669 0.0688347475570999 0.005519058035651623