photon_energy_eV    total_yield    yield_error
5.80000637 1.1964162186351245e-05 1.942549207162972e-05
5.89998949 5.181378378482461e-05 2.511885703182143e-05
6.00001586 7.910542512499527e-05 2.7434815799787487e-05
6.09999682 9.277820308843395e-05 2.84664290945916e-05
6.19999102 0.00011513442818861262 2.929795765374141e-05
6.3000149 0.00010292891557762193 2.7452290738016562e-05
6.39999718 0.00016761180612155123 3.221531779541185e-05
6.50001257 0.0002236655403748005 3.563222596016112e-05
6.59999144 0.00023923229967614705 3.420969013765052e-05
6.70000771 0.00028174031371116956 3.732117412311891e-05
6.79999091 0.0003262851304846053 4.0840536597507275e-05
6.89999487 0.0003405903893562218 4.11824426698651e-05
7.00001199 0.0004441438411168532 5.006279385416155e-05
7.10001255 0.0004693786920865397 5.2687627513196786e-05
7.19999617 0.0004891512536690493 5.490709204621597e-05
7.29999579 0.0005363468327664644 6.0204782660803485e-05
7.39998779 0.0006094629929530068 6.841205128643917e-05
7.60000604 0.0008172623611120563 9.173747251161713e-05
7.70000289 0.0009576058576684809 0.00010749099092889801
7.7999957 0.0010879547972475342 0.00012212262310792147
7.89999762 0.0012336361233717416 0.0001384753114081514
8.00000757 0.001397354045314436 0.00015685260256767625
8.10000797 0.001623654105569043 0.00018225472133004742
8.19999537 0.0018460469735401546 0.00020721825884634598
8.29999332 0.0020693734087642995 0.00023228658902689538
8.40000921 0.0023073781830033266 0.00025900255867546297
8.50002596 0.0025637908160456744 0.00028778480535001467
8.59998675 0.00288254486873247 0.000323564859024005
8.70001905 0.003233585014321125 0.0003629690176378848
8.79998164 0.0037409600116500128 0.000419921719836486
8.90001507 0.004377899388825262 0.0004914179876025351
9.00000528 0.005115997891104812 0.0005742693389991668
9.09996657 0.006062525626879536 0.0006805168138296041
9.20001496 0.00722117279129765 0.0008105746354718956
9.30001152 0.00852091316232824 0.0009564701302765428
9.40001753 0.010110702434328652 0.0011349235334663726
9.49997748 0.011828380199721785 0.0013277323844357895
9.60000733 0.013820448455685443 0.0015513414915823188
9.70001293 0.016054972245953533 0.0018021661649556793
9.80003609 0.018503290876599517 0.0020769892496416637
9.89998878 0.021188714059984556 0.002378427254363463
9.99999084 0.023933573187945083 0.0026865369273170845
10.0999995 0.026850032465403392 0.0030139086692789023
10.1999881 0.029756663199800387 0.0033401771600183225
10.3000166 0.0325148178743735 0.0036497792543777694
10.4000022 0.0351343604772846 0.00394382218228231
10.5000018 0.03761460408159456 0.0042222288363742665
10.5999963 0.03992066086411517 0.004481083068213418
10.7000236 0.04234839451254582 0.004753595494376525
10.8000216 0.04473204141403868 0.005021159195469471
10.8999934 0.047199345139183044 0.00529811335172751
11.0000138 0.049994309738038326 0.005611847349839865
11.0999938 0.0530333986853749 0.0059529842381058126
11.2000241 0.056104381635128174 0.0062977012192638486
11.2999222 0.059318310787016715 0.006658463871815804
11.4000572 0.0625517496950193 0.007021416489060108
11.5000157 0.06595772998442039 0.00740373682833143
11.5999941 0.06922518124455847 0.007770507322634013
11.6999921 0.0722345803148834 0.008108311530470971
11.7999995 0.0728957591525915 0.008182528670933645
12.0000177 0.08362994451759044 0.006705312849851512
12.0999887 0.09130575121334755 0.007320746538907835
12.1999852 0.09949686804132833 0.007977496955736607
12.3000409 0.1055158178776433 0.008460086558215242
12.3999921 0.11314265032544331 0.009071593571772346
12.499985 0.11807684459255921 0.009467209238072314
12.6000208 0.11977998291732625 0.009603764097220078
12.7000098 0.1200261084886241 0.00962349804497552
12.7999917 0.12301572923331265 0.009863200970897303
12.8999829 0.12486124523318687 0.010011171440325994
13.0000293 0.12968526217400672 0.01039795326790902
13.0999568 0.13425703366658928 0.010764510465963249
13.1999516 0.13943778339411655 0.011179894547828166
13.3000391 0.14608403135263937 0.011712779892863982
13.4000566 0.15162703809612754 0.012157209152722061
13.4999812 0.15512482731858784 0.012437656200184851
13.6000015 0.15804988428210742 0.0126721825072053
13.6999966 0.16006112890162238 0.012833440827645674
13.7999634 0.16096582759417227 0.012905978096483903
13.8999945 0.16239492503073347 0.013020560803196664
14.0000289 0.16522375351848304 0.013247371667634626
14.09997 0.16688170050839027 0.013380303159098897
14.2000301 0.1681022282260173 0.013478163085179358
14.2999831 0.16875675938029985 0.013530642327928536
14.4000314 0.16910978753121797 0.013558947550541864
14.4999432 0.17038291365537248 0.013661024731257666
14.5999446 0.17126259843376027 0.01373155642516668
14.7000636 0.17081931658661156 0.013696014808070821
14.79999 0.17099055604570287 0.013709744509221168
14.8999779 0.17016988444438208 0.01364394439580979
15.0000206 0.1697243785200275 0.013608224455823091
15.1000184 0.167876556862422 0.013460069122509792
15.1999234 0.166042607694538 0.01331302606284591
15.300088 0.16514693163520305 0.013241212214055186
15.3999729 0.16406727722913242 0.013154647280834389
15.4999533 0.1623577990789386 0.013017584104801505
15.6000074 0.16062063323920336 0.012878300974880859
15.700012 0.15915543427669968 0.0127608237065706
15.8000014 0.15915066281688872 0.012760441138688154
15.8999505 0.15552097661234077 0.012469418805854188
16.0000633 0.1535335850146669 0.012310072981886001
16.1000045 0.15220512470981548 0.012203559196614215
16.1999796 0.14941968126326605 0.01198022687417373
16.2999882 0.1472462798946336 0.011805967089487267
16.4000304 0.14429675391786817 0.011569478896806281
16.5000178 0.13980539133776185 0.01120936875449482
16.6001736 0.13251075811802807 0.010624496934414317
16.699889 0.13377779758479952 0.010726086096846736
16.8000946 0.13393544045233102 0.010738725645413269
16.8999696 0.13306498380138398 0.010668933847744358
17.0000001 0.13255890502237935 0.010628357274849667
17.1000031 0.13213769357098162 0.010594585226167179
17.1999808 0.13038232799043112 0.010453842870646702
17.2999851 0.12941478591596484 0.010376266921719387
17.4000209 0.12759663953319866 0.010230490903648387
17.499944 0.12492767571541227 0.01001649772828011
17.6000849 0.12289561128838322 0.009853570109555959
17.6999959 0.12066680362322228 0.009674867938183505
17.7999862 0.11816799231206286 0.009474517313885922
17.900013 0.11527062201224945 0.00924221087850343
18.0000583 0.11264702104739933 0.009031854822858888
18.09997 0.11005075504250832 0.008823690439818234
18.1999414 0.10720928477601264 0.008595865978133976
18.2999833 0.10460264500232905 0.008386869843194074
18.4001075 0.10168663523511799 0.00815306892565
18.4999629 0.09921885626850058 0.007955206424234938
18.6000599 0.09694062880584152 0.007772541853926165
18.6999887 0.0942782692818988 0.007559078200090273
18.7999861 0.09188965953160892 0.007367563357598294
18.9000371 0.08997141466696872 0.007213761606153534
18.9999787 0.08764253235079009 0.007027035612126599
19.0999991 0.08584895089727712 0.006883229170105506
19.1999636 0.08375790350640401 0.0067155723933307624
19.2999146 0.08208934098672428 0.006581789765965324
19.4001428 0.08073058555514215 0.0064728469667353575
19.4999571 0.07922548395767821 0.006352170370092583
19.5999875 0.07796503115652685 0.006251109315790268
19.6999713 0.07707388081207789 0.006179658331453836
19.8000514 0.07608101088192724 0.006100051636276965
19.8998914 0.07522358602928862 0.006031304706988132
20.0002858 0.0749018393052525 0.00600550757827399
20.1000145 0.07445838431968815 0.005969952079221733
20.2000759 0.07387747401623224 0.005923375636479327
20.2998589 0.07349412773284403 0.005892639555345074
20.4000545 0.0729517181722364 0.005849150039507125
20.5000765 0.0725074299583081 0.005813527733560665
20.6000091 0.07215864125968845 0.005785562423333233
20.6999404 0.07179724551251782 0.005756586300470026
20.8000329 0.0714384911943722 0.005727821963087313
20.8999201 0.07108703661650241 0.0056996429070001265
21.0001226 0.07080953734943776 0.0056773934673764815
21.0998718 0.07062573927193196 0.005662656836639884
21.2001323 0.07050828357998211 0.005653239430409827
21.2999044 0.07045880858464831 0.00564927260580087
21.4000212 0.07037634075094931 0.005642660469105203
21.4999882 0.07027709182551191 0.00563470285178394
21.6000929 0.07017335617205885 0.005626385495912201
21.6999798 0.07002369397194229 0.005614385824271053
21.7999793 0.06991637694249879 0.0056057813195008275
21.9000033 0.06985109090836693 0.00560054679153234
22.0001188 0.06979414727781628 0.005595981143906352
22.0999166 0.06971817441353853 0.0055898897632887965
22.2001005 0.06964960346778144 0.005584391856452151
22.2999371 0.06956744147963925 0.00557780424195549
22.4000606 0.06951377158722993 0.005573501077325901
22.5000117 0.06948469100051899 0.005571169443209929
22.5999406 0.0694618242956753 0.005569336028029438
22.7000874 0.06944087308079341 0.005567656193716766
22.8000212 0.06943230899463124 0.005566969539225702
22.8999817 0.06939441353757239 0.005563931143150786
23.0000445 0.06936509519852402 0.005561580446439322
23.0998955 0.0693201497060816 0.005557976790000766
23.2000015 0.06926658243791307 0.005553681853615793
23.3000474 0.06916096070234623 0.00554521327474963
23.3997964 0.06916671596987331 0.005545674722733679
23.5001776 0.06575353222138453 0.005272011204484753
23.6000583 0.06574748669989278 0.005271526484410184
23.7000115 0.06553750561627641 0.0052546905428545575
23.7999354 0.06533105218575833 0.005238137442783355
23.900052 0.06531599661956243 0.00523693031198759
23.9996495 0.06503749532513058 0.005214600531440367
24.1002705 0.06501660611154354 0.0052129256682906175
24.199968 0.06484591745822378 0.005199240129850635
24.3001078 0.06464185379658507 0.005182878637559009
24.3999122 0.06442502234405625 0.005165493444572449
24.5000492 0.06435872195263982 0.005160177587087679
24.5999237 0.06419601226575228 0.005147131789191055
24.7001672 0.06408389640292404 0.005138142521769788
24.8001252 0.06388360246572237 0.005122083279848574
24.899629 0.0637614043199014 0.0051122856313851215
25.0000366 0.06376671556667893 0.005112711478508081
25.1001761 0.06350974019045227 0.005092107611050707
25.19972 0.06339420970944977 0.005082844565101266
25.3001089 0.06315091895598672 0.005063337908426363
25.3999302 0.06314313221624222 0.005062713580305994
25.5001171 0.06298881865821113 0.005050340970356999
25.5999729 0.06286162866459344 0.005040143083661071
25.7002361 0.06282257563896029 0.005037011875621724
25.7999279 0.062494670085717303 0.0050107209420048125
25.900122 0.0625068217559244 0.00501169524314607
25.9999926 0.06225621424675974 0.004991601940906493
26.1000797 0.06231903437549004 0.004996638756592961
26.1998185 0.062279786881990026 0.004993491956436532
26.3000965 0.06220963900270639 0.004987867613636071
26.4001768 0.06216249562870618 0.0049840877346311
26.4997592 0.06208122496328056 0.004977571584939291
26.6002114 0.06214514502852027 0.004982696591745017
26.699797 0.062142959820583245 0.0049825213853288905
26.8000723 0.06198250577403312 0.004969656441003633
26.9000984 0.06213385340222533 0.004981791247524977
27.0000995 0.0621486760987233 0.00498297970720734
27.0998868 0.06213595507314835 0.004981959756079271
27.1998703 0.062120068462563925 0.0049806859934969
27.300168 0.06228340254490031 0.004993781854404454
27.3998584 0.06224257532191207 0.004990508394108551
27.5000324 0.062418959960931594 0.005004650627412142
27.5999456 0.062469340269634584 0.00500869003857371
27.7000232 0.062443149375862345 0.0050065900953348
27.7998819 0.06239999273061729 0.00500312986575331
27.9000179 0.062469823291114675 0.0050087287664499006
28.0001733 0.0625360708837265 0.005014040390612444
28.0997598 0.06264766001244908 0.0050229874253503405
28.2002522 0.06276407173700488 0.005032321127973726
28.2998953 0.06279123721168764 0.005034499211523983
28.4000473 0.06287601759756224 0.005041296764889582
28.4999151 0.0628866032445576 0.005042145504838309
28.6001535 0.06308850855780963 0.005058333944268847
28.7000226 0.063095005834917 0.005058854885373476
28.8000494 0.06338589596266286 0.005082177982413901
28.9000935 0.06340214241108703 0.005083480596208655
29.00056 0.06603347281144177 0.007402035932461526
29.4998256 0.06697967039747048 0.0075099425882199835
30.0001739 0.0681635285161919 0.00764380932998103
30.5001427 0.06952709814959748 0.007797689271709499
30.9999305 0.07116737025352837 0.007982058446738645
31.5001463 0.07277546947984341 0.008162229207004268
31.9995245 0.07418728131661019 0.00832012938004742
32.5006572 0.07508806011382052 0.008419958898800862
32.9995733 0.07568696526166067 0.008485839778556678
33.5001015 0.07579002085117188 0.008495778767365651
34.000265 0.07591599936548996 0.0085081304492432
34.5002162 0.07598370755441618 0.008513876482795555
34.9999685 0.07572444323388886 0.00848287943107119
35.5000922 0.07593844102482186 0.008504595142227145
35.99999 0.07586765342765373 0.008494599454169333
36.5000101 0.07586866633331073 0.008492632019063095
37.0001276 0.07606246169408315 0.008512436446010845
37.5002313 0.07675175109745132 0.008587149118793424
37.9996392 0.07614328944838661 0.008518179945750324
38.5005336 0.07606367136823962 0.008506802446027615
38.9998898 0.07615390374896859 0.00851410429165809
39.5003815 0.07628641253691566 0.008525786740685729
39.9995 0.0755323749041764 0.008439573825057549
40.5006679 0.07540665995036867 0.008421506216243843
40.9998513 0.07476197155132802 0.008346990173367676
41.4998099 0.07408161151661491 0.008268254283812244
42.0000834 0.07942183341157921 0.013532497831428588
43.0000736 0.08000749839742564 0.013088804614033311
43.9999194 0.07830455981263579 0.012527420783241084
44.9997546 0.07704445418730256 0.0120836665644507
46.0000484 0.077919248160806 0.011886905438031519
46.9999564 0.07861099958932657 0.01169617792751364
48.000011 0.07833078222632935 0.011461086183945231
48.9997604 0.07867822412909102 0.011357582892617821
50.0000335 0.07765195435154738 0.011205659820212733
51.0000363 0.0777181380170088 0.011214204245656284
52.0000085 0.07726291768042802 0.011050982306100321
52.9999837 0.07514993653599138 0.010574425198890784
53.9997836 0.07470307988938035 0.010292888564441837
54.999913 0.07356733547681409 0.009993700257774232
56.000129 0.07297587522398932 0.00978559572397328
56.9999843 0.07202853936932081 0.009571997250227152
57.9998589 0.07124754178181017 0.009403825341817901
58.9995109 0.07138702935632409 0.009361062475053906
60.0003139 0.07148301370898794 0.009326194328056208
60.9999996 0.07185443648726512 0.009333207151451235
61.9998361 0.07206019029210012 0.00932874314767967
62.9998944 0.07233631743870678 0.00933584505449623
64.0001187 0.07247932556346466 0.009331120732534476
64.9998961 0.07263002880692176 0.009330305625338521
66.0000266 0.07240301872557904 0.009289059874780127
66.9996614 0.07232374276826749 0.009267037129090319
68.0000684 0.07184976374426977 0.009195535294212204
68.9999835 0.07180961390058187 0.009169442401776164
69.9994471 0.07101375143468867 0.009049169418143979
71.9997153 0.0752811980148541 0.008390495351805041
72.9996914 0.07249545241799883 0.008289046386247364
74.0006323 0.0710617168899169 0.008203447976590447
74.9993539 0.07048146168054134 0.0081519682183825
76.0003534 0.06970046875387167 0.008117767321535057
76.9997999 0.06916153092520737 0.008113326250913712
78.0000988 0.06871783394175841 0.008097521373063717
79.0002793 0.06815186436379637 0.008063171330156733
79.9999329 0.06751713531852695 0.008015624664772843
80.9997857 0.06678067399771594 0.007950370407730136
82.000373 0.06599986864825708 0.007875231461295108
82.9992575 0.06516103160950339 0.007793419039627001
84.0001079 0.06420585445097639 0.007696817465990986
85.0001831 0.06276195188019318 0.0075370856534098234
85.9997212 0.06441328436366323 0.007760959475406379
86.9997731 0.06409390006997628 0.007738088499178116
88.0001557 0.06302501590534083 0.007619607720377154
89.0000805 0.062031680841110395 0.007509326571845427
89.9998405 0.06167535241198138 0.007478932730045124
90.9996292 0.06033284264980691 0.0073256909711640235
92.0001929 0.058823952074797806 0.007149360728113996
92.9998196 0.05735935196893235 0.006977084991972372
93.9998123 0.055827285056934545 0.006796522962154439
95.0001981 0.05432683287294688 0.006618791612046422
95.9990371 0.052889437455859854 0.006446681010784571
96.9998168 0.05158627429843631 0.006290182899579542
98.0004814 0.05053095507253357 0.006164136289055459
98.9999672 0.04948839316352706 0.006038893288133216
99.9997864 0.048600447634994805 0.005931353164241966
100.999882 0.04779523973727653 0.005908621583584277
102.000088 0.047691956162066854 0.005896393365124972
103.00002 0.047423224412769055 0.005863789623539874
103.999714 0.04632535225332164 0.005728771130689598
104.999446 0.04543789906137313 0.005619870209977286
106.000427 0.044961579969716045 0.005562506434358137
107.000143 0.049109751787869894 0.006080714019772126
107.999814 0.05177760768169098 0.006414025679213992
108.999141 0.05228503204602682 0.0064784372039673405
109.999248 0.05182050328139199 0.006421066410294591
111.000862 0.04932281183604867 0.006111458398525315
111.999412 0.0467562791180733 0.005793236398168992
113.000972 0.04558891836919701 0.005648724586473495
113.999348 0.04497938696995457 0.005573506167400618
114.999902 0.044612514670573575 0.0055284962366895585
116.000105 0.04435682616086462 0.00549712562386615
117.000072 0.04375412727092935 0.005422471109002306
117.999592 0.04252106235076849 0.005269201333137418
118.99987 0.04110573385647163 0.005093156400945786
120.000224 0.04000138446738653 0.004955723046973636
120.999938 0.03928230260198222 0.004866203810028074
121.999142 0.03890808404844539 0.004819540888980413
123.000376 0.03884551044802184 0.004811651841754793
123.999392 0.03904883887831252 0.004836732548628391
125.00028 0.0394251746280466 0.004883339916139608
125.999656 0.039854012539997055 0.004936378424462776
126.999231 0.04023176193784968 0.00498293969908189
128.000262 0.04050344085115364 0.005016236225495021
128.999161 0.04065524555378379 0.005034453954518294
130.001101 0.040692475760899745 0.0050384826183016455
131.000158 0.04061907835607656 0.005028418048118419
131.999564 0.04043020805357899 0.005004033122088846
133.001089 0.04012064999235934 0.004964442105366126
133.997035 0.03971359416498924 0.0049124768994150865
135.002308 0.03922622625025004 0.0048505298572707675
135.999403 0.038681391249648055 0.004781140645662782
136.999885 0.0380973168478893 0.004706844269963961
137.999823 0.03750179469078689 0.004630899080623973
139.001108 0.036876885764649946 0.004551145841960546
139.99889 0.03625328837071766 0.004471245923645984
140.999347 0.035652909164821715 0.004393864892939336
142.001091 0.035082968245153244 0.004319858167972192
142.999037 0.03458288303096134 0.004253858464191229
143.999257 0.0340957636754431 0.004188941617554003
144.999896 0.03363296598657395 0.004126250463633786
146.000675 0.03322924163187421 0.004070028746264526
146.999608 0.032876873792508476 0.004019230335023277
147.999787 0.03258421921928041 0.003974831024445319
149.000106 0.03233284718358425 0.003934538164842539
149.999407 0.03214156916993365 0.003900567236758754
150.975585 0.0319451725669518 0.0038653005662122267
152.016186 0.031823830436035275 0.003840900287548624
153.00386 0.0317137178114961 0.003817001814464129
154.004915 0.03164604509757109 0.0037968801288926456
155.000453 0.031657187913357816 0.0037853103092854437
156.000175 0.031767372481852456 0.0037855055216764453
156.998375 0.03196893896704854 0.003796919101314862
157.997125 0.03227326657640713 0.003820974641339718
158.999947 0.032789426888534236 0.0038702035653262784
159.995484 0.03359401236259911 0.0039544436424050035
160.994525 0.0342253329907134 0.004018244446886082
162.000368 0.03451291717789298 0.004038952389832897
163.005942 0.034736048028965856 0.004046890722716385
164.003378 0.034737966802677246 0.004024721827638912
165.005882 0.03464311193699327 0.0039848833194126645
165.999753 0.034840885368467175 0.003977161624828184
166.999133 0.03520230082412663 0.003986586463282959
167.998432 0.035644688344383064 0.004005071163298718
169.00051 0.036221606082797904 0.004038536364279522
169.996582 0.0368954922440473 0.004084389347256
170.99601 0.03746894342024008 0.004119920885839505
171.990064 0.03793840600496914 0.004149167203512266
173.00738 0.0384374039723981 0.004177595470303921
174.003889 0.03910721290454299 0.004221066546916431
175.004856 0.03993842181523531 0.004275080810318953
175.999559 0.040930360676593655 0.004343718484689821
177.002271 0.04207652156847637 0.004428262997777834
177.996103 0.043212939001572276 0.0045147349313510166
178.999151 0.04415289593220807 0.004582254895477583
179.999174 0.04477228478388066 0.004615118687387865
180.994534 0.04540548000551394 0.00465577503844588
181.993637 0.04599847278788232 0.004701515139077443
182.998825 0.04658614230213611 0.004749813047751989
184.004258 0.04731634170754928 0.004807939247059393
185.00299 0.048121702363627276 0.0048704555884614645
186.006541 0.04909234754785216 0.004948556884250732
187.004193 0.05013429589868461 0.005038122331943272
187.999583 0.051032238027978266 0.005114411391034101
188.993285 0.05162916381149061 0.005161068073035788
190.00078 0.05225795978333745 0.005215364781620436
190.999485 0.05294575199143209 0.005280195496976192
191.996508 0.053606381870126625 0.005348471686222619
192.991515 0.054188202795767165 0.005415676810083189
194.006295 0.05485450415424947 0.005488160335218449
195.000669 0.05560475455320655 0.0055664800362078565
196.006569 0.05641300416315037 0.0056476837478972395
197.003976 0.05730971830614682 0.005736073308366971
198.000979 0.05814884971365591 0.005817748896632454
198.995344 0.059032705989753374 0.0059069394476390855
199.998373 0.059727737120708335 0.005976352154530226
200.993518 0.060466629898564814 0.006053791270182476
201.999387 0.06114895351984531 0.006126912753105243
202.994001 0.06170357832903343 0.006193173527037148
203.999203 0.06226454041514091 0.006262699025714514
205.003781 0.0628273861872681 0.00632752201519638
206.008756 0.06348594274613276 0.006401081897684894
207.00349 0.06413394170191236 0.006473370982880066
208.001586 0.06471776401280831 0.006539401361771602
208.994166 0.06531647604975986 0.00661016586971672
210.001205 0.06590309468950027 0.006680082253028896
210.99311 0.06645867362210905 0.006748090821551106
212.000387 0.06696431847988467 0.0068106110082746685
212.99758 0.06750275215487406 0.006878005752780258
213.991673 0.06794783561329833 0.006938795562082505
215.004938 0.06845650423881587 0.007000895896339587
216.008416 0.06898932487350398 0.00705796843978105
217.001487 0.06963750820220499 0.007121599800628493
217.999035 0.07029944465451445 0.00718244993793602
219.002031 0.07092096284159956 0.007237007256911249
219.997394 0.07160579718610056 0.007299521685664575
220.995102 0.07226114381841867 0.007361418741987938
221.999064 0.07286645188899865 0.007420563148829341
222.994839 0.07349580503662857 0.007486586222957796
223.990588 0.07401570805956995 0.007549113954551841
225.007475 0.07457157769944053 0.007613352862708162
226.000975 0.07515976707840463 0.007677381034134768
227.005348 0.07580247856815651 0.00774440116093479
228.007347 0.07656232704881231 0.007823637459024197
228.999824 0.07708164288913436 0.00787981191400991
229.995952 0.07781346748581795 0.007965487012447594
230.999534 0.07834267452924285 0.00803220065450267
231.997782 0.07894163903674 0.008116422722680356
232.996065 0.07943760134831476 0.008191142568778415
233.998195 0.0799534310824625 0.008273681344361529
234.99461 0.08027195569602 0.008337073082306344
236.006011 0.08070662920908869 0.008408577036111586
237.008893 0.08114315222302058 0.008479053124689068
238.005143 0.08151682694187834 0.008541618038452412
238.996046 0.08196585750584601 0.008612545257801672
240.000247 0.08237893676524145 0.008681975894510455
240.999089 0.08274860912940564 0.008748158113824083
241.993456 0.08315038854143411 0.008819922474073254
243.000961 0.08344344827777353 0.008879573317234603
243.996676 0.08370488942966428 0.00893715844302009
244.993086 0.08388555132941433 0.00898610397183559
246.006614 0.08408944728832124 0.009035172189441274
247.002423 0.084317810331288 0.009085393039369855
248.003063 0.08463514474091302 0.00914343671224213
248.998827 0.08493631030856823 0.00919870600172734
250.002144 0.0852183805488543 0.009250168789617192
250.999915 0.08562443666417303 0.009294467988255607
251.994259 0.08603503305935516 0.009338398837880285
252.997527 0.08644308493364108 0.009381250084810097
254.000114 0.0868839062955902 0.009427128900955598
254.999047 0.0873152763061881 0.009470901866761769
256.001675 0.08778802437412098 0.00951885145515657
256.998989 0.08822881600622216 0.009562026931950513
258.001472 0.08511921373944707 0.010654431460397275
258.999114 0.08479280666567113 0.010613349070578851
259.999788 0.08459213988591156 0.010588060056096046
261.000367 0.08448728811316632 0.010574769035682318
262.002407 0.08435768812913769 0.010558328930043881
262.998611 0.08445762497418158 0.010570607914308737
263.999405 0.08454235229562113 0.010580938807399028
264.997575 0.08462814902856125 0.010591447705456196
265.997423 0.08482870800538023 0.010616229650429828
266.997717 0.08503734923105603 0.010641992285047018
267.998279 0.08522097688636637 0.010664659188756927
269.002577 0.0855043432471541 0.010699797300678203
269.996294 0.08564662076498464 0.010717232232575587
271.002696 0.08595589021301996 0.01075561729001981
271.994569 0.0862770453494441 0.010795473866082058
273.00126 0.08657122977637229 0.010832037395359649
273.997635 0.08687290063956266 0.010869552326025525
275.002256 0.08714132007099679 0.010903039292988845
275.996414 0.08750973821329519 0.010949097197158494
277.004775 0.08793013266338677 0.011001755694308718
278.004915 0.08820476029307446 0.011036328876096603
278.999469 0.088757471875773 0.011105708358735446
279.998037 0.08919560379505434 0.011161005899371043
280.996706 0.08992166513683832 0.011252439841191925
281.997266 0.09059287117588125 0.011337190885372
283.003666 0.0913920204683074 0.011438132135065799
283.995172 0.0925429273014217 0.011583296732517194
285.000539 0.09377880032376278 0.011739402263323796
285.998396 0.09540717677420425 0.011945058300048118
287.001972 0.09745931354486034 0.012204507481626808
288.000954 0.10001513842898964 0.01252822742517444
288.998635 0.10565911638969554 0.013240647568868202
289.995629 0.1281841939397569 0.01607345135959962
290.999498 0.2212876199762762 0.027779297439196278
292.002215 0.4761462860302615 0.060051618038021046
292.992775 0.13002387647370367 0.017227970779612176
294.000246 0.1235090654555659 0.016130704349927923
294.999626 0.17986786348977743 0.023309406913962827
296.002419 0.175638557365108 0.02283253101812886
296.999314 0.16854547192623578 0.021995657308034464
297.997077 0.14171124322516526 0.018627793520796996
298.997848 0.12916605917460708 0.016969409024589
299.996823 0.13445011250537145 0.017553198435430236
301.000505 0.13528731602260502 0.017573935570182025
301.999215 0.13558821770274154 0.017521995613018086
303.001996 0.13434932066535746 0.017298485807675727
303.998453 0.1339880914800186 0.017199559495382565
305.003683 0.13184044372369252 0.016889147889243155
305.993882 0.13104414587749208 0.016753653838721908
307.000053 0.12899473194193606 0.01646590701924194
308.00112 0.1273992550519536 0.016235928878320083
309.005369 0.12598436262286905 0.016032589029093065
309.9996 0.12551059233913703 0.015947346314334223
310.998414 0.12253840204234907 0.015551493794079102
311.994398 0.12052692163721977 0.015277220452626196
313.001669 0.11808705595845179 0.014950061604643737
314.005117 0.11673082948495898 0.014759420360355272
315.004529 0.11526190401144848 0.01455685864638344
315.99421 0.11453128396265938 0.014448261544261301
316.999784 0.11455318689031337 0.01443614270024239
318.000633 0.11518232158268936 0.014502224471710802
319.000507 0.11598860377108387 0.014593308564442685
320.001441 0.19319581781967407 0.014115192347472607
324.994917 0.19127091733710722 0.014421532487927338
329.985918 0.19292768122311857 0.014505120472729015
334.982642 0.19527214518069907 0.014449261130512805
340.001054 0.1911570325968405 0.014376827619086954
345.006637 0.1865090032470933 0.014388301307887026
350.008625 0.18614913290353127 0.014547370195241086
355.014771 0.18769908982297157 0.01476513579039864
359.986332 0.18928811343125837 0.015032277391799574
364.984668 0.18637415734892004 0.015228343027787467
369.986836 0.1856980983901734 0.015511885175190586
375.044457 0.18729588517945397 0.015679412226979914
379.985754 0.18691674229613184 0.015817044886099158
384.995485 0.18545334612635006 0.015946739274683906
389.968503 0.18306230294144885 0.016047745652000293
395.023219 0.18084757555995254 0.01609330281258277
400.024545 0.17960417696943776 0.016138825205491397
404.993849 0.17865681652259127 0.016178662841609338
409.975822 0.18430468494351537 0.01674626283297991
414.975868 0.18009345670775798 0.01631044482874855
420.026447 0.18249336871858618 0.01643893723664266
425.018002 0.1750157426469658 0.01618549854977562
430.006505 0.17121115947868806 0.01625513838685539
434.971451 0.16823427833049442 0.016315795109056116
439.985974 0.16645343175007385 0.016428303081906466
445.025122 0.1652854978547219 0.016489994040304424
450.022234 0.16424857006179464 0.016520917118376704
454.970916 0.16414515653408654 0.016555422180008803
459.995621 0.1635724075498441 0.016557366868437583
464.992474 0.16329886808514177 0.01661240959083538
469.994371 0.16295347108084687 0.016638126617904446
475.021303 0.16290415617988294 0.016667201990051027
480.003776 0.16263635773547974 0.016663948093811342
484.991212 0.16170957074278475 0.01660604490854488
489.994359 0.16089290895581043 0.016586340678589967
494.982713 0.1601795427380006 0.0165852333483337
500.002134 0.1595543972914008 0.01658183436240677
505.026234 0.15918535618122748 0.016586504760854597
509.993612 0.15900167326824852 0.016568013425671647
515.01157 0.15905642448611962 0.016551356137472786
519.993682 0.15931174165543308 0.016555357526921003
524.976438 0.1598074282627605 0.016562258676052127
529.980416 0.1607575472721094 0.016592481937619686
535.018359 0.1622886560957182 0.016625469552293468
539.992386 0.1619264982735869 0.016623212055563923
545.031945 0.16084993150553598 0.016636828273888273
549.989434 0.15061681407287128 0.015502274300492351
554.992743 0.1726343558545519 0.018116823034053854
559.990982 0.1654723161401634 0.017354063669779304
564.97622 0.16241252335644263 0.017303865293091508
569.995753 0.1638410986374321 0.01770498998015805
575.01608 0.16319132673434902 0.017794110392046297
580.019423 0.16099022850671438 0.01765415976399275
585.023836 0.15924620146198357 0.01751035618702892
589.973648 0.15823796209458732 0.01744677566053813
594.994553 0.15781067105730917 0.01747813048240715
599.961113 0.15649216533382582 0.017414697145174202
605.011294 0.15517614037347968 0.0173296992580662
610.006165 0.15407095798955212 0.01727051030348081
615.027079 0.15339678680798796 0.017244654918982073
620.010652 0.15265365711417359 0.017202818349475856
624.974512 0.1518455427944332 0.017153769896139807
629.973325 0.15070711295790878 0.017111856613234756
634.983852 0.14976242511494314 0.017065503700529564
639.993164 0.14871073715153915 0.017028638655166187
645.01847 0.14757618202400258 0.016958294614257484
650.021115 0.1466763024219259 0.01688415430976366
655.017214 0.14580686083894756 0.016812238292051838
659.99723 0.14526847879692537 0.01678803645373303
664.960636 0.14516433301261542 0.016827345791750232
669.988961 0.14443776956214843 0.01678300929668213
675.000026 0.14340011110310039 0.016691530063688693
680.035793 0.14236772153708227 0.01659294818955803
685.003303 0.14145279243855371 0.016507857188506204
689.994798 0.1407299632019661 0.0164464484197876
694.993075 0.13983899138176092 0.01636236554931297
699.974247 0.13916813011689855 0.01630554056852833
704.987669 0.13886419901876323 0.016290969610371568
710.015742 0.13809255515106286 0.01621309984780869
715.023405 0.13744531821615577 0.01615045157534696
719.999716 0.13667939094815418 0.016067223190502192
724.995835 0.13605022124838578 0.01598022382403699
729.985134 0.13531541144195286 0.015917059846927387
734.996138 0.13479951572234575 0.015864015881295553
739.996428 0.13433141830777404 0.01581010973756214
745.001873 0.13377009404169246 0.015749377454005547
750.017556 0.13306201611163015 0.015667428345923412
754.997761 0.13236556344457934 0.015587460712449423
760.008029 0.13165100592380533 0.015517258354553344
764.998094 0.13102911062228537 0.01545437747614308
770.003832 0.13054146612692089 0.015399052616022105
774.990287 0.13018836498345637 0.015358927737208976
779.990172 0.13006365083508842 0.015351503684350497
784.994463 0.1300174025881501 0.015359042253120068
790.009049 0.1297695031705094 0.015343913860459512
795.00435 0.12905637082893892 0.015266227140805935
800.009914 0.12810289688223053 0.015153754800908335
805.001749 0.12723671350786173 0.015050091381999049
810.001859 0.12665220471184718 0.014978941724854986
814.99046 0.12605892892848902 0.014904515708632477
819.98829 0.12526477200164027 0.014804963482003575
825.00154 0.12458101608608879 0.014720500587141335
830.001795 0.12401089739447962 0.014651135476383578
834.984906 0.1235063521010924 0.014588656331078927
839.993249 0.12300808492681004 0.014525429831413465
845.006311 0.12247295523897683 0.01445645097549166
850.023412 0.12189283134521615 0.01438224015312892
855.004854 0.12135944598997991 0.014313329976246687
859.988803 0.12076427002005957 0.014238460948605758
864.997964 0.1200961252289885 0.014155581727864141
870.003112 0.11955591503455876 0.014088263902346073
874.994482 0.1188834856607764 0.014006344420214157
879.990077 0.11825836941811123 0.013929402925404667
884.993121 0.1176614461811411 0.01385583838480388
890.008461 0.11707804975100508 0.01378414722212862
894.988116 0.11644977695855391 0.013707346389036909
899.995238 0.11586781277119353 0.013635851955702077
904.998153 0.11532718148152563 0.013569395646328605
910.002612 0.11478722385564355 0.013502820722770974
914.996635 0.11425378379368578 0.013436485550694982
919.999064 0.11373511349003797 0.01337152967402719
924.991801 0.11320469383846703 0.013305136649985937
929.996857 0.11269310472378968 0.013240689479146644
934.995831 0.11225092164144446 0.01318358930805644
939.987996 0.1117519951125638 0.013118472183091718
944.998072 0.11130669499997578 0.01305873257308956
950.002154 0.1110841632044609 0.013021587699215341
954.988455 0.11059666863241606 0.01295844190556043
959.99003 0.11007881241282018 0.012889139424518484
964.985994 0.10966608611437965 0.012832361239392557
970.015351 0.10930976202385352 0.012781748218596544
975.000371 0.10888144529569804 0.012724261342432262
980.000405 0.10838911550695689 0.012659570958236888
984.992311 0.1078939532337372 0.012594797541025576
989.997167 0.1074647036553704 0.012537675336845163
994.990899 0.10704265813115144 0.012480455980897549
1000.00527 0.10657782689071602 0.012417918340461282
1004.99204 0.10609168048820167 0.012352739721424337
1010.00786 0.10566410563921548 0.012294077608189409
1014.99097 0.1052209280397581 0.012233014389787907
1019.99216 0.10481042278764795 0.01217551811687666
1024.99556 0.10440083662152859 0.01211827704040075
1029.98338 0.10399746113627287 0.012061964329792346
1034.99736 0.10361977576031005 0.01200848624496105
1040.00332 0.10329529592579172 0.011960055620131681
1045.00797 0.10295069444320949 0.011907513914035009
1049.9823 0.1025769505507876 0.011850397636722326
1055.00415 0.10216539928607563 0.011793417766388247
1059.9868 0.10169703640285557 0.011728937287555741
1064.99599 0.10119453140435526 0.01165809294758155
1070.0174 0.10071106201966931 0.011588766733521425
1074.99235 0.10021912007918184 0.01151608206112334
1080.00236 0.09969077514337261 0.011437319729673531
1084.99529 0.09918622361315017 0.011359494348883795
1090.02788 0.09875832818675614 0.011288222666155107
1094.96028 0.09825031546002061 0.011209924566175058
1100.03567 0.09772028557730356 0.01112895660982649
1104.9634 0.09721427772503981 0.011050199286590411
1110.00402 0.09676710595786461 0.01097762448657043
1115.02257 0.09629627694776122 0.010900658620131818
1120.00592 0.09579600791853099 0.010819428914090939
1124.98945 0.0953096080224631 0.010738693699491486
1129.98353 0.09485270107577531 0.010659968435836182
1134.99861 0.09443156577345774 0.010585029603568635
1140.00836 0.09397988498393255 0.010503733144096588
1144.9926 0.09360548984100607 0.010430594823985239
1149.99962 0.09319432964043498 0.010349438108507402
1154.98324 0.09278118780157583 0.010262276371235519
1160.00295 0.09252625524367342 0.01017201879493025
1165.01216 0.09247964611942693 0.010087572693528868
1169.98071 0.09254957339352037 0.01000495510728888
1175.03446 0.09270168729118788 0.009919414390384134
1179.98314 0.09296855859667211 0.009833371194163866
1184.97874 0.09328661027410373 0.009735960686354826
1190.00619 0.0938162568329424 0.009646753878618033
1195.03002 0.0782000459343321 0.009774308893040326
1199.97436 0.07720134831600234 0.009650724499781703
1205.01224 0.07676840515840438 0.009596957399872076
1209.99232 0.07629322972011052 0.009537937259808123
1215.00269 0.07574488774573064 0.009469818905091932
1219.99651 0.07530679655924831 0.009415493967901839
1224.99665 0.07477132848106684 0.009349056538128649
1230.00587 0.07434583795670109 0.009296391242363275
1235.00632 0.07390657425609443 0.009242045938833598
1239.97587 0.07343166905571405 0.009183291868066896
1244.9989 0.07311102317554123 0.009143858704415957
1250.00627 0.07264083312248013 0.0090858244495203
1254.98955 0.07226855707795006 0.00904004765709259
1259.99048 0.07187244943319879 0.008991383756946573
1264.99457 0.07151389694467422 0.008947479267329386
1269.99377 0.0711469788782422 0.008902712416477788
1275.00045 0.07077850056066423 0.008857725922882793
1280.00117 0.07049670310122078 0.008823556839575501
1284.9893 0.07011113937037584 0.008776520607844611
1290.01438 0.06980715885939512 0.008739765903607428
1294.97087 0.06946311734720569 0.008698112160402163
1300.0053 0.06911106978912103 0.008655557340217045
1305.0028 0.0688364693453574 0.008622754288544232
1309.99368 0.06849131499299468 0.008581290983534617
1314.98996 0.06811017564573969 0.008535445245899791
1319.99684 0.06792602512504628 0.008514300826132998
1325.00301 0.06777251528527004 0.00849716557697795
1329.96309 0.06731213123477064 0.0084418522796404
1335.04367 0.06728956260465414 0.008441396456345123
1340.0028 0.06695999125123736 0.008402816287389274
1344.99405 0.06670264698957774 0.00837344073751804
1349.98954 0.06658444040585185 0.008361684457719482
1354.99898 0.06630283659378859 0.008329777252985305
1359.99877 0.06614852909879118 0.008314042561296045
1364.97917 0.06601503296837463 0.00830124317403672
1369.99832 0.06586217004504268 0.00828638983654761
1375.02401 0.06584555054539389 0.008288969599198136
1379.98559 0.06571964371870243 0.008278316998323404
1385.00138 0.06592641636169047 0.00830965474134234
1389.99858 0.06591879978043598 0.008314859562359408
1395.01182 0.06614813720670894 0.008350304196113887
1399.96834 0.066385550923499 0.008387339256096185
1404.98963 0.06628720801325558 0.008383384464051024
1410.01249 0.06664348530449725 0.008437122211615675
1414.97609 0.06706439923341018 0.00849956839908319
1420.00676 0.06702404703418557 0.008506045008960454
1424.99117 0.06742808977759769 0.008568955710047505
1430.01067 0.06803058992537933 0.008657866132183873
1435.00358 0.06907715556174969 0.008804369533882701
1439.98544 0.07002706024488567 0.00893988747839194
1445.02354 0.07031771741342963 0.00899599204560342
1449.96356 0.0718501950099706 0.009207503850999494
1454.99795 0.07186540471931462 0.009234170562801205
1460.00653 0.0735824381717232 0.009474970403446982
1464.98841 0.07636944308818513 0.009852848266756163
1469.99756 0.07773324711337663 0.010057357722205203
1475.00655 0.08042358163259192 0.010429179710546896
1480.00114 0.08369219502405716 0.010880323659061804
1484.98606 0.08607375571930957 0.011223611223361008
1490.02204 0.08979053676854547 0.011741824166226168
1494.99134 0.0 0.0