photon_energy_eV    total_yield    yield_error
4.09999548 0.0001409912507044041 0.00019103113353803505
4.1999922 0.00011203711275858041 0.00016669675179598707
4.2999985 0.00010217262106583743 0.00021106248586456837
4.39999935 9.887500032101084e-05 0.0002922658536527962
4.49999833 5.135063495402239e-05 0.0001750938149903563
4.600004699999999 8.992715675173987e-05 0.0002531101584411937
4.70000045 1.6687100987020983e-05 0.0001664553121292339
4.79999876 2.079833713152304e-05 0.00014385806468389948
4.899999200000001 3.577971403845239e-05 0.00016867004477093796
4.99999214 4.0831748077505394e-05 0.00010557329720421411
5.10000976 3.728667175757824e-05 0.00011669938795219816
5.20000199 3.7203340984787765e-05 0.00011671457242076597
5.29999677 5.7663241956479205e-05 0.000132858054340115
5.40001173 1.1613282214407145e-05 7.683076940581992e-05
5.499993059999999 6.921148586694103e-05 0.000106077046779683
5.6000028 2.9874015067351977e-05 6.462857562234304e-05
5.700008419999999 2.3587856074209998e-05 2.3608765006330522e-05
5.79998713 1.923663966348686e-05 1.5350957437658957e-05
5.9000094 1.8322120048824246e-05 1.5885484285776182e-05
5.999998219999999 3.0022047539426658e-05 2.0728036477473364e-05
6.099999859999999 4.141715114361746e-05 2.4018705262937148e-05
6.200016149999998 4.34927031691387e-05 2.3241549739759276e-05
6.299995439999998 5.884111724974389e-05 2.700556976212158e-05
6.399997179999999 7.389687765445455e-05 2.9927886326869215e-05
6.49999876 8.596699783351094e-05 3.0768259322183336e-05
6.599994999999999 6.586483789249023e-05 2.191753224171437e-05
6.699989369999999 7.195779632263284e-05 2.2478663021269625e-05
6.7999984699999985 9.457363637038255e-05 2.6624040975270314e-05
6.899990979999999 0.0001055270206022293 2.801348003238225e-05
7.000019999999999 0.00010660725494719418 2.6637703241703466e-05
7.099991950000001 0.00011449914860180048 2.7218179554703658e-05
7.19999193 0.0001060109390723842 1.5300778762213074e-05
7.299995789999998 0.00011003070426233849 1.532140786598251e-05
7.4000056899999995 0.00011355473238522158 1.5394615488086718e-05
7.50000752 0.0001289089672435912 1.702973796377742e-05
7.59995885 0.00013456547864317548 1.7475009919237338e-05
7.700022270000001 0.00014978643120616247 1.915900109657882e-05
7.80000564 0.00014211285747479187 1.7901496710183313e-05
7.900002719999998 0.00015918393393653474 1.9968782156983467e-05
7.999981419999999 0.0002103630824301258 2.5803943922624332e-05
8.10001869 0.0002204796949392217 2.679912191355432e-05
8.20000636 0.00021042021911147843 2.5525720139691054e-05
8.299976439999998 0.0002767339257480772 3.279246566340566e-05
8.39999191 0.00033116334818782665 3.870202859376552e-05
8.500014150000002 0.00032457456327594834 3.7892187746248414e-05
8.60002301 0.0004027896765104845 4.645749777453881e-05
8.700006679999998 0.0004988607079673418 5.69973706951984e-05
8.79998164 0.0006984506007528506 7.885948714078466e-05
8.90001507 0.0009171871610658017 0.00010273431689303113
9.000005280000002 0.0011759315236587744 0.00013090128736307005
9.1000004 0.0015541803992627462 0.0001719581917149931
9.19999421 0.0020386713612672333 0.00022440003042905238
9.299990319999996 0.0026221649741099535 0.0002874398341221788
9.399974209999998 0.0033258007950362064 0.0003632242404296785
9.50004385 0.0040867220179486114 0.0004450117033005892
9.5999998 0.004871203960391442 0.0005291202178377578
9.700012929999996 0.005744075941342619 0.0006224687115368156
9.79999685 0.006436753515451007 0.0006962742003887443
9.899996789999998 0.006949383092832181 0.0007506826369655473
9.99999084 0.0075395936427165655 0.0008131850286223142
10.099999500000001 0.007959975523000335 0.0008574385034132387
10.199988099999999 0.008725170090419374 0.0009383871670947556
10.300008 0.00971915725268941 0.001043667568261485
10.4000376 0.010363118168050817 0.0011115490325586293
10.499992799999998 0.013018695910281463 0.0013942327280028622
10.5999871 0.01610238144217165 0.0017218960030564005
10.7000049 0.019747708335085084 0.002108307420842581
10.799993 0.023920892499373757 0.0025497159425540814
10.9000031 0.027512264312259643 0.002928035770172757
10.9999941 0.029167626844800038 0.003099793937150027
11.100003900000003 0.02845095269065701 0.0030198325006834206
11.2000036 0.02933114715288048 0.0031083152635456883
11.2999744 0.03452646442450441 0.0036493287439666013
11.3999829 0.03941164117379032 0.00415336504698153
11.500015699999999 0.044683599063774705 0.004690619330041187
11.6000161 0.053151179078342825 0.005547907039084078
11.700036799999998 0.0765580401652747 0.00404729884341768
11.800010900000002 0.09294106724655612 0.004979714760764812
11.899983799999996 0.10286142891193235 0.0057037491755747355
12.000017699999999 0.11991543937677414 0.006723530452997591
12.0999887 0.13354425507527437 0.007968652868767065
12.199985199999999 0.1421312864065685 0.009278470412729337
12.3000409 0.1585749195851282 0.011204503155909542
12.400004700000002 0.16596984434697498 0.012234021517599001
12.4999978 0.18285195411951707 0.013677843531213827
12.599994799999996 0.19421940072458002 0.014472347892050349
12.700009799999998 0.19668390605295782 0.014499269930341572
12.7999783 0.2035671532174003 0.014773262325424846
12.8999965 0.21229584923748146 0.0153698830927314
12.999946499999997 0.2266237773705765 0.016485957412291086
13.100012900000001 0.23303236974973918 0.017401578029308803
13.199951599999999 0.24421236860648668 0.01890375861279872
13.300067999999998 0.253199700089879 0.020310109923897226
13.399997899999999 0.26607750645521105 0.022068516512405673
13.4999514 0.27825132522947277 0.0237462786304809
13.600061999999996 0.2852550146227777 0.0247695474748218
13.700011899999996 0.29889943240851796 0.026181919252475216
13.799963399999996 0.305067563558831 0.026809921590476987
13.900010299999998 0.3151058329484922 0.02767467347079742
13.9999808 0.3273438167169506 0.02866618335928887
14.1000188 0.33590013227413007 0.029514105964744516
14.199947700000001 0.3427380612492133 0.030287721152601556
14.3000332 0.3523002074645285 0.03150856940417832
14.399997499999998 0.35766917272185855 0.032495859838870475
14.499943199999997 0.36067992494204565 0.033343324762850186
14.599996899999999 0.36606798979369387 0.03442188734199808
14.699922299999999 0.3700164163648694 0.0353413554769233
14.800061600000001 0.37348562372048244 0.03610782950951793
14.899941599999998 0.384143747516515 0.03746523838470138
15.000038999999996 0.38132584897837896 0.037397497073859684
15.099981099999999 0.38200648330789655 0.03761212193447819
15.2000178 0.38526658940743486 0.038040418269238305
15.299973299999998 0.38856454516011896 0.0384471188105927
15.400030999999998 0.3876702165464643 0.03846759076474538
15.499992599999999 0.388119168497353 0.03868866276882773
15.5999875 0.3877244451488878 0.03887046668913582
15.699991900000002 0.3942067084922142 0.03977670708498593
15.800021799999996 0.3918907611545963 0.039787332123366166
15.899991800000004 0.3899116201034283 0.03981653814921717
16.000042399999998 0.38622014648628966 0.03959587145582762
16.1000256 0.38404326625599344 0.03943662240701831
16.200022399999998 0.384646007985821 0.039461199588396445
16.2999882 0.3841923061418909 0.03927528691510048
16.499995599999995 0.33071523501074934 0.03308291784221891
16.600016 0.3339817303594824 0.03360067168993346
16.6999802 0.33305640641605494 0.033710555374892315
16.800025400000003 0.3289326804688691 0.03350219149735692
16.8999929 0.327791794501357 0.033612661200268915
17.0000001 0.3244898288465839 0.033483269820796704
17.0999075 0.32220413182947705 0.03344014821623504
17.200029200000003 0.31374480686621414 0.032764604047717555
17.3000095 0.3091636934641874 0.0324696288753397
17.400070399999997 0.2996621448307991 0.031655951039019234
17.499969 0.2917337064875794 0.03099968455316414
17.6000595 0.28361698167698957 0.030291392734111768
17.699944700000003 0.27661391672986163 0.02969545038191751
17.7999344 0.2673404361080622 0.028834277027075382
17.9000915 0.25707404724474486 0.027851821044923557
18.0000318 0.2450761069925581 0.02666200433528401
18.0999432 0.23776538113055032 0.025964659868112378
18.2000226 0.2281575716688402 0.025000939567133257
18.3000107 0.22086058496944477 0.024276400727752254
18.3999415 0.21101253534261524 0.02325787393285277
18.500046799999996 0.2026005655453469 0.022382442355549124
18.5999186 0.19528662555397816 0.021619328859654407
18.700045799999998 0.1877085007167972 0.020817459142888566
18.799986099999998 0.18203028906223315 0.02021871612725577
18.9000079 0.17750551385181693 0.019741642921526574
19.0000082 0.1699913034241229 0.018927751965609602
19.099999099999998 0.16603290409301188 0.01850480215982871
19.1999937 0.16121244247494085 0.01798283381969379
19.300005899999995 0.15762241631519283 0.017595445092574585
19.399989099999996 0.15349627504783941 0.01714607819228869
19.4999881 0.14981278697857353 0.016744281362982744
19.5999875 0.1455908273814172 0.016281332801801544
19.699939600000004 0.14348410799947914 0.016052773135331086
19.7998271 0.1405155007177427 0.01572700106193427
19.9001503 0.13971149608202288 0.01564172274774311
19.9999916 0.13736732147301015 0.015383986872027959
20.0999815 0.13592554814292238 0.015226346061903477
20.2000426 0.12714450222698892 0.01424593203531507
20.299858899999997 0.12391505435701793 0.013886928585838516
20.4000545 0.12259692441471426 0.013741166730555046
20.5000422 0.12057573578977106 0.013516834519839982
20.600009099999998 0.11989068993505127 0.013441651189273872
20.7000805 0.1071593728305701 0.011700335840597419
20.7999268 0.1062037300117076 0.011608705796724104
20.9000986 0.10467797818137128 0.011454722386695622
21.0000145 0.0979149208244643 0.010725708278571106
21.1000173 0.09625952184918558 0.010552878031875289
21.199985399999996 0.10210457565720447 0.01120499075110725
21.2999785 0.09682941859278475 0.010634028474012092
21.399908899999996 0.09612985116087844 0.010565179183889937
21.500026 0.09561240250583221 0.010515047428360067
21.600130999999998 0.09741245436862393 0.010720318998254435
21.700018299999996 0.08725965273036021 0.009608811417635959
21.800018099999996 0.09553857743054214 0.010527688209195649
21.9000424 0.10179171713509474 0.011222385816360285
22.000000099999998 0.09266253839123124 0.010219878843119775
22.099996499999992 0.10607065928789194 0.011703527035587403
22.200100499999998 0.1088261465731673 0.012011801451603923
22.299977700000003 0.09841500059073388 0.010867010792988078
22.400101599999992 0.11430515495964348 0.012625996223628057
22.499928999999998 0.10809511830349461 0.011944332769896978
22.600024100000002 0.11348685973242033 0.012542024605742396
22.6999611 0.1144950378101235 0.012655550033164537
22.7999787 0.11546231791465543 0.01276462816185054
22.9000674 0.11552785332610747 0.01277287512228304
23.000001300000005 0.12005877494286958 0.013272919627630515
23.0999827 0.11680556438729113 0.012911513459623838
23.200045500000005 0.11390394842971217 0.01258666376133637
23.2999586 0.11565274682723609 0.012771779852849247
23.3999754 0.12070167894242079 0.013308252703791393
23.499906899999996 0.12225776993941624 0.01342898234124116
23.600058299999997 0.11348686958127965 0.010562459512784306
23.7000115 0.11507363489538233 0.010710764658899155
23.7999817 0.11449312321560146 0.010657199124631818
23.8998653 0.11913124650792309 0.0110890066596131
23.999978999999993 0.12131074397752152 0.01129159044710164
24.100128099999996 0.12054826307700565 0.011219979964732703
24.199824400000004 0.12048353592192386 0.011213021892634916
24.300155999999994 0.11998452779591161 0.011165269903042074
24.3998635 0.12631421948747848 0.01175286375258281
24.500049199999996 0.1270933020732612 0.011823141161202155
24.600121499999997 0.13078718786378452 0.012164677200389109
24.69996769999999 0.13289787049126192 0.012358393929575068
24.8000247 0.13295736808613648 0.012361420086100187
24.9000849 0.13426697836557666 0.01248040356152798
24.999832299999994 0.1348684075953809 0.012533604611549105
25.1001246 0.13467246416670264 0.012512969239050131
25.1999795 0.1401583011372543 0.013020115201225124
25.300108900000005 0.1407688473401245 0.01307449753112884
25.399824699999996 0.14149281666733887 0.013140066539015506
25.5001703 0.14272883280460327 0.013253379276468982
25.600026499999995 0.14425303062577158 0.013394509536069571
25.7000202 0.1441418012792938 0.013384042097274043
25.8000367 0.14432254946939474 0.013401312565545793
25.8998479 0.14452327963736342 0.01342136569676102
26.0000478 0.14119511495586037 0.01311438400540111
26.1001354 0.13917481191814204 0.01292966114123327
26.199930699999992 0.13693429556673287 0.012725333373350968
26.3000965 0.1364107997240235 0.012680860629926485
26.4000059 0.13198872233101827 0.012274870181609691
26.4999888 0.12666170202407723 0.011784860335436884
26.600038 0.13129170929723996 0.01222164594722388
26.699913499999997 0.1320637874706341 0.012300127091877177
26.800130899999996 0.13182986197835556 0.012285056233904378
26.9000393 0.13367300916964994 0.012463926574069733
26.999861299999996 0.1324973443444524 0.012361303121938116
27.100066799999993 0.13204209864449737 0.012325598100943802
27.199991199999996 0.13099462379524332 0.012234139622501188
27.2999244 0.13055400014527807 0.012198440162589558
27.4002265 0.12889194444404753 0.012047724542500929
27.499908799999996 0.12766281256232256 0.01193621001132506
27.599945599999998 0.12606489957385295 0.01178880015071761
27.7000859 0.12432238806878934 0.01162612049317874
27.799945 0.12328143449670179 0.011527346818035791
27.9001451 0.12226785903071744 0.011429191161377819
27.999916999999993 0.12088843965907829 0.01129486261859405
28.099759799999998 0.11949743657260899 0.011157684447656777
28.1997973 0.12089864895987133 0.011279155736650549
28.300549699999998 0.12018923415379332 0.011201616791118951
28.4000473 0.11911994188737624 0.01108964091022399
28.499981399999996 0.11806207575476999 0.01097746933806557
28.600086699999995 0.11673958781956766 0.010863720712866166
28.699618799999996 0.11546486021309271 0.010746258245497096
28.800456099999998 0.11448513706633073 0.010655754395023382
28.899820499999997 0.11298387278913948 0.010517333598556373
28.999735399999995 0.11215946452114026 0.01044155751668136
29.100274400000004 0.11135153616537388 0.010367159708305275
29.200258799999997 0.11050122095719013 0.010289171387553604
29.300160900000005 0.10934012722431753 0.01018201172436621
29.3999014 0.10928673140026705 0.010178109543106837
29.4997545 0.10775792177698434 0.010036737173781635
29.600288099999997 0.10728594752047119 0.009993599324402903
29.699923499999997 0.10677482834395077 0.009946834759182644
29.799796499999992 0.10535781039933312 0.009815951585269489
29.900270399999997 0.1038391726307608 0.009675201730483559
30.000173899999993 0.1024681693436834 0.009548121446989041
30.09978479999999 0.10115272679235743 0.009426566277166992
30.200357499999996 0.09970457993545374 0.009291984963383794
30.299803999999995 0.10543775152308418 0.009827246831862726
30.399831999999993 0.10498169822728377 0.009785392688560629
30.500370699999994 0.1047963182346685 0.009768584975461063
30.599893199999993 0.10451602064086003 0.009743194817630117
30.699605300000005 0.10510615755501646 0.009798895379229735
30.8002019 0.10514888531261186 0.009803231681500218
30.9002116 0.10498347739168473 0.009788326638778155
31.000008999999995 0.10504918638486642 0.009794973027558397
31.099978899999993 0.10579845462852429 0.009865286167027127
31.200038899999992 0.10662388756965534 0.009942648862741077
31.2998643 0.10702413149985739 0.00998043855452308
31.400088799999992 0.10799167113122354 0.010070897970777384
31.4999031 0.10816512160584153 0.010087618581479873
31.600190899999998 0.10847554261839669 0.010116682385193393
31.699887500000003 0.1090413851763861 0.010169859836866363
31.800132599999994 0.11038591151271289 0.010295578242482699
31.9002653 0.11128231554518987 0.010379287905129365
32.00027759999999 0.11249361425169108 0.010492474211026073
32.09957169999999 0.11373208812657307 0.010608346834890568
32.20016179999999 0.11504663136070194 0.010730890738537838
32.30002019999999 0.11669483463110478 0.010884785777023705
32.3999852 0.11612177754121919 0.010831504577739315
32.500053 0.11729725791375156 0.010941165964066364
32.59987249999999 0.1180604185298613 0.011012515714693277
32.70004479999999 0.11982555116224469 0.011177092482933115
32.8002194 0.12158128603745144 0.011340781988438443
32.900125 0.12316950954033189 0.011488937981641556
33.00001819999999 0.12315105317864158 0.011487215509352411
33.1000723 0.12522266083999675 0.011680352121402643
33.2000143 0.12505990525557403 0.011665209327897448
33.2999275 0.1271798089921154 0.011862716148229362
33.399896899999995 0.12847916889590494 0.011983789554169878
33.5002849 0.13007906503012792 0.012132755560188106
33.5999866 0.1308784375012685 0.012207206016403677
33.700190799999994 0.13229493865852468 0.012339129607638848
33.7997808 0.13489606211849106 0.012581698669012568
33.89986729999999 0.13635910964290093 0.012717795426848703
34.000076 0.13813068658234232 0.012882789237370545
34.10021379999999 0.13988320111921762 0.013045892538432304
34.20008299999999 0.1422621682417124 0.013267580590764941
34.2996736 0.14447669325449733 0.013473836909533694
34.4001361 0.14595277604840698 0.01361122805653606
34.5000216 0.1479220197208866 0.013794483818979235
34.5999998 0.15020811217083577 0.014007303594601818
34.69996879999999 0.15211725417593056 0.01418493769410075
34.80022029999999 0.15419255151888925 0.014378074607810258
34.89975879999999 0.15808639589916945 0.01474074142888354
35.0001687 0.16017628326949693 0.014935037606317987
35.0999499 0.16164195151494767 0.015071307834344837
35.19999799999999 0.1636064393152731 0.015254083681038557
35.300007099999995 0.1661429519694856 0.015489918122781473
35.4001765 0.16759729104050755 0.01562509030676947
35.5000922 0.16934575517074632 0.015787961032680847
35.5995379 0.17120150201000156 0.015960174112314998
35.70037539999999 0.17269190869809445 0.016098323091756583
35.8002149 0.1749875278503574 0.016311749645415166
35.8998772 0.17672398464166492 0.016473077688493397
36.00009589999999 0.17742819807693147 0.016537829771099896
36.09981080000001 0.17996206670073514 0.016773885211318732
36.19997250000001 0.18333588355663455 0.017087682847360126
36.30047629999999 0.1842916933959247 0.017176644166709595
36.399266 0.1870115807337077 0.017429341244763186
36.50066329999999 0.18810030675652586 0.017530211641344846
36.59999989999999 0.188983262524857 0.01761182882604552
36.6999886 0.1913103716077138 0.017827713279160193
36.79997199999998 0.1925393247288287 0.017942297195506336
36.89972269999999 0.19227232098452876 0.01791636575648187
37.0002394 0.19390119463914457 0.018067298868761062
37.099393299999996 0.1951263873689344 0.018181313048408122
37.1999845 0.1967166664957886 0.01832902124987839
37.3005543 0.19757286100880114 0.018408770177724458
37.399612000000005 0.19826500801735256 0.018472171657976568
37.50057610000001 0.20068017604031496 0.018696138708561124
37.5995452 0.2028321074082035 0.018895964597543124
37.700315499999995 0.2038618700713456 0.018991199450391003
37.7999928 0.205830860417498 0.019173488902841686
37.899963899999996 0.20743978639941285 0.019322738774315857
38.000111200000006 0.20911141085701976 0.019477704533395472
38.099840199999996 0.2076183717216484 0.01933956295970344
38.19985559999999 0.21164126948274983 0.019711309888757272
38.3000378 0.2125591696605741 0.019795762134966907
38.4003855 0.21308097912608512 0.019844117767205495
38.499928 0.21359501550574145 0.019891417391319194
38.5998662 0.21587787416572946 0.02010248513141804
38.699835 0.21841771941342822 0.020338077033095668
38.8006921 0.21835953452825743 0.020331781664236034
38.8998504 0.2196431600726128 0.020450093717254605
38.99951690000001 0.22234008265138985 0.020699381585093827
39.0995705 0.2211529074377126 0.020587807256236452
39.2011433 0.22348680953586833 0.020804368631689257
39.299458900000005 0.22451170700521467 0.020898753312216224
39.4006788 0.2259394784257428 0.021027744927559575
39.499616599999996 0.22493143164627932 0.02093673920334181
39.6003339 0.225914464577142 0.021025805124260884
39.6996342 0.22738758519411448 0.021160986049137267
39.800339799999996 0.22771600369646738 0.021191341096355076
39.899866499999995 0.23007341679440177 0.021403561522797817
40.0005459 0.22717595650895955 0.021139732664224756
40.09976369999999 0.22910861631410237 0.021316705565957914
40.2002672 0.22945083670493266 0.021347389223118404
40.299550499999995 0.23158982645922088 0.021539703886112115
40.400259 0.2318931125469306 0.021572557792407174
40.4994616 0.2324458023646421 0.021623291343960807
40.6003649 0.232689814913297 0.021640713757198064
40.6998771 0.23303161234519656 0.021669536895381696
40.8004224 0.2340043579280252 0.02175956458344968
40.8994154 0.2351788054087327 0.021865886654885622
41.0006755 0.23657685551826346 0.02199178315840721
41.0999536 0.23564283689648344 0.021906141404585668
41.1997137 0.23748439480516106 0.022074355688473248
41.3003773 0.23677568427161955 0.02200934332787628
41.399713399999996 0.23340419441238738 0.021701944544747782
41.49995059999999 0.23658281731995467 0.021986460674634254
41.6002501 0.23603682531754028 0.02193771789870649
41.699899 0.2377700699226343 0.022087060072584326
41.80016909999999 0.2342085239340187 0.021762686739608513
41.90006189999999 0.23598695599274044 0.021928277341637843
42.00003629999999 0.22729160295575307 0.02889707784555491
43.0000258 0.23479016024857607 0.02842274131566382
43.99993220000001 0.23129515743681925 0.0270965424153365
44.99967479999999 0.22914162719892892 0.026058419061685247
46.000243699999984 0.23587374796558425 0.025874909611797427
47.00001679999998 0.23834766719882414 0.025265770688339743
47.99996560000001 0.24270553501062814 0.02518899176130929
49.0000442 0.24160228514719437 0.024666529374470163
49.9997872 0.24038675090721828 0.02462573975815148
51.00005039999999 0.24288125597661483 0.02510247560433043
51.9999942 0.24230985405194355 0.024878247196314665
52.9997623 0.24174605551937642 0.024190270693536565
54.00007089999999 0.2461755299209199 0.023829530220376212
54.99997259999999 0.26551086132462215 0.025199174563539675
55.9999436 0.25218921894639557 0.02335384780462271
57.000048400000004 0.2549923327886536 0.02325485300955036
57.99990989999999 0.2562105263646478 0.023067196593572595
58.999579499999996 0.2598229827264654 0.0231031932579179
60.0000457 0.264114384685319 0.023244389336622356
61.000277199999985 0.27331194946934395 0.023848945406667134
61.9999118 0.2864965936187234 0.024841036288475164
62.99991030000001 0.28578610013320127 0.02461850971105496
64.0001187 0.2790536613207301 0.02390652819003329
64.99971339999999 0.2752809371071644 0.02348511426820418
65.99985489999999 0.2843625665761456 0.024221543043049118
66.9999432 0.29158525825426357 0.024802892998660828
68.00049099999998 0.28926218902759765 0.024560696624698633
68.9997021 0.2894579861043378 0.02449439691888408
69.9998166 0.2907366900063 0.024520515438234226
71.99991960000001 0.2584282772433299 0.028072504503720536
72.99958639999998 0.2553409480253392 0.027895159409317704
74.00030859999998 0.24596232705429558 0.026929705890372673
74.99979719999999 0.245272180274908 0.026834913285959196
76.00002919999999 0.2402555438967137 0.026384000241173083
77.000133 0.23814136646736675 0.02620346141977043
77.999859 0.24194319296188138 0.02666828989696921
79.0002793 0.24023262532599013 0.02651450968562102
79.9999504 0.23856136411501774 0.02635893483806206
80.99989740000001 0.23825179760593862 0.026350127113647516
81.9999755 0.2378162415744043 0.026325538992922136
82.9993932 0.23700704849047274 0.026259322066587834
84.0001079 0.23850545547275712 0.026450962801644697
85.00018309999999 0.2353564551720041 0.02611824241951714
85.9997212 0.2324692759201623 0.025813440197544307
86.99992219999999 0.22914888695035293 0.02545834868229377
88.00030829999997 0.22596961856264586 0.025116720926105392
89.0000805 0.22547048840459086 0.02507524645364801
89.99984049999999 0.21727917113514744 0.02417209231201283
90.99979239999999 0.21506033324093196 0.02393696515515199
92.00004409999998 0.21497839494743304 0.023939440383738995
92.9998015 0.21109977914097172 0.023515339325000068
94.0001425 0.19859107290889486 0.022122714434573948
94.99968269999998 0.20935974001337532 0.023339560555014457
95.99867389999999 0.21081208047137356 0.023509283976642238
97.00130009999998 0.19041210930638766 0.021226359151550096
97.99953519999998 0.2163836180129119 0.02414612314179771
98.99977409999997 0.21486097486824166 0.023979409120310567
99.99982249999996 0.19642639107344026 0.02191237028988079
100.00018100000001 0.23483585802075568 0.01876026139079579
101.000083 0.22719766117617798 0.01815031309460221
101.999865 0.22871004787667504 0.0182728320986657
103.00002 0.2345524448209534 0.018742254337512886
103.99949999999998 0.23320525326611832 0.018636593279583863
104.99988099999999 0.22843666303975874 0.018256923632724343
106.000206 0.2221651509029327 0.017757148796693396
106.99946599999998 0.22206070016046703 0.017750768483344812
108.000504 0.22408895850909763 0.01791398767870986
108.99890699999997 0.2203716801195047 0.01761793325660572
110.00091699999997 0.2248474834175612 0.01797713363288144
110.99917999999998 0.22212399918592335 0.017760621181653433
111.99990599999998 0.21746973809237927 0.0173898247654102
112.99971399999998 0.21923937892733977 0.0175327162314798
113.99936499999998 0.22181269580988577 0.017739802949176934
115.001152 0.22038575157374166 0.01762650791944685
116.000105 0.22312220884666853 0.017846305498171493
116.999802 0.21394721988295515 0.017111716641712054
117.999592 0.21498487540283767 0.017195203916736842
118.99931199999999 0.2181193525795198 0.01744661709947968
120.00079099999999 0.23939464270063668 0.01915162275390809
120.99936099999998 0.21725162921659658 0.01737734824552268
121.999452 0.21210215334584012 0.016964668771261293
123.000657 0.21931391453769672 0.01754240182914859
123.99878599999998 0.23052535098769514 0.01844021401023733
125.000896 0.22335232459350193 0.017865198764164265
125.99965599999997 0.21989183231776732 0.017587274410564215
126.99986699999998 0.224830815672442 0.017982267648311984
127.99993899999998 0.23098310745752645 0.01847438733353397
128.99883299999996 0.22996356000315857 0.018391601988475025
129.99945199999996 0.22975868977231853 0.01837441381047164
131.00117299999997 0.23305654636586343 0.01863729260372403
131.999908 0.2315904927938817 0.01851859609101583
133.000377 0.2368611121580632 0.018939264566964802
133.99954199999996 0.24281682926513876 0.019414674404919
134.999779 0.24008410422591875 0.019193648247824824
135.999418 0.24765256636079047 0.019797862332858802
137.00024 0.2618520915038208 0.020933312463144227
137.999433 0.2624449624216966 0.020977882649735487
139.001094 0.255523930182198 0.02042051650972818
139.99927600000004 0.2607839785016642 0.020838135298998674
140.998563 0.26343069759798177 0.021045551414890794
142.00148900000002 0.2670246645772573 0.021328530532979423
142.999037 0.2714929929035689 0.02167963631389731
144.000088 0.27654881372639745 0.022077238735982687
145.000296 0.2819997092967907 0.0225048892832144
145.99983499999996 0.2870886717101465 0.022901990517753268
146.99918199999996 0.2959569327723664 0.023600083997170108
147.999787 0.3143297991375464 0.025057144546763447
148.99966799999999 0.3224607818935581 0.025692320777119963
149.99984999999998 0.32811499141962186 0.026127754035897142
150.96821499999996 0.33526001475594563 0.02667183049625579
152.026692 0.338892954605058 0.026947919347907554
153.00296199999997 0.3292029827233377 0.02615351973998787
154.003148 0.3287313696755013 0.026093584961689554
154.99865599999998 0.33652578239667097 0.026692918101528088
155.99930199999997 0.3505720789096056 0.02779145028389525
156.998375 0.3575577885897977 0.028323334240566753
157.997567 0.36124572486111906 0.028590845249585474
158.99950200000004 0.36587157146823784 0.028930902816753392
159.99452999999997 0.369350155943668 0.029179155773750087
160.99499599999993 0.3723704043213066 0.02939319649303277
162.00233 0.3567338397642091 0.02811653813538076
163.00491999999997 0.36225062331282126 0.02851718295967291
164.00489099999996 0.3656659417673068 0.028744182891726467
165.003382 0.37341681004011923 0.029305757018266203
166.000709 0.3825494803450328 0.02996819472884607
166.99817 0.3878531584440301 0.030326067594208056
168.000446 0.39268932982854216 0.030645993828757774
168.99695299999996 0.39759605494154937 0.030971595385733276
169.99605099999997 0.4032515639788567 0.03135796771018838
170.99651799999998 0.40874410568499225 0.03173477912177544
171.992195 0.4139184029079709 0.032099114194382626
173.00629199999997 0.41898285456497286 0.03244774909603311
174.005535 0.4237358826438478 0.03275548570731217
175.001165 0.4299684651147779 0.03316829838808772
176.00383399999996 0.4349525463753972 0.03347761501133513
177.00008700000004 0.4402511937220853 0.033817386619940784
177.99723599999996 0.443575444113283 0.034012485076320056
178.99915099999996 0.4473722230544418 0.03425329406023257
179.99863299999998 0.45129930967607707 0.03450672573270391
180.99569299999996 0.45422001940517187 0.034686555901031826
181.99356600000002 0.4567098956288405 0.034848878184522085
182.99830899999995 0.4587144659693755 0.034985636913667344
184.00981599999997 0.46036909168076906 0.0350815285910085
185.00187099999994 0.4612114834433319 0.03510774393252187
186.003726 0.4609572583159556 0.035045508695341655
187.00237499999997 0.45987726369739523 0.034921007866048626
187.99905299999995 0.45905229196633673 0.034822034940266006
188.99389999999994 0.45828582671734347 0.03473584772130752
190.00135700000004 0.4580149446480793 0.03469200198005426
190.997077 0.4569231873113741 0.034591547726829486
191.99713499999996 0.4546427603589796 0.03440358329727713
192.98975199999998 0.44871030058082745 0.033938559933192655
194.009888 0.4467690127136377 0.033775350701504975
195.00126399999996 0.44459392677534765 0.03358864189617208
196.00412999999998 0.4446456262112285 0.03356699956369159
197.00522699999996 0.44279268411761813 0.033393464526900084
197.99850999999998 0.443904679220483 0.033454861455503346
198.99777699999999 0.4442026447807598 0.03345730771473937
199.99903499999996 0.444961260726781 0.0335022298777462
200.99603 0.44577488287527184 0.03355823111650308
201.997531 0.4460373454482857 0.033578529636124385
202.994623 0.44652802416175347 0.033627664365439604
203.99988299999998 0.44736826268083385 0.0337050463408854
205.00812699999994 0.44840617833300905 0.033790124145950395
206.00369899999998 0.4492577237418804 0.0338561710201549
207.00291099999995 0.4493446050541087 0.033860503998143034
208.00286400000002 0.4495312471837287 0.03386886228533314
208.99159899999998 0.44975092450769744 0.03388150856911344
210.003199 0.4502212923654562 0.033910036221353995
210.992401 0.44977597538763925 0.03386661861065665
211.998433 0.4519682158003744 0.03402996333719843
212.99620799999994 0.45365443042858267 0.03415371026320067
213.991016 0.4560656475281954 0.03434726731498871
215.01173999999997 0.45672818922924757 0.034389133409233455
216.005695 0.4586238643679793 0.03451628000892398
217.002888 0.4602902557028543 0.03461356964666303
217.999705 0.46195868944306984 0.03470731719518662
218.99933800000002 0.4635062719894953 0.03479480433671754
219.99949200000003 0.46434268394771755 0.034835523965896426
220.99788899999996 0.4660785342297701 0.03495137424477685
221.99543799999998 0.4663687539205276 0.03496053759499407
222.99711300000004 0.46615417815940413 0.03494115324814981
223.98990000000003 0.46689915884627736 0.035006474556580916
225.003871 0.4670689625929289 0.035028875820054456
226.00868000000003 0.4648767503184433 0.034857102265050406
227.002563 0.462593590090603 0.0346762482722114
228.005948 0.45853588657131145 0.0343556311504069
228.99685699999998 0.45190203991305633 0.033837230578366635
229.99603299999998 0.44120604329363877 0.03301575973908169
230.997166 0.4387899594421182 0.03284986386098805
231.998575 0.43794498843869256 0.03280714260679418
232.993843 0.43720657205737123 0.03277540211128872
233.99802299999993 0.43692479702362447 0.03278319325843682
234.99263199999993 0.43522503615106783 0.03268394184141687
236.00961199999995 0.43311817872304803 0.03254809966028971
237.00717899999995 0.43053503843513 0.03237203552651712
238.00604999999996 0.4272326934871751 0.032140201391127984
238.99468299999998 0.42374746952335285 0.03189438496148205
240.003167 0.42073469555473786 0.0316866289253215
240.998994 0.41696113211793834 0.031425048781194884
241.991156 0.41439296563104694 0.03125776969038995
242.99958499999997 0.41224961744901967 0.031119608026018812
243.99721799999995 0.4101134422636267 0.03098333305646836
244.99486899999994 0.40741627247407824 0.030803580650318258
246.00492299999996 0.4050065734488858 0.030642199891813333
247.00540699999996 0.40182760498891945 0.03041466533832432
248.00167199999999 0.3988786785000257 0.030201742728568695
249.00182799999996 0.3963918350691151 0.030023172810901486
249.99913499999997 0.39409326390991856 0.02985870449595352
250.99666999999997 0.3920231065440057 0.02968477044779705
252.00079199999996 0.39209967202157703 0.02967943204673638
253.001034 0.3911514780454395 0.029592429239199393
253.997466 0.3898665226738224 0.029477492286949507
254.999936 0.3884595641241491 0.029352651661851102
255.999663 0.38692639258519823 0.029218097807148315
256.99729999999994 0.3871544702546285 0.029221704219987366
258.998315 0.34103878628877204 0.038323629637168816
260.00174 0.33721500477221145 0.03789407442037083
260.995975 0.33336109353224924 0.03746106237289846
262.00136 0.3296900745293656 0.03704844731008339
263.00224099999997 0.3257110132496259 0.03660150621005258
263.999874 0.32256256578538606 0.03624755053655173
264.99828799999995 0.3198456850809032 0.035942209540933225
265.99635 0.3169288260625838 0.03561431515375989
267.003004 0.3149428513374815 0.03539105536613468
267.99670699999996 0.31230416991421284 0.03509439584258372
269.00233399999996 0.3094351399078399 0.034772147341492074
270.000088 0.30665458750332103 0.03445961810401072
271.00171099999994 0.3041140812586852 0.03417429968907621
271.99989899999997 0.3020461258374078 0.03394201890593143
272.993029 0.2980532189931679 0.03349372632766202
274.00202699999994 0.29417931675296166 0.03305889564772853
275.00313900000003 0.29023991256306875 0.03261685901561511
275.998446 0.28622653115855734 0.03216654231132669
277.00451999999996 0.2815753448653273 0.03164475463488221
278.0029870000001 0.27624895889650375 0.03104721079589709
279.00218499999994 0.27070995292949207 0.030425913248435795
279.995565 0.2632686963864083 0.029591170258652814
280.99919299999993 0.255773796845247 0.028750572044822943
281.997661 0.2452663464565378 0.027571935234665283
283.000752 0.2336158491524173 0.02626532904277057
283.998102 0.21846396500860296 0.02456628949044199
284.996386 0.19543207534821233 0.021983607607240652
285.997588 0.13725632226510098 0.015452323539276332
287.00183599999997 0.04626610694053558 0.005235003807039795
288.002862 0.009724769764079093 0.0011186308413553385
288.9987729999999 0.01641156358055234 0.0018702622481230142
289.9970089999999 0.018448330040866052 0.0021039080578162204
291.00004999999993 0.029776503347576113 0.003405409771976669
292.00012399999997 0.12282272016653362 0.014047886008637414
292.993897 0.255249810573346 0.02915752109461
293.998557 0.2798629505583105 0.0319319235705051
294.9991979999999 0.41999855872528113 0.04776695274372601
296.00897899999995 0.5929974289199553 0.06722919591823609
297.00246699999997 0.7446651961535341 0.08415858806728349
297.99044499999997 0.7110533487896026 0.08031680399973988
299.001182 0.6397208882942929 0.07224087292791759
299.997117 0.583063125789093 0.06584507519886496
300.9984559999999 0.5328495692062906 0.060193380547797846
301.999215 0.5067186035772817 0.057239872110023085
303.004068 0.49244283827939345 0.05561519702755224
303.998151 0.4871268512040014 0.05499510328731195
305.00084699999996 0.47121066153521124 0.05318935437519645
305.999143 0.4708516284905717 0.05312734006056061
306.998842 0.45752923166120857 0.05161530099801847
308.00233799999995 0.4590650078176805 0.051767059051666765
309.006594 0.4532842419497286 0.0511006086861772
309.9951469999999 0.45214724477565976 0.050954878720976475
311.0032049999999 0.4527270325950431 0.051000885899775875
311.991143 0.4450091386868272 0.050118112151873555
313.00166899999994 0.4348521938182541 0.04896192708580036
314.004021 0.4172398994959749 0.046972023937761176
315.002782 0.3909783426137527 0.04401536287989754
315.996587 0.36979951232257785 0.041630170110164004
316.99867199999994 0.34691384318549584 0.03905533258581343
317.998396 0.3314198398399028 0.03731139786742468
319.005498 0.31734794214901607 0.03572818709545576
320.016922 0.37672863896961895 0.031593274098440274
324.997914 0.3496114230779108 0.02905441241778667
329.989297 0.3509128934325855 0.028787761712427824
334.99167199999994 0.35526446282516844 0.029408170372905898
339.99199899999996 0.34929012609942167 0.02916982578534494
345.013552 0.33550065566954296 0.027951239688135347
350.014908 0.32280447635855986 0.026633317026256577
355.006255 0.3111880298224632 0.025679336290876955
359.978298 0.30198178091144634 0.025017653418712447
364.985812 0.29591066525319515 0.02459528271183042
369.99441099999996 0.2937443892842512 0.024751576313101757
375.03278 0.2951029950183953 0.02466657949726339
379.99144099999995 0.2884011656376143 0.024205260434739122
384.99717000000004 0.2806641363634534 0.02373874795950093
389.96119899999997 0.27290590812199605 0.02325930984210781
395.026179 0.2655028987512081 0.022680301592407314
400.02904199999995 0.2593099158108988 0.02212858276655954
404.9875089999999 0.24407928581263846 0.020344333824796623
409.972753 0.2462770466722857 0.020787144758202366
414.973051 0.2378558406717486 0.020001051651109526
420.034292 0.2523926939214826 0.021690003952882196
425.01294299999995 0.2438059885258278 0.021252479443495256
429.99498599999987 0.23254612277530815 0.020489543537916967
434.9785519999999 0.2208240868295053 0.019628900588456906
439.9872799999999 0.21078127714760217 0.018871735070366668
445.02939299999997 0.2028584412403172 0.01821853608605778
450.0089540000001 0.1970335709386934 0.017752587117273975
454.97126399999996 0.19485751145886382 0.01755925438270345
459.992213 0.19220253107298216 0.017326289409081604
464.99628800000005 0.1896034320187183 0.017112991690135526
469.994001 0.18658695364079342 0.016843524227495323
475.01953499999996 0.18391238636365942 0.016595132721070674
480.01170299999995 0.18113442043575523 0.016343642405517396
485.001285 0.179003178192955 0.016172095468169924
489.97971999999993 0.17722429983535354 0.016018247787382128
494.9818979999999 0.17571947788759204 0.01587883196718164
500.00026399999996 0.17453997708698737 0.01578243826455016
505.00692 0.17355407430100456 0.01568947917289059
510.007399 0.17271844782800938 0.015556590904031433
515.007716 0.17283346592945614 0.015454173745672175
519.9980189999999 0.17384549961716692 0.015391151632858122
524.987161 0.17581686863362525 0.015350874902966131
529.97949 0.1710141456281441 0.015009227412686735
535.001906 0.16662649599012494 0.01470738852437998
539.99795 0.15118041409719873 0.013392493328029597
545.022766 0.15420497601586997 0.013931394498817204
550.0042569999999 0.1563484024887271 0.014056196804393841
555.013365 0.16932869183050236 0.01534113288624341
559.9655439999999 0.17358487968995706 0.015903819147752025
564.9892930000001 0.16169829617999917 0.014965609555021835
569.9862659999999 0.15309078689190903 0.014264279235549685
575.007602 0.14878782403604787 0.013895329825954547
580.0242389999999 0.1461897031800384 0.013658379998315824
585.01255 0.14296822090145436 0.013380576091956158
589.9687649999998 0.1400388239844105 0.013153991630855929
595.006553 0.1373831570282864 0.012938834546814604
599.9676500000002 0.13476382400110565 0.0127499528433115
605.011892 0.1323583735534521 0.012573104547912717
610.0187539999997 0.12988972812974442 0.012365273197867482
615.009409 0.12759368211210376 0.012147888066634704
620.019521 0.12507167655086118 0.011912529192539718
624.9802409999999 0.12223889675211308 0.01169882368975947
629.971093 0.11907277375428439 0.011485756836600212
634.9809519999999 0.1161243450542143 0.011273859212081157
639.991593 0.11298972084392989 0.011059197728487818
645.01622 0.11092027501021798 0.010882151528047269
650.025624 0.10927439085685828 0.010744150101050566
655.0119910000001 0.10757995461522482 0.010607504702854263
659.995688 0.1057768710824593 0.010455971960668511
664.9673530000001 0.10422637358412101 0.010328663089204885
670.007072 0.10295571901095861 0.010230968543833938
674.9804009999999 0.10194708464870919 0.010160621291897673
680.0327609999999 0.10085264094178881 0.010073817094336345
684.99199 0.10039295437321902 0.010051769700523178
690.0114169999999 0.10576243235680265 0.010681904272562973
694.992268 0.11181511179267538 0.011388414102202565
699.9803949999998 0.5507207325048412 0.06068410436010548
704.9904999999999 0.47438058095230806 0.052138009417892796
709.996103 0.2485409508324892 0.02680371434446918
715.021168 0.3337024273003904 0.0363604513409772
720.0117329999999 0.33087118658773806 0.03607558486437359
724.9869569999998 0.34841075846910696 0.03805238636062814
729.998391 0.3573310553453722 0.03906128313638294
734.987344 0.29245465131884807 0.03179195390013282
739.9933089999998 0.3028720359259192 0.03297766262111678
745.012739 0.3034318272660249 0.03306466625962574
750.0024429999999 0.3085597355650582 0.033673064881487476
755.0097489999999 0.3351260835646419 0.03667084813480218
759.9940709999998 0.35182121518707715 0.038551295876783534
765.0055809999999 0.3243549304554737 0.035472645309655326
769.996333 0.2964828699302971 0.0323540609964856
774.9902870000001 0.28922515353510025 0.03155532288903459
779.998729 0.29366775640883724 0.03207096142051313
784.996621 0.29747579482653447 0.03251043193130719
790.0004319999998 0.2934296770019821 0.032064757400553166
795.0129479999999 0.28409194352724276 0.031022579860290115
800.001364 0.2807509243313704 0.030650522020209847
805.002786 0.283754066068473 0.03098848514989812
809.995452 0.2816625129700619 0.030753011943115867
815.001107 0.28182556720528124 0.030771162652509745
819.99482 0.28309290867048903 0.03091425973794231
824.9973109999997 0.28470390147146446 0.031096475805114807
829.998521 0.2806245757850688 0.030639231926866205
834.9944719999997 0.27587806394386666 0.030106507967347842
839.9795399999999 0.27172072524541185 0.029639755433335937
845.0178929999998 0.2663525339005603 0.029038411291675947
850.015159 0.2638439793724733 0.028759575535812355
855.00571 0.2644338034108255 0.028825075074747842
860.0017969999999 0.2642614676360077 0.028805102717147237
864.994959 0.26168075783459266 0.028516215774290112
869.9997119999998 0.25831548473939486 0.028138401011427158
875.002244 0.2551676347439459 0.027785483194298383
880.001369 0.2524081429164564 0.02747640397982693
884.9956839999999 0.25077209485694735 0.027293504815789068
890.0062319999998 0.24971847149843493 0.027175786911241256
894.992614 0.24795999187963466 0.02697899202256522
900.002394 0.2464688206941441 0.026811671391871936
904.9912819999998 0.2457176265546856 0.02672718800134333
910.0085599999998 0.2446418162281784 0.02660609772731336
915.000301 0.24346333555753985 0.026473027972886996
919.983271 0.2423815197534484 0.026350370472716492
925.0016250000001 0.24056599315669722 0.026144421511310384
930.004367 0.23834069499922927 0.025891259125580345
935.0009839999999 0.23638180099083386 0.025666593544081084
940.0015519999998 0.23412763513378657 0.025407279505149205
944.9833320000001 0.2321070867763574 0.025176457232065227
950.002154 0.2308623946050704 0.025031031056741922
954.998767 0.229407313544808 0.024862624614920722
959.9886189999999 0.22751574433880223 0.024645233753532607
965.00046 0.22575896538292442 0.024444019379138926
970.007618 0.22427964177907064 0.024274204058804667
975.0070109999999 0.22244465435883948 0.024064761606141207
980.0030329999997 0.22089586767309272 0.023887379246610448
984.993762 0.21918745225971228 0.023692415173452386
989.990351 0.2178911933995288 0.02354397170041314
994.9950699999999 0.21660787560475397 0.023395765595764634
1000.0079999999999 0.2153214245137004 0.023245825514824257
1005.0032699999998 0.2139935202233849 0.02309066649226544
1010.00101 0.21276531307273405 0.022946431783421373
1014.9978899999999 0.2117946257164723 0.022831303584015063
1019.9980100000001 0.2104642390553369 0.022675624719773628
1024.9883299999997 0.209274684314862 0.02253489530510736
1029.99067 0.20794788250431634 0.02237729607881848
1035.01497 0.20649211608488907 0.022204123818825906
1039.9959099999999 0.2051610884615552 0.022043593685499005
1045.0109299999997 0.20391138757900024 0.021891593275928205
1049.9852899999998 0.2025296507320026 0.021723239983574765
1054.97578 0.20094400472939247 0.021539704943318572
1060.01833 0.19931660643551677 0.021348712368758734
1064.97328 0.19760813103085054 0.021147862800640727
1070.02498 0.19607430287798291 0.020964334585010756
1074.99678 0.19458525701641513 0.02078406139258568
1080.0221699999997 0.1930447297697351 0.020596170728999545
1084.97227 0.19156263835677895 0.020416562243430886
1090.0340899999999 0.1900354342349732 0.020231050643014066
1094.9649 0.18852256119354074 0.020046405727181377
1100.0157699999997 0.18684217726194535 0.019842150609215677
1104.98474 0.18530095585800116 0.019652310340095663
1109.99476 0.18383009226614208 0.019468867348765146
1114.9949699999997 0.18244947484078447 0.019294468003324582
1119.99705 0.18119443210599845 0.019133450882276793
1125.00921 0.18006088036981616 0.018984832898901557
1129.9756599999998 0.17918935038518483 0.01886371253224483
1135.00486 0.17842684633433686 0.018753311147786604
1140.00977 0.17779090157567942 0.018654145688169137
1144.98353 0.17690208298944082 0.018524008627574362
1150.0207899999998 0.1759232929974814 0.018379841179373323
1154.97738 0.17509826961835032 0.018247604460125577
1160.00598 0.17353990830719798 0.01802408611645943
1165.0089499999997 0.17271287393266327 0.01785213116850492
1169.9609900000003 0.1724055822642834 0.017720683829224277
1175.01652 0.17192192347857624 0.017556608740647336
1180.00569 0.17171682218100856 0.017408750806252725
1184.9909499999999 0.1716622685317644 0.017259540918780885
1190.01051 0.17176220297004643 0.01710874695853574
1195.01025 0.16285579815439089 0.018302077573190925
1199.98339 0.1605126105430243 0.01804003644905952
1205.0138 0.1591537935137279 0.01788779043311957
1209.9954100000002 0.15752061027223319 0.017704776996432282
1215.00269 0.15611601999610972 0.01754746256359967
1219.9949399999998 0.15467501283115428 0.017386108191220363
1224.9934599999995 0.1535330547622789 0.017258372791714726
1229.9995 0.15289836632022116 0.01718764314610026
1235.0079 0.15172215319467489 0.01705617508563756
1239.98406 0.15108927680467818 0.016985740716864903
1245.0054 0.15061244178771174 0.016932925270068747
1249.98824 0.1521096259178059 0.017101780475961236
1255.0011299999999 0.2195320145728386 0.0246716515527156
1259.9939299999999 0.4060902076906177 0.045615749567506456
1264.9961499999997 0.2838618370983629 0.031895178032414505
1270.0008300000002 0.24709123060619442 0.027768282726696427
1274.9814 0.2768806750131827 0.031113512317791015
1280.00478 0.2281017327524082 0.025638766786635476
1284.9945399999997 0.23061960696279324 0.025922690188791384
1289.99695 0.26173339019044084 0.02941684401243746
1294.98524 0.283622216100706 0.03187550594919576
1299.9961699999997 0.26984490143418005 0.030330424218982237
1305.01582 0.27044356075787446 0.030399277185427308
1309.9843899999998 0.2804671939525974 0.031526188017344255
1314.9954399999997 0.2555234271692517 0.02872801274560196
1320.00237 0.2529062110652563 0.028436349178848644
1324.99186 0.24738376611501733 0.027818750524857674
1330.0023799999997 0.24480701095923327 0.027531990787032244
1334.9717499999997 0.2437492419961278 0.027415964203654917
1340.01829 0.24392081357956122 0.02743819025677518
1344.98417 0.24334730204438496 0.02737700376510589
1349.99372 0.24894880025486094 0.02800926973788848
1355.0021999999997 0.2544255024099822 0.028627805435115238
1360.0089 0.25559095629249967 0.028762826900482534
1364.9603499999998 0.24900673663593959 0.028028399739601813
1369.9951 0.24545644157843235 0.027635045932391182
1375.00762 0.2410442353823534 0.027145502167479667
1379.97955 0.24227455230067255 0.0272897977122912
1385.00138 0.23840528013852313 0.026862514894553383
1389.9801799999998 0.2420133115003307 0.027274971475898167
1394.9825599999997 0.2398144063440002 0.02703682947901343
1400.0148599999998 0.23771394813207244 0.02681058009214088
1405.01468 0.23916928507649982 0.026984415988317093
1409.98888 0.23880654805062473 0.026955555368790036
1414.9855600000003 0.23894530353380256 0.026984030062779257
1420.0083800000002 0.2451256447117142 0.027691923498925235
1425.0024300000002 0.24783916132947875 0.028012445722438183
1430.0187799999997 0.2490846708744408 0.028170190798133217
1434.9905099999996 0.25111761944511796 0.02841893174747754
1439.9986 0.2573607565189877 0.029141777265458697
1444.9787800000001 0.2611743365278315 0.029595186746275707
1449.9953000000003 0.2625146474995023 0.029774297927305123
1454.9727 0.2664178214780056 0.030244495160469512
1460.0116699999999 0.2763674970890713 0.031394767934417984
1464.9900399999997 0.2915532528959168 0.033137029395413735
1470.00279 0.2991553266768719 0.03403606748599117
1474.9943699999997 0.3075607684052977 0.03502767950171978
1480.00647 0.32220268250654466 0.036722765683435965
1484.98231 0.33771653487623665 0.038518468890239965
1490.00632 0.3582096371712317 0.040875935431406184