photon_energy_eV    total_yield    yield_error
5.10000976 3.7286250912317347e-05 0.0001166980708067668
5.20000199 3.720288887155501e-05 0.0001167131540480809
5.29999677 5.7662515569135986e-05 0.0001328563807202245
5.40001173 1.1613135966351934e-05 7.68298018571611e-05
5.49999306 6.92106453905097e-05 0.00010607575862948369
5.6000028 2.987367806539581e-05 6.462784656564842e-05
5.70000842 9.686708544441698e-05 9.695295111590849e-05
5.79998713 0.00010976772223845327 8.759532132971792e-05
5.9000094 0.00010748863043612138 9.319385226664676e-05
5.99999822 0.00015952992220253848 0.00011014378826855247
6.09999986 0.00020173058019296955 0.00011698794373863644
6.20001615 0.00020510798156657517 0.00010960522129351184
6.29999544 0.00028216533091803974 0.00012950188377300716
6.39999718 0.00036574677363358674 0.0001481257154205974
6.49999876 0.00041964356794267594 0.00015019370739171038
6.599995 0.00038801831100252447 0.0001291190278757058
6.69998937 0.00041648941396578806 0.00013010577961082632
6.79999847 0.0005475052740183882 0.00015413177931061518
6.89999098 0.0006216798620582042 0.00016503276889003374
7.00002 0.000646653720568623 0.00016157783928280988
7.09999195 0.0007174899444710255 0.00017055821263804808
7.19999193 0.000681815250553574 9.840780957583945e-05
7.29999579 0.0007146261374618835 9.950930149133716e-05
7.40000569 0.0007273231269784284 9.860319897879923e-05
7.50000752 0.0007926655411730796 0.0001047164270502303
7.59995885 0.0007747904816754697 0.00010061623140136893
7.70002227 0.0007922800922434202 0.00010133958758757095
7.80000564 0.0008255690086588271 0.0001039942560825894
7.90000272 0.0007637541884198154 9.580892137091885e-05
7.99998142 0.0009202780972705567 0.00011288484712202868
8.10001869 0.0009203644987163809 0.00011186953253005458
8.20000636 0.000853113709632675 0.00010348977823449268
8.29997644 0.0010900518934693075 0.0001291691620399485
8.39999191 0.0012537752923102224 0.00014652481163634592
8.50001415 0.0011615773705084577 0.00013560738517490552
8.60002301 0.0013381952107853776 0.00015434656021300872
8.70000668 0.0015141290795432697 0.00017299694095558032
8.79998164 0.0019135853253651768 0.00021605587764695694
8.90001507 0.0022516231017618263 0.00025220475242619683
9.00000528 0.0025793258802425845 0.00028712307822466125
9.1000004 0.00304809550650582 0.0003372484884424308
9.19999421 0.0035874558666187362 0.0003948773804339734
9.29999032 0.004162530946595926 0.0004562936404209986
9.39997421 0.004794704703881604 0.000523649213741185
9.50004385 0.005390557594825202 0.0005869890847823295
9.5999998 0.005926500435152703 0.0006437486961995032
9.70001293 0.006499077853776602 0.0007042860612871151
9.79999685 0.0068301146597939885 0.000738824722353872
9.89999679 0.006974666785900587 0.0007534138196538951
9.99999084 0.0072188760130756325 0.0007785939357801293
10.0999995 0.007334174632749654 0.0007900280217589643
10.1999881 0.007805242049862536 0.0008394494244777977
10.300008 0.00851884883741695 0.0009147754313596658
10.4000376 0.009183951351287172 0.0009850714878667617
10.4999928 0.010563651138558653 0.0011313105587597023
10.5999871 0.012308410061177293 0.0013161905407221884
10.7000049 0.014472213852140465 0.0015450843883026953
10.799993 0.016986106955965856 0.0018105406360150189
10.9000031 0.019038274880613333 0.0020261781977188005
10.9999941 0.019715363169458405 0.0020952531980804063
11.1000039 0.01878414844600166 0.0019937814593296794
11.2000036 0.01888555935431031 0.0020013629861093322
11.2999744 0.021626289576089697 0.002285824541689934
11.3999829 0.02394594126899887 0.0025235243297366955
11.5000157 0.026260041129990398 0.0027566234358482535
11.6000161 0.03013828026203725 0.003145826293544526
11.7000368 0.04180279867383211 0.002209936643744576
11.8000109 0.04880779034834089 0.002615085902476633
11.8999838 0.05192469146790083 0.0028792660235643316
12.0000177 0.05820032276594152 0.003263229860348475
12.0999887 0.0623779320754741 0.003722122586366156
12.1999852 0.06399706264408697 0.00417779135264843
12.3000409 0.06898419204013066 0.004874248687918852
12.4000047 0.07170925029089281 0.005285854876357029
12.4999978 0.07786893303188745 0.005824816541970853
12.5999948 0.08186481765292349 0.006100194502733143
12.7000098 0.08205454919544669 0.006048949716693821
12.7999783 0.08395138216197798 0.006092514283589936
12.8999965 0.08645826765945426 0.006259441605471529
12.9999465 0.09112494061279242 0.006628968590304776
13.1000129 0.0925799577050855 0.006913362875874716
13.1999516 0.09599999493039575 0.007431076266814921
13.300068 0.09867412237724334 0.007915026233201677
13.3999979 0.10302438772760338 0.008544861352757057
13.4999514 0.10728258393195256 0.009155615455860352
13.600062 0.10975174179049782 0.00953007241552976
13.7000119 0.11498325867082228 0.010071890482634016
13.7999634 0.1175369239175714 0.01032936991876641
13.9000103 0.12176693956236302 0.010694376081380965
13.9999808 0.12702420606073356 0.011123775800464305
14.1000188 0.13101511541473568 0.011511736966923624
14.1999477 0.13447330657031042 0.011883389860583161
14.3000332 0.1391318056766983 0.012443489875727933
14.3999975 0.1422523081718045 0.012924264713474602
14.4999432 0.1445319343282067 0.013361362761844325
14.5999969 0.14786305177308873 0.013903770315995765
14.6999223 0.15071595655023856 0.014395323779616146
14.8000616 0.15348282586794987 0.014838407311281393
14.8999416 0.15934316949820526 0.015540614187686427
15.000039 0.1597483085590978 0.015666881540107983
15.0999811 0.16172033068734018 0.01592288375196502
15.2000178 0.1649286613775838 0.01628471151147567
15.2999733 0.16832072464970171 0.016654754256357776
15.400031 0.17005973946638608 0.016874622383759662
15.4999926 0.17254221677097786 0.01719942785583872
15.5999875 0.17481786584593226 0.017525982713448403
15.6999919 0.18041018239427728 0.018203959456612823
15.8000218 0.18218665784390778 0.018496790104869317
15.8999918 0.18427142442443625 0.01881721349689431
16.0000424 0.18569045593616576 0.019037266146696066
16.1000256 0.18797125397693804 0.019302386925982847
16.2000224 0.19178164531651967 0.01967506137012904
16.2999882 0.19524403196394877 0.019959445079100708
16.4999956 0.17486148678869984 0.017492173691256212
16.600016 0.1802292107500109 0.0181321969303414
16.6999802 0.18348618794106208 0.018571692902337476
16.8000254 0.1850437006962585 0.01884692494836588
16.8999929 0.1883201252753764 0.019310857138390494
17.0000001 0.19039591761456637 0.01964646413011111
17.0999075 0.1930751557625865 0.02003841937748443
17.2000292 0.19199442404156078 0.02005012122904707
17.3000095 0.1931672421706617 0.0202872104074461
17.4000704 0.1911255538123809 0.020190275007876953
17.499969 0.18987948997766663 0.02017663410007959
17.6000595 0.18832159131597243 0.02011347574864849
17.6999447 0.1872996503816962 0.020107258086484912
17.7999344 0.18452354454822892 0.019901975625129915
17.9000915 0.18079660388792013 0.019587799246003783
18.0000318 0.17553253051136714 0.019096309089076384
18.0999432 0.173347748206101 0.01893007077037932
18.2000226 0.16924513140169542 0.018545459581993617
18.3000107 0.1666051562678715 0.018312788883933052
18.3999415 0.16178864853186853 0.017832398511231872
18.5000468 0.15781527109749188 0.01743475391927123
18.5999186 0.15446312384854527 0.017099937078646467
18.7000458 0.1506931142554006 0.016712336383367814
18.7999861 0.1482522157506727 0.016466871974667594
18.9000079 0.1465995741454056 0.016304375787709557
19.0000082 0.1423073273541885 0.015845270146131234
19.0999991 0.14083135819833223 0.015696023842961825
19.1999937 0.1384974160116261 0.015449031878223355
19.3000059 0.13710092994433537 0.015304624439664467
19.3999891 0.13512795663172902 0.015094269024582
19.4999881 0.13343663856451315 0.014913951462331987
19.5999875 0.13115884479768164 0.014667413954702635
19.6999396 0.13069687692954876 0.014622158628948409
19.7998271 0.12937392503162562 0.014479994050240332
19.9001503 0.129988191518563 0.014553128912838978
19.9999916 0.12910777658811365 0.014458987179847612
20.0999815 0.12901612804359186 0.01445235454259868
20.2000426 0.1218391332048258 0.013651491948813408
20.2998589 0.11984442254210291 0.013430739539343347
20.4000545 0.11963508867416868 0.013409190698222898
20.5000422 0.1186803694455106 0.013304360451938581
20.6000091 0.11898802830979352 0.013340448479411824
20.7000805 0.10720353532078443 0.011705157748011667
20.7999268 0.10705863321476107 0.011702151933395372
20.9000986 0.10629145577456471 0.011631282364121559
21.0000145 0.1001125525683377 0.01096643928044538
21.1000173 0.09906546279524801 0.010860491756499934
21.1999854 0.10572990043091436 0.011602834973193787
21.2999785 0.10084807011035306 0.011075365959376577
21.3999089 0.10065958780724243 0.011063021075556047
21.500026 0.10061907441092517 0.011065660023772636
21.600131 0.10298561030880496 0.011333649144060919
21.7000183 0.09263914208109082 0.010201187110217504
21.8000181 0.10181430771637516 0.011219230134050968
21.9000424 0.1088482245554258 0.012000355182701204
22.0000001 0.09938555126537202 0.010961369182445025
22.0999965 0.11406721759970147 0.012585843946052739
22.2001005 0.11729697745770022 0.012946778232667454
22.2999777 0.10627886481816937 0.011735340792695259
22.4001016 0.12363400226294491 0.01365644835733867
22.499929 0.11706388189204685 0.012935366393963423
22.6000241 0.12302027244545798 0.013595611648292276
22.6999611 0.12419624082779451 0.013727858945597854
22.7999787 0.12529665315912641 0.013851836827689389
22.9000674 0.1253890977104418 0.01386314413864926
23.0000013 0.13030098214399108 0.01440523197327777
23.0999827 0.1267405709273379 0.014009714199835592
23.2000455 0.12354283588397841 0.013651784403954098
23.2999586 0.1253721754557744 0.013845117332105328
23.3999754 0.13076004719061698 0.01441726245239805
23.4999069 0.13234764616524336 0.014537269995191405
23.6000583 0.12275362237315761 0.011424933746007697
23.7000115 0.1243644050951314 0.011575524186654633
23.7999817 0.12362973105894 0.011507646591880825
23.8998653 0.12852682175322472 0.011963566446718109
23.999979 0.13076779015706125 0.012171848680719752
24.1001281 0.12984151938321192 0.012084942874136155
24.1998244 0.12967550701627037 0.012068486760266143
24.300156 0.12905141679896576 0.012008995049662392
24.3998635 0.1357800832874854 0.01263360882032874
24.5000492 0.13655064741719652 0.01270292904956398
24.6001215 0.1404655937168031 0.013064875862886854
24.6999677 0.1426940312581111 0.013269352989327216
24.8000247 0.14273619354634307 0.013270582683730537
24.9000849 0.14413753284948622 0.013397891517441904
24.9998323 0.14479597434856703 0.013456192845187561
25.1001246 0.14461565552327607 0.013436832357991903
25.1999795 0.1505548826257908 0.01398591339598308
25.3001089 0.15127579082458883 0.014050375680750137
25.3998247 0.15213406609761318 0.014128293545089555
25.5001703 0.15355829653158334 0.014258973842340672
25.6000265 0.15530589255197283 0.014420817947335685
25.7000202 0.15530370287320275 0.014420463954731252
25.8000367 0.15562343195726144 0.014450680651454167
25.8998479 0.15596933744376695 0.014484324883060104
26.0000478 0.15250609977880572 0.014164967358439227
26.1001354 0.15044895620081372 0.013977059141296135
26.1999307 0.14814492222331274 0.013767142588475046
26.3000965 0.14768856552097165 0.013729254652169851
26.4000059 0.14299615885458322 0.013298557888098892
26.4999888 0.13730272815209055 0.012774925880172209
26.600038 0.14238502458595723 0.013254300289268793
26.6999135 0.14326520250727828 0.013343403340910165
26.8001309 0.14303047186521956 0.013328826432354914
26.9000393 0.14502228716031992 0.013522153242198631
26.9998613 0.14370934194769344 0.01340732024282018
27.1000668 0.14314595214124592 0.013362096467032625
27.1999912 0.1419076147432311 0.013253346570703746
27.2999244 0.14129240209921923 0.013201787862955169
27.4002265 0.13932057643710655 0.013022498299705155
27.4999088 0.13778510402079278 0.012882616518476738
27.5999456 0.1358191034694966 0.012700946652925293
27.7000859 0.13366793755025858 0.012500071261051009
27.799945 0.13224387412004998 0.012365366254929547
27.9001451 0.13082094501605865 0.012228698356503412
27.999917 0.12898510801876809 0.012051345586586508
28.0997598 0.12711874962063704 0.011869296820271241
28.1997973 0.1281991029547106 0.011960243041817949
28.3005497 0.12701757652164478 0.011838017711638511
28.4000473 0.12545444336860379 0.011679362682497073
28.4999814 0.1239020626155791 0.011520478755899717
28.6000867 0.12207902537175275 0.011360605783439228
28.6996188 0.12032501554464152 0.011198590532664351
28.8004561 0.11889556141879207 0.011066256577957153
28.8998205 0.1169615855895651 0.010887607084940182
28.9997354 0.1157653116286623 0.010777246173289132
29.1002744 0.11463044385799484 0.01067243578163281
29.2002588 0.11350989483397667 0.010569319976869341
29.3001609 0.11213750993787394 0.010442510630955155
29.3999014 0.11197870851065347 0.010428819190721158
29.4997545 0.11039765856554046 0.010282606284089004
29.6002881 0.11000368594580888 0.010246754462799094
29.6999235 0.10968768779011398 0.010218188336034145
29.7997965 0.1085748536759997 0.010115676313154942
29.9002704 0.10750782732555271 0.010017028166050814
30.0001739 0.10675657690796016 0.009947721015334586
30.0997848 0.10624772589413675 0.009901376479906935
30.2003575 0.10582085937556747 0.009861992646351896
30.299804 0.10543775152777436 0.009827246832308872
30.399832 0.10498169823185886 0.009785392688995878
30.5003707 0.1047963182391418 0.009768584975886745
30.5998932 0.10451602064523074 0.009743194818046048
30.6996053 0.10510615755932175 0.009798895379639476
30.8002019 0.10514888531682985 0.009803231681901748
30.9002116 0.10498347739580928 0.0097883266391708
31.000009 0.10504918638890821 0.009794973027943231
31.0999789 0.10579845463251038 0.009865286167406695
31.2000389 0.10662388757358866 0.009942648863115711
31.2998643 0.10702413150372299 0.009980438554891256
31.4000888 0.10799167113504222 0.01007089797114117
31.4999031 0.10816512160958583 0.010087618581836525
31.6001909 0.10847554262207186 0.01011668238554361
31.6998875 0.10904138518000227 0.010169859837210941
31.8001326 0.1103859115162955 0.010295578242824111
31.9002653 0.11128231554872396 0.01037928790546623
32.0002776 0.11249361425518654 0.010492474211359303
32.0995717 0.11373208813003133 0.010608346835220241
32.2001618 0.1150466313641237 0.010730890738864133
32.3000202 0.11669483463450026 0.01088478577734746
32.3999852 0.11612177754452384 0.010831504578054459
32.500053 0.11729725791701583 0.010941165964377733
32.5998725 0.11806041853307421 0.011012515714999756
32.7000448 0.11982555116543293 0.011177092483237266
32.8002194 0.12158128604061384 0.011340781988740202
32.900125 0.12316950954346348 0.011488937981940379
33.0000182 0.1231510531817022 0.01148721550964446
33.1000723 0.1252226608430377 0.01168035212169293
33.2000143 0.1250599052585415 0.01166520932818073
33.2999275 0.1271798089950639 0.011862716148510857
33.3998969 0.1284791688988143 0.01198378955444772
33.5002849 0.130079065033005 0.012132755560462848
33.5999866 0.1308784375040953 0.012207206016673688
33.7001908 0.1322949386613143 0.012339129607905355
33.7997808 0.13489606212126823 0.012581698669277894
33.8998673 0.1363591096456414 0.012717795427110556
34.000076 0.13813068658505137 0.01288278923762943
34.1002138 0.13988320112189373 0.013045892538688163
34.200083 0.142262168244368 0.013267580591018834
34.2996736 0.14447669325712817 0.013473836909785222
34.4001361 0.1459527760509983 0.013611228056783928
34.5000216 0.1479220197234473 0.013794483819224136
34.5999998 0.15020811217337046 0.014007303594844301
34.6999688 0.15211725417843247 0.014184937694340176
34.8002203 0.15419255152136022 0.014378074608046739
34.8997588 0.15808639590163773 0.014740741429119783
35.0001687 0.16017628327193223 0.014935037606551141
35.0999499 0.16164195151734115 0.015071307834574041
35.199998 0.16360643931763108 0.015254083681264427
35.3000071 0.16614295197181692 0.015489918123004737
35.4001765 0.1675972910427952 0.015625090306988672
35.5000922 0.1693457551729946 0.015787961032896362
35.5995379 0.1712015020122118 0.015960174112526888
35.7003754 0.17269190870026196 0.016098323091964472
35.8002149 0.17498752785249244 0.01631174964562
35.8998772 0.17672398464375969 0.016473077688694368
36.0000959 0.1774281980789743 0.016537829771295927
36.0998108 0.17996206670274775 0.01677388521151193
36.1999725 0.1833358835586246 0.01708768284755123
36.3004763 0.18429169339786586 0.017176644166896002
36.399266 0.18701158073561877 0.0174293412449468
36.5006633 0.18810030675838937 0.017530211641524004
36.5999999 0.18898326252667189 0.017611828826219963
36.6999886 0.1913103716094943 0.017827713279331404
36.799972 0.19253932473056376 0.017942297195673314
36.8997227 0.1922723209862068 0.017916365756643352
37.0002394 0.1939011946407811 0.01806729886891867
37.0993933 0.19512638737052784 0.018181313048561663
37.1999845 0.19671666649734162 0.01832902125002811
37.3005543 0.1975728610103084 0.018408770177869776
37.399612 0.1982650080188136 0.018472171658117473
37.5005761 0.20068017604174207 0.018696138708698865
37.5995452 0.2028321074095954 0.018895964597677496
37.7003155 0.20386187007269368 0.018991199450521287
37.7999928 0.2058308604188107 0.019173488902968515
37.8999639 0.20743978640068605 0.019322738774438977
38.0001112 0.2091114108582548 0.019477704533515026
38.0998402 0.20761837172282782 0.019339562959817584
38.1998556 0.21164126948390513 0.019711309888869266
38.3000378 0.21255916966168806 0.019795762135074925
38.4003855 0.21308097912715607 0.019844117767309377
38.499928 0.21359501550677062 0.01989141739141921
38.5998662 0.21587787416672619 0.020102485131514906
38.699835 0.21841771941439173 0.020338077033189492
38.8006921 0.21835953452917808 0.0203317816643258
38.8998504 0.21964316007349732 0.020450093717340866
38.9995169 0.22234008265224328 0.020699381585177166
39.0995705 0.22115290743852128 0.0205878072563155
39.2011433 0.2234868095366446 0.020804368631765293
39.2994589 0.22451170700595682 0.02089875331228881
39.4006788 0.2259394784264496 0.021027744927628978
39.4996166 0.22493143164694607 0.02093673920340737
39.6003339 0.22591446457777473 0.021025805124323164
39.6996342 0.22738758519471441 0.02116098604919659
39.8003398 0.22771600369703354 0.02119134109641101
39.8998665 0.2300734167949383 0.021403561522851028
40.0005459 0.22717595650945593 0.021139732664274116
40.0997637 0.2291086163145697 0.021316705566004495
40.2002672 0.22945083670536787 0.021347389223161886
40.2995505 0.23158982645962886 0.02153970388615301
40.400259 0.23189311254730754 0.021572557792445154
40.4994616 0.2324458023649894 0.021623291343995956
40.6003649 0.23268981491361532 0.021640713757230385
40.6998771 0.23303161234548714 0.02166953689541132
40.8004224 0.23400435792828814 0.021759564583476748
40.8994154 0.23517880540896938 0.021865886654910214
41.0006755 0.23657685551847382 0.021991783158429336
41.0999536 0.23564283689666743 0.02190614140460521
41.1997137 0.23748439480532055 0.02207435568849044
41.3003773 0.23677568427175377 0.022009343327891055
41.3997134 0.23340419441249627 0.02170194454476009
41.4999506 0.23658281732004258 0.021986460674644485
41.6002501 0.23603682531760453 0.021937717898714598
41.699899 0.2377700699226763 0.02208706007259034
41.8001691 0.2342085239340388 0.021762686739612378
41.9000619 0.2359869559927409 0.021928277341639813
42.0000363 0.22729160295573445 0.02889707784555252
43.0000258 0.23479016024839497 0.028422741315641948
43.9999322 0.2312951574365401 0.027096542415303747
44.9996748 0.229141627198602 0.02605841906164817
46.0002437 0.2358737479652429 0.025874909611759984
47.0000168 0.23834766719851497 0.025265770688306818
47.9999656 0.24270553501038367 0.025188991761283922
49.0000442 0.24160228514705515 0.02466652937445588
49.9997872 0.24038675090720832 0.024625739758150435
51.0000504 0.24288125597675778 0.025102475604345226
51.9999942 0.2423098540522572 0.024878247196346813
52.9997623 0.241746055519876 0.02419027069358648
54.0000709 0.24617552992163086 0.02382953022044494
54.9999726 0.26551086132561474 0.025199174563634075
55.9999436 0.25218921894756274 0.023353847804730633
57.0000484 0.25499233279006184 0.023254853009678788
57.9999099 0.25621052636629627 0.02306719659372101
58.9995795 0.25982298272837195 0.023103193258087473
60.0000457 0.26411438468749615 0.023244389336813987
61.0002772 0.27331194947184156 0.023848945406884918
61.9999118 0.28649659362158786 0.0248410362887232
62.9999103 0.285786100136295 0.0246185097113217
64.0001187 0.27905366132398074 0.023906528190311766
64.9997134 0.27528093711058316 0.023485114268495783
65.9998549 0.28436256657988995 0.024221543043368054
66.9999432 0.29158525825830744 0.02480289299900467
68.000491 0.2892621890318001 0.024560696625055688
68.9997021 0.28945798610872714 0.02449439691925535
69.9998166 0.29073669001087776 0.024520515438620428
71.9999196 0.2584282772476719 0.02807250450419239
72.9995864 0.2553409480297514 0.027895159409799922
74.0003086 0.24596232705865403 0.026929705890849618
74.9997972 0.24527218027934652 0.026834913286444835
76.0000292 0.2402555439011502 0.026384000241660887
77.000133 0.2381413664718401 0.02620346142026267
77.999859 0.24194319296649028 0.026668289897478284
79.0002793 0.2402326253306316 0.026514509686133447
79.9999504 0.23856136411969478 0.026358934838577687
80.9998974 0.23825179761065626 0.02635012711416927
81.9999755 0.23781624157915018 0.026325538993448087
82.9993932 0.23700704849525253 0.026259322067117292
84.0001079 0.23850545547760174 0.026450962802182027
85.0001831 0.2353564551768168 0.026118242420051174
85.9997212 0.23246927592494018 0.02581344019807482
86.9999222 0.2291488869550874 0.025458348682819765
88.0003083 0.2259696185673373 0.025116720926627326
89.0000805 0.22547048840928607 0.025075246454172136
89.9998405 0.217279171139704 0.02417209231251811
90.9997924 0.21506033324545715 0.02393696515565561
92.0000441 0.21497839495196924 0.02393944038424519
92.9998015 0.21109977914544067 0.023515339325497715
94.0001425 0.19859107291312067 0.02212271443504353
94.9996827 0.2093597400178506 0.02333956055551376
95.9986739 0.21081208047589758 0.023509283977146272
97.0013001 0.1904121093104967 0.021226359152007965
97.9995352 0.2163836180175941 0.024146123142321292
98.9997741 0.21486097487291642 0.023979409120833264
99.9998225 0.1964263910777457 0.021912370290360087
100.000181 0.23483585802589169 0.018760261391206085
101.000083 0.2271976611811883 0.018150313095001595
101.999865 0.22871004788174384 0.018272832099070064
103.00002 0.2345524448261779 0.01874225433793125
103.9995 0.23320525327136687 0.0186365932800033
104.999881 0.22843666304494453 0.01825692363313845
106.000206 0.22216515090801472 0.017757148797101486
106.999466 0.2220607001655953 0.017750768483756778
108.000504 0.22408895851433333 0.017913987679129058
108.998907 0.22037168012471028 0.017617933257022877
110.000917 0.22484748342294833 0.017977133633311625
110.99918 0.22212399919132292 0.017760621182084557
111.999906 0.21746973809772352 0.017389824765837315
112.999714 0.21923937893279116 0.017532716231917267
113.999365 0.22181269581549398 0.017739802949625905
115.001152 0.22038575157940063 0.017626507919898612
116.000105 0.2231222088524941 0.01784630549863704
116.999802 0.2139472198886251 0.017111716642166153
117.999592 0.21498487540865313 0.017195203917201984
118.999312 0.2181193525855281 0.017446617099960215
120.000791 0.23939464270732672 0.01915162275444338
120.999361 0.21725162922278357 0.01737734824601756
121.999452 0.2121021533520061 0.01696466877175532
123.000657 0.21931391454420612 0.01754240182967003
123.998786 0.23052535099472024 0.018440214010796638
125.000896 0.22335232460042276 0.017865198764719155
125.999656 0.2198918323247323 0.01758727441112148
126.999867 0.22483081567969676 0.01798226764889222
127.999939 0.2309831074651599 0.018474387334144506
128.998833 0.22996356001092422 0.018391601989095546
129.999452 0.2297586897802802 0.018374413811108284
131.001173 0.23305654637411075 0.018637292604383522
131.999908 0.23159049280227903 0.018518596091687003
133.000377 0.23686111216683217 0.018939264567662914
133.999542 0.24281682927436574 0.019414674405654087
134.999779 0.24008410423521392 0.019193648248566147
135.999418 0.24765256637057145 0.019797862333641034
137.00024 0.26185209151447947 0.02093331246399083
137.999433 0.26244496243255294 0.02097788265060842
139.001094 0.2555239301930332 0.020420516510596762
139.999276 0.26078397851302854 0.02083813529990675
140.998563 0.2634306976096489 0.021045551415824676
142.001489 0.2670246645893707 0.021328530533947267
142.999037 0.2714929929162307 0.021679636314904223
144.000088 0.2765488137395433 0.022077238737030352
145.000296 0.2819997093104227 0.02250488928430419
145.999835 0.28708867172433894 0.022901990518886164
146.999182 0.29595693278738266 0.023600083998361984
147.999787 0.3143297991537976 0.02505714454806025
148.999668 0.32246078191067634 0.02569232077847155
149.99985 0.3281149914372548 0.026127754037293043
150.968215 0.33526001477445483 0.02667183049772336
152.026692 0.33889295462419033 0.02694791934942012
153.002962 0.32920298274214804 0.026153519741479826
154.003148 0.3287313696946226 0.02609358496320741
154.998656 0.33652578241654574 0.026692918103121226
155.999302 0.3505720789308585 0.02779145028558719
156.998375 0.3575577886117494 0.02832333424231909
157.997567 0.3612457248838914 0.02859084525139651
158.999502 0.36587157149156596 0.02893090281859936
159.99453 0.36935015596754245 0.0291791557756362
160.994996 0.3723704043459793 0.02939319649496652
162.00233 0.35673383978813933 0.02811653813727502
163.00492 0.3622506233375537 0.02851718296163023
164.004891 0.36566594179277473 0.028744182893724657
165.003382 0.37341681006628025 0.029305757020327734
166.000709 0.38254948037235253 0.02996819473098331
166.99817 0.3878531584722401 0.030326067596389943
168.000446 0.3926893298572931 0.030645993831002798
168.996953 0.39759605497123507 0.030971595388039088
169.996051 0.40325156400924955 0.03135796771255218
170.996518 0.40874410571621933 0.03173477912421638
171.992195 0.4139184029401903 0.032099114196885346
173.006292 0.41898285459774276 0.032447749098594
174.005535 0.42373588267764967 0.03275548570991924
175.001165 0.4299684651494179 0.033168298390763545
176.003834 0.434952546410623 0.03347761501403352
177.000087 0.4402511937582318 0.033817386622724675
177.997236 0.443575444149795 0.03401248507913597
178.999151 0.4473722230920548 0.03425329406309559
179.998633 0.4512993097147051 0.03450672573564688
180.995693 0.45422001944382867 0.034686555904001555
181.993566 0.45670989566859466 0.03484887818751652
182.998309 0.45871446600921323 0.03498563691673169
184.009816 0.4603690917213034 0.03508152859411373
185.001871 0.4612114834848067 0.03510774393564109
186.003726 0.4609572583573736 0.03504550869848295
187.002375 0.45987726373885845 0.034921007869209264
187.999053 0.4590522920077856 0.03482203494343298
188.9939 0.45828582675933105 0.034735847724489975
190.001357 0.4580149446903698 0.03469200198327363
190.997077 0.45692318735380927 0.034591547730025984
191.997135 0.454642760401136 0.03440358330057244
192.989752 0.4487103006233855 0.03393855993639878
194.009888 0.44676901275625963 0.03377535070473307
195.001264 0.44459392681807636 0.03358864189938065
196.00413 0.44464562625455334 0.03356699956693977
197.005227 0.44279268416126993 0.033393464530165985
197.99851 0.44390467926367533 0.03345486145875854
198.997777 0.44420264482480226 0.03345730771801152
199.999035 0.4449612607710096 0.0335022298810972
200.99603 0.44577488291974143 0.03355823111988187
201.997531 0.4460373454928034 0.03357852963953024
202.994623 0.4465280242066084 0.033627664368817596
203.999883 0.44736826272643987 0.0337050463443161
205.008127 0.4484061783782954 0.03379012414947719
206.003699 0.44925772378860424 0.03385617102366232
207.002911 0.44934460510168944 0.033860504001672155
208.002864 0.4495312472312828 0.03386886228887026
208.991599 0.44975092455529186 0.033881508572756514
210.003199 0.45022129241279596 0.03391003622500587
210.992401 0.4497759754358608 0.03386661861425337
211.998433 0.45196821584918573 0.03402996334089769
212.996208 0.4536544304772071 0.03415371026692897
213.991016 0.4560656475782395 0.034347267318788476
215.01174 0.45672818927881736 0.03438913341305763
216.005695 0.4586238644182378 0.034516280012713695
217.002888 0.46029025575375465 0.0346135696505227
217.999705 0.46195868949398455 0.03470731719905784
218.999338 0.4635062720425675 0.034794804340673585
219.999492 0.46434268400034606 0.03483552396981645
220.997889 0.4660785342832466 0.034951374248790974
221.995438 0.46636875397371913 0.03496053759908147
222.997113 0.4661541782137586 0.034941153252144516
223.9899 0.46689915890170514 0.03500647456070604
225.003871 0.46706896264815945 0.03502887582410424
226.00868 0.4648767503729786 0.03485710226926493
227.002563 0.4625935901459323 0.03467624827635075
228.005948 0.45853588662617045 0.03435563115459197
228.996857 0.4519020399687053 0.03383723058243804
229.996033 0.44120604334768976 0.03301575974309139
230.997166 0.43878995949712357 0.03284986386498957
231.998575 0.4379449884926573 0.03280714261091795
232.993843 0.4372065721124642 0.03277540211533955
233.998023 0.43692479708015347 0.03278319326261244
234.992632 0.4352250362072609 0.03268394184564708
236.009612 0.4331181787781754 0.032548099664527104
237.007179 0.43053503849036523 0.032372035530841475
238.00605 0.42723269354382193 0.032140201395287456
238.994683 0.4237474695789885 0.0318943849657377
240.003167 0.4207346956083758 0.03168662892940405
240.998994 0.4169611321717078 0.031425048785221406
241.991156 0.4143929656863171 0.03125776969466594
242.999585 0.41224961750467665 0.031119608030221162
243.997218 0.410113442320167 0.03098333306068784
244.994869 0.40741627253053037 0.03080358065450753
246.004923 0.4050065735056489 0.030642199896010216
247.005407 0.4018276050450609 0.030414665342523517
248.001672 0.39887867855621334 0.030201742732749816
249.001828 0.3963918351256362 0.03002317281506048
249.999135 0.3940932639664947 0.02985870450014155
250.99667 0.39202310659973694 0.02968477045188718
252.000792 0.3920996720793109 0.02967943205100692
253.001034 0.39115147810301304 0.02959242924366781
253.997466 0.3898665227347732 0.029477492291182898
254.999936 0.3884595641842897 0.02935265166623071
255.999663 0.38692639264338236 0.029218097811726355
256.9973 0.387154470314722 0.02922170422442831
258.998315 0.3410387863413221 0.03832362964287292
260.00174 0.3372150048242656 0.03789407442629732
260.995975 0.33336109358519134 0.037461062378762615
262.00136 0.3296900745820419 0.037048447315873104
263.002241 0.3257110133003377 0.0366015062161314
263.999874 0.32256256583734505 0.03624755054258708
264.998288 0.31984568513393735 0.035942209546839084
265.99635 0.316928826114177 0.03561431515962259
267.003004 0.3149428513899226 0.03539105537173818
267.996707 0.31230416996521393 0.03509439584852756
269.002334 0.3094351399598936 0.03477214734753964
270.000088 0.3066545875545433 0.034459618110055545
271.001711 0.30411408131118234 0.0341742996950022
271.999899 0.302046125888875 0.0339420189118962
272.993029 0.2980532190469442 0.03349372633359431
274.002027 0.2941793168064028 0.03305889565371545
275.003139 0.2902399126157747 0.032616859021479684
275.998446 0.2862265312113121 0.03216654231732764
277.00452 0.28157534491600755 0.031644754640778434
278.002987 0.2762489589486094 0.031047210801682885
279.002185 0.27070995297983025 0.03042591325404942
279.995565 0.26326869643622225 0.029591170264413692
280.999193 0.2557737968939036 0.02875057205022286
281.997661 0.24526634650314413 0.027571935239904595
283.000752 0.23361584919872946 0.026265329047835004
283.998102 0.21846396505186305 0.02456628949516911
284.996386 0.1954320753860644 0.021983607611740893
285.997588 0.1372563222941162 0.01545232354244757
287.001836 0.04626610694943701 0.00523500380811126
288.002862 0.009724769766054494 0.001118630841576265
288.998773 0.016411563583929655 0.0018702622485210932
289.997009 0.01844833004449624 0.002103908058266115
291.00005 0.029776503353769888 0.003405409772749334
292.000124 0.1228227201925677 0.014047886011655089
292.993897 0.2552498106281629 0.02915752110098861
293.998557 0.2798629506202505 0.03193192357718728
294.999198 0.4199985588180027 0.04776695275409937
296.008979 0.5929974290477217 0.06722919593270116
297.002467 0.7446651963146896 0.08415858808572334
297.990445 0.7110533489465908 0.08031680401797497
299.001182 0.6397208884420804 0.07224087294410361
299.997117 0.5830631259213017 0.06584507521399476
300.998456 0.5328495693348957 0.06019338056219257
301.999215 0.5067186036961587 0.057239872123451635
303.004068 0.49244283839277475 0.05561519704089497
303.998151 0.48712685131730027 0.05499510330071623
305.000847 0.4712106616471915 0.053189354388568436
305.999143 0.47085162860106367 0.053127340073786285
306.998842 0.4575292317692661 0.05161530101020877
308.002338 0.4590650079267248 0.051767059064955566
309.006594 0.45328424206165635 0.05110060869903232
309.995147 0.45214724488779123 0.05095487873413478
311.003205 0.4527270327091474 0.05100088591263002
311.991143 0.44500913880243753 0.05011811216426774
313.001669 0.43485219393304664 0.048961927099073994
314.004021 0.41723989960653557 0.04697202395005922
315.002782 0.39097834272217447 0.04401536289217013
315.996587 0.3697995124253123 0.04163017012144075
316.998672 0.34691384328244707 0.0390553325965737
317.998396 0.3314198399333729 0.03731139787807842
319.005498 0.3173479422389394 0.03572818710537692
320.016922 0.37672863907465776 0.03159327410754893
324.997914 0.3496114231819766 0.02905441242577922
329.989297 0.35091289354303107 0.02878776172102605
334.991672 0.3552644629299798 0.029408170382138256
339.991999 0.34929012620211447 0.02916982579490106
345.013552 0.3355006557847054 0.027951239697810083
350.014908 0.3228044764686463 0.02663331703430171
355.006255 0.3111880299269145 0.02567933629994341
359.978298 0.3019817809974259 0.025017653425835416
364.985812 0.29591066534511323 0.024595282718298243
369.994411 0.29374438935870156 0.02475157631374137
375.03278 0.29510299502506404 0.024666579497820144
379.991441 0.2884011656433057 0.024205260435217046
384.99717 0.2806641363682845 0.023738747959909635
389.961199 0.2729059081260891 0.02325930984245642
395.026179 0.2655028987546669 0.022680301592703473
400.029042 0.259309915813862 0.02212858276681218
404.987509 0.24407928581508676 0.020344333825000692
409.972753 0.24627704667447398 0.020787144758386996
414.973051 0.23785584067363805 0.020001051651268004
420.034292 0.2523926939232909 0.02169000395303767
425.012943 0.24380598852743582 0.021252479443635713
429.994986 0.23254612277674408 0.020489543538043144
434.978552 0.22082408683078436 0.01962890058857179
439.98728 0.21078127714880415 0.0188717350704739
445.029393 0.20285844124145316 0.018218536086160104
450.008954 0.19703357093979904 0.01775258711737443
454.971264 0.1948575114599917 0.017559254382803726
459.992213 0.19220253107412924 0.017326289409184077
464.996288 0.1896034320198872 0.017112991690239877
469.994001 0.18658695364201305 0.016843524227604063
475.019535 0.18391238636490953 0.016595132721182914
480.011703 0.18113442043705433 0.016343642405634063
485.001285 0.17900317819429992 0.016172095468292243
489.97972 0.17722429983677468 0.016018247787508103
494.981898 0.1757194778890492 0.01587883196731492
500.000264 0.17453997708852534 0.015782438264688642
505.00692 0.1735540743026011 0.015689479173034607
510.007399 0.17271844782966403 0.015556590904180573
515.007716 0.17283346593118984 0.015454173745827767
519.998019 0.17384549961897747 0.015391151633020279
524.987161 0.17581686863553025 0.015350874903131377
529.97949 0.17101414563007003 0.015009227412854258
535.001906 0.1666264959920468 0.014707388524549076
539.99795 0.15118041409899774 0.013392493328189639
545.022766 0.15420497601774943 0.013931394498987656
550.004257 0.15634840249069243 0.014056196804569206
555.013365 0.16932869183266988 0.01534113288643886
559.965544 0.17358487969224284 0.01590381914796363
564.989293 0.1616982961821737 0.014965609555222744
569.986266 0.15309078689399938 0.014264279235741922
575.007602 0.14878782403811103 0.013895329826147784
580.024239 0.14618970318209654 0.013658379998508342
585.01255 0.1429682209034969 0.013380576092145128
589.968765 0.1400388239864094 0.013153991631046805
595.006553 0.13738315703029425 0.012938834547004438
599.96765 0.13476382400307296 0.012749952843497375
605.011892 0.1323583735553927 0.01257310454809882
610.018754 0.12988972813165353 0.01236527319805162
615.009409 0.12759368211401478 0.012147888066817781
620.019521 0.12507167655273846 0.011912529192719316
624.980241 0.12223889675395588 0.011698823689937705
629.971093 0.11907277375611224 0.011485756836774079
634.980952 0.11612434505599865 0.011273859212253151
639.991593 0.11298972084564336 0.011059197728657148
645.01622 0.11092027501193086 0.010882151528217665
650.025624 0.10927439085854738 0.010744150101218819
655.011991 0.10757995461690792 0.0106075047030205
659.995688 0.10577687108411155 0.010455971960831244
664.967353 0.10422637358574231 0.010328663089368499
670.007072 0.10295571901258113 0.010230968543996221
674.980401 0.10194708465028832 0.01016062129205785
680.032761 0.1008526409434086 0.01007381709449804
684.99199 0.10039295437483695 0.010051769700684039
690.011417 0.10576243235850764 0.010681904272735568
694.992268 0.1118151117944941 0.011388414102387577
699.980395 0.5507207325140112 0.060684104361079245
704.9905 0.4743805809601485 0.05213800941875074
709.996103 0.24854095083659933 0.026803714344919603
715.021168 0.333702427306042 0.036360451341589044
720.011733 0.33087118659344855 0.0360755848649874
724.986957 0.3484107584749123 0.038052386361299186
729.998391 0.35733105535155 0.039061283137050276
734.987344 0.29245465132391596 0.03179195390068374
739.993309 0.3028720359314741 0.032977662621706844
745.012739 0.30343182727145546 0.03306466626021751
750.002443 0.30855973557061966 0.03367306488211267
755.009749 0.3351260835707875 0.03667084813549312
759.994071 0.35182121519349957 0.03855129587749399
765.005581 0.32435493046178915 0.03547264531033808
769.996333 0.2964828699360239 0.03235406099711053
774.990287 0.28922515354076284 0.03155532288965239
779.998729 0.29366775641459847 0.032070961421135455
784.996621 0.29747579483243797 0.03251043193196412
790.000432 0.29342967700798683 0.032064757401208704
795.012948 0.2840919435330269 0.03102257986092225
800.001364 0.28075092433743654 0.030650522020840492
805.002786 0.28375406607425413 0.030988485150576197
809.995452 0.2816625129760722 0.0307530119437726
815.001107 0.28182556721148927 0.030771162653188074
819.99482 0.28309290867680675 0.030914259738644808
824.997311 0.2847039014776517 0.031096475805815215
829.998521 0.2806245757912901 0.030639231927558245
834.994472 0.27587806395032005 0.03010650796803222
839.97954 0.2717207252516764 0.029639755434022395
845.017893 0.26635253390681607 0.029038411292346612
850.015159 0.26384397937882137 0.028759575536496374
855.00571 0.26443380341685724 0.028825075075413487
860.001797 0.2642614676420908 0.02880510271778995
864.994959 0.26168075784087913 0.028516215774970207
869.999712 0.25831548474573446 0.028138401012075372
875.002244 0.25516763475022985 0.027785483194962005
880.001369 0.2524081429227809 0.027476403980480804
884.995684 0.25077209486313845 0.02729350481644602
890.006232 0.24971847150428625 0.02717578691190376
894.992614 0.24795999188585313 0.0269789920232286
900.002394 0.24646882070019624 0.02681167139251346
904.991282 0.24571762656042329 0.02672718800197965
910.00856 0.24464181623417489 0.026606097727992297
915.000301 0.24346333556329583 0.026473027973522283
919.983271 0.24238151975932143 0.026350370473404307
925.001625 0.24056599316223154 0.026144421511948752
930.004367 0.23834069500476934 0.025891259126180982
935.000984 0.23638180099681283 0.02566659354468154
940.001552 0.23412763513930596 0.025407279505766985
944.983332 0.23210708678148495 0.02517645723262547
950.002154 0.23086239461049077 0.025031031057293117
954.998767 0.22940731355004046 0.02486262461547847
959.988619 0.22751574434384347 0.024645233754074798
965.00046 0.2257589653873992 0.02444401937968323
970.007618 0.22427964178367205 0.024274204059344173
975.007011 0.2224446543633623 0.02406476160662163
980.003033 0.22089586767762776 0.0238873792471059
984.993762 0.21918745226435732 0.023692415173944728
989.990351 0.21789119340347052 0.02354397170086642
994.99507 0.21660787560898406 0.023395765596221526
1000.008 0.2153214245177507 0.023245825515233052
1005.00327 0.21399352022768134 0.023090666492621773
1010.00101 0.21276531307676397 0.022946431783851008
1014.99789 0.2117946257200604 0.02283130358441546
1019.99801 0.21046423905846506 0.02267562472010625
1024.98833 0.20927468431784202 0.022534895305428255
1029.99067 0.2079478825073601 0.022377296079146024
1035.01497 0.2064921160878501 0.022204123819149272
1039.99591 0.20516108846461775 0.022043593685808476
1045.01093 0.20391138758138827 0.02189159327622312
1049.98529 0.2025296507347434 0.021723239983849875
1054.97578 0.2009440047317129 0.021539704943595157
1060.01833 0.1993166064374333 0.021348712369017735
1064.97328 0.19760813103273223 0.021147862800941716
1070.02498 0.1960743028798924 0.020964334585215533
1074.99678 0.19458525701799184 0.02078406139275409
1080.02217 0.193044729771454 0.0205961707290819
1084.97227 0.19156263835858653 0.020416562243633
1090.03409 0.19003543423589533 0.020231050643175878
1094.9649 0.18852256119475472 0.020046405727334318
1100.01577 0.18684217726369248 0.019842150609333455
1104.98474 0.185300955859822 0.019652310340220896
1109.99476 0.18383009226687663 0.019468867348885425
1114.99497 0.18244947484136717 0.0192944680034103
1119.99705 0.18119443210659733 0.01913345088227239
1125.00921 0.18006088037045093 0.018984832898901495
1129.97566 0.1791893503854344 0.018863712532280398
1135.00486 0.1784268463349048 0.018753311147875557
1140.00977 0.1777909015757174 0.018654145688183226
1144.98353 0.17690208298934496 0.018524008627578685
1150.02079 0.17592329299680187 0.018379841179365655
1154.97738 0.17509826961823471 0.01824760446008884
1160.00598 0.17353990830719854 0.018024086116474172
1165.00895 0.1727128739329934 0.01785213116841762
1169.96099 0.17240558226364813 0.017720683829202274
1175.01652 0.17192192347826402 0.017556608740595617
1180.00569 0.1717168221813351 0.017408750806222822
1184.99095 0.17166226853116676 0.01725954091871615
1190.01051 0.17176220296921033 0.017108746958476848
1195.01025 0.16285579815455353 0.018302077573094253
1199.98339 0.1605126105427754 0.018040036449016018
1205.0138 0.15915379351391717 0.017887790433077845
1209.99541 0.15752061027158265 0.01770477699639511
1215.00269 0.15611601999551417 0.017547462563563865
1219.99494 0.15467501283007673 0.017386108191156262
1224.99346 0.1535330547617572 0.017258372791593465
1229.9995 0.1528983663201272 0.01718764314619387
1235.0079 0.15172215319488686 0.017056175085609637
1239.98406 0.15108927680470996 0.0169857407169103
1245.0054 0.15061244178695904 0.016932925269984123
1249.98824 0.15210962591764185 0.01710178047591074
1255.00113 0.21953201457190225 0.02467165155262602
1259.99393 0.4060902076907258 0.04561574956706762
1264.99615 0.2838618370983974 0.031895178031988755
1270.00083 0.24709123060453048 0.027768282726581234
1274.9814 0.27688067501303604 0.031113512317581568
1280.00478 0.22810173274969042 0.025638766786482105
1284.99454 0.2306196069594684 0.025922690188417655
1289.99695 0.26173339018742076 0.029416844012098316
1294.98524 0.2836222160974377 0.0318755059489895
1299.99617 0.26984490142935247 0.030330424218789148
1305.01582 0.27044356075602 0.030399277185468643
1309.98439 0.28046719395037767 0.03152618801729973
1314.99544 0.2555234271683902 0.028728012745414595
1320.00237 0.2529062110614269 0.028436349178616177
1324.99186 0.2473837661125233 0.02781875052449781
1330.00238 0.24480701095813226 0.027531990786770995
1334.97175 0.24374924199617354 0.027415964203129566
1340.01829 0.24392081357840237 0.027438190256268206
1344.98417 0.2433473020412435 0.02737700376484107
1349.99372 0.24894880025040972 0.02800926973747011
1355.0022 0.2544255024052976 0.028627805434958038
1360.0089 0.25559095628825834 0.028762826900005242
1364.96035 0.24900673663190703 0.02802839973879041
1369.9951 0.24545644157234592 0.027635045931737767
1375.00762 0.24104423537951591 0.02714550216691213
1379.97955 0.2422745522932472 0.027289797711485975
1385.00138 0.23840528013337595 0.026862514893819016
1389.98018 0.24201331149406644 0.027274971475276973
1394.98256 0.23981440633684709 0.027036829478438922
1400.01486 0.23771394812620575 0.026810580091173136
1405.01468 0.23916928507015123 0.026984415987151806
1409.98888 0.23880654804356272 0.026955555367799686
1414.98556 0.23894530352180257 0.02698403006146775
1420.00838 0.24512564470320777 0.027691923497695364
1425.00243 0.2478391613165106 0.028012445720960743
1430.01878 0.24908467085861263 0.028170190796504402
1434.99051 0.25111761943565136 0.028418931746135485
1439.9986 0.25736075650405216 0.029141777263707456
1444.97878 0.26117433651464406 0.029595186744780577
1449.9953 0.2625146474794065 0.02977429792522591
1454.9727 0.2664178214595238 0.03024449515823061
1460.01167 0.27636749706944785 0.0313947679321888
1464.99004 0.29155325287261924 0.03313702939313554
1470.00279 0.29915532665481015 0.03403606748258107
1474.99437 0.3075607683778483 0.03502767949831827
1480.00647 0.3222026824775652 0.03672276567940674
1484.98231 0.3377165348399395 0.038518468886441046
1490.00632 0.35820963713581294 0.04087593542732872
1495.00005 0.0 0.0