photon_energy_eV    total_yield    yield_error
4.09999411 0.0010686043017363394 0.0013446719837254047
4.19999508 0.0006837347445563158 0.0011550566008496212
4.40000093 0.00146740516682811 0.0013479117668734628
4.59999433 0.0003115614454561337 0.0006354740591958015
4.89999723 1.758369751944331e-05 1.0104664996364224e-05
9.70000524 2.401982831625088e-05 1.5787698581615498e-05
9.80003609 3.234076160509015e-05 1.6211983118344808e-05
9.89998077 1.7187570123623496e-05 1.6276766230216376e-05
10.0000072 4.0585043310765705e-05 1.7017683609835392e-05
10.0999912 6.344308610974237e-05 1.805663706063433e-05
10.2000051 7.430054669675692e-05 1.8788775067620667e-05
10.299982 9.852221153289441e-05 2.016494547474632e-05
10.3999934 0.00011457537300789567 2.1215794883594187e-05
10.5000288 0.0001278154994331801 2.2157812903308596e-05
10.5999871 0.0001635688728438129 2.4607879597334564e-05
10.700033 0.00017078946012444193 2.5340175992879932e-05
10.8000121 0.00020355047071806757 2.7947221283185876e-05
10.9000031 0.00023986544372105767 3.101202060869801e-05
10.9999842 0.0002806758028168903 3.467468209627096e-05
11.100024 0.00033481633264927844 3.9624490095861225e-05
11.1999933 0.00038899082176037717 4.4743372080718926e-05
11.299964 0.0004881150593114493 5.479077951804855e-05
11.3999829 0.000656387085168731 7.367926757413797e-05
11.5000481 0.000785278414915687 8.814728345530238e-05
11.6000051 0.001065886537644935 0.00011964546711126214
11.7000033 0.0013966689173784896 0.0001567756971476037
11.7999767 0.0019385329400301125 0.00021759978283704832
12.0000412 0.00024885353923119593 0.0004522487517242862
12.0999767 0.0012461834250422565 0.0003966203774689382
12.1999973 0.0009628671631517181 0.0003190446028043486
12.3000409 0.0015949931244998291 0.00027881816893458796
12.3999796 0.001688290674662715 0.0002562548629426266
12.4999978 0.0017041655910419588 0.00024850027832172273
12.6000337 0.0019143012342081218 0.0002592557829762716
12.6999834 0.0022111827186462106 0.00027939300889422993
12.8000051 0.0018912173510899266 0.00028087646555993153
12.8999829 0.001910658914626796 0.0002860590998365654
13.0000017 0.0021131969354230137 0.00029274148728974806
13.0999849 0.0027194944042052836 0.00030597435492313004
13.2000228 0.002555467107283268 0.00028110985509109443
13.2999958 0.0028865680368669005 0.0002816971254701685
13.3999832 0.0033185386462441465 0.00029283727608217253
13.4999663 0.003407902613503115 0.00028885947924142463
13.6000318 0.003767349415388205 0.0003065010469236555
13.7000272 0.0036496983505524237 0.00029740538833079654
13.7999634 0.0034770980937068085 0.0002864868120438816
13.9000103 0.00355358209350939 0.00029263639351775325
13.9999808 0.003588507140798166 0.0002969287795414265
14.1000188 0.003787954050045906 0.000309988748829792
14.1999642 0.003946759591582749 0.00031913688523896083
14.2999998 0.0039796068920128005 0.0003190784040847754
14.3999636 0.004038489620985872 0.00032379952546653616
14.4999947 0.005481526066158617 0.00043949983920506356
14.6000491 0.004105808374383811 0.0003291970335576749
14.69994 0.003959284985272443 0.00031744902667473846
14.8000079 0.004279959717451486 0.00034316020482636996
14.9001049 0.004074257633273101 0.00032666734648192317
15.0000206 0.004009221053191544 0.0003214528193332231
15.0999811 0.00404197862539931 0.0003240792681623082
15.1999801 0.004079656818178297 0.00032710024434084637
15.3000498 0.0040540248442270796 0.0003250451143835857
15.4000117 0.001971882930795179 0.0001671400685740367
15.4999729 0.0038652463454541793 0.00030990916157506315
15.6000273 0.0039532688407606905 0.00031696666199861783
15.6999717 0.0038558509011027025 0.0003091558501373547
15.8000218 0.0038807527417668917 0.0003111524391958996
15.8999711 0.0038457469104460434 0.0003083457286100036
16.0000006 0.0038216815188598335 0.0003064162046772719
16.100068 0.003843218185452001 0.0003081429795552948
16.1999796 0.003742555576708162 0.00030007201540718797
16.2999447 0.003771870672519497 0.0003024224520811837
16.4000524 0.0035072467717587566 0.0002812053383740759
16.4999956 0.0034671655184625007 0.00027799168871406684
16.5999935 0.003141577503546351 0.00028413979494664463
16.6001736 0.0048845297008282135 0.0003916336422004414
16.6998662 0.004961622841456077 0.000397814844752581
16.8001177 0.004892943991414276 0.0003923082863259942
16.8999463 0.004990224687441848 0.0004001080942163245
17.0000945 0.004859270678312793 0.0003896084148823518
17.0999553 0.004832130108986834 0.000387432328203072
17.2000292 0.004814316643029147 0.0003860040734926872
17.2999117 0.004760014800567289 0.0003816502401363405
17.3999714 0.00474662781153839 0.000380576893142341
17.4999941 0.004567911418533408 0.0003662477035989549
17.6000849 0.004545379497616746 0.0003644411308488969
17.6999959 0.0045019530374876575 0.0003609592679491088
17.7999862 0.004366570807210761 0.00035010454105010566
17.9000392 0.004302344918723106 0.0003449550138340638
17.9999524 0.004171548007024933 0.00033446793031643486
18.1000771 0.004084202872639271 0.0003274647395891589
18.1999684 0.003944524759152472 0.0003162655757656189
18.300038 0.0038525762750717513 0.0003088932959514055
18.3999968 0.003746088460350772 0.0003003552762681448
18.4999909 0.0036385617203606745 0.0002917339572475804
18.5999751 0.0035097855141053456 0.0002814088906038094
18.7000458 0.0033685904113011323 0.0002700880970455876
18.7999572 0.0032872379177440554 0.0002635653865073665
18.8999787 0.0031971624223327026 0.000256343279876512
19.0000082 0.0031025999407295023 0.00024876141399503434
19.1000587 0.0030016218932450065 0.0002406651584820549
19.1999937 0.0029072682727533106 0.00023310003874459166
19.299945 0.00283807393203945 0.0002275521491148423
19.4000813 0.002741456727468901 0.00021980553888975275
19.4999571 0.00267402133718494 0.00021439867904291072
19.5999562 0.0026066007084384595 0.0002089930027521204
19.6999713 0.0025307280661468257 0.00020290965777030866
19.8000193 0.0024661845590920827 0.00019773466441445843
19.9000208 0.002389073991824298 0.00019155206462269052
19.9999262 0.002336076034713821 0.0001873027746718403
20.0999815 0.002273454593881267 0.00018228188945766422
20.1999092 0.002227036190536241 0.0001785601374199891
20.3000946 0.0021710677861793717 0.00017407268184310704
20.3999865 0.0021245576575886632 0.00017034357542450925
20.5000422 0.002067809016021556 0.0001657935616978888
20.5999398 0.00202188306166503 0.00016211129341868726
20.6999755 0.0019813618207426484 0.00015886236626686282
20.8001389 0.0019408044798821724 0.0001556105446807519
20.8999558 0.0018943399666376548 0.00015188509562637608
21.0000145 0.0018486961832483587 0.00014822545135611458
21.0999082 0.001810773419955632 0.00014518486591180507
21.2000956 0.001770483651815063 0.00014195449787092143
21.2999414 0.0017393903896049583 0.00013946149070890706
21.400096 0.0017013859925718712 0.00013641436000414836
21.4998749 0.0016615769711508153 0.00013322253745285545
21.600131 0.001633900978141208 0.00013100352137398324
21.7000183 0.0016020510943909221 0.00012844984952822293
21.7999404 0.001566551321841334 0.0001256035355384595
21.8999641 0.0015337724651625277 0.00012297538015512536
22.0000792 0.0015039929688437565 0.00012058770860422096
22.0999965 0.0014741622591441842 0.00011819593084778996
22.1999797 0.0014373840575896558 0.00011524711450095935
22.3000996 0.001409578655518952 0.00011301772261417219
22.3998966 0.001378860259918522 0.00011055477164685374
22.5000117 0.0013489168583418875 0.00010815395843911763
22.5999824 0.0013121489492893825 0.00010520596732834895
22.7000032 0.0012854346592818286 0.0001030640590310807
22.8000637 0.0012507387125400503 0.0001002821944864202
22.8999389 0.0012205896385892462 9.786489080243978e-05
22.9999581 0.0011806790258257372 9.466492282264138e-05
23.1001135 0.0011438846554031616 9.17148100822844e-05
23.1998696 0.0011056795371911724 8.865158588006022e-05
23.300003 0.00106099269935627 8.50686679469917e-05
23.4001544 0.0010233338424326438 8.204924208586848e-05
23.4999971 0.0010122326721005216 8.115916831497518e-05
23.6000128 0.0014128420262409342 0.00011701698293999583
23.6998738 0.0013859069644204317 0.00011449955906672141
23.7999817 0.0013560949155352838 0.00011205139935370417
23.9000053 0.001341901076279685 0.00011075459634429604
23.9998378 0.0013267801655818577 0.00010952810570628143
24.0998908 0.0013237731627382704 0.00010924886968314121
24.2001594 0.0013138148587156214 0.0001085986915530411
24.300156 0.0013069224441935082 0.00010828599813508744
24.4000581 0.0013027467602207449 0.00010823586471801896
24.4998531 0.0013045200687919211 0.0001086546843813408
24.5999237 0.0013049012538244669 0.00010906192900779019
24.700217 0.0013105581927358805 0.00010980592772721311
24.7999744 0.001311289985146184 0.00011024008061015923
24.8998823 0.0013130627437304347 0.00011075479080708157
25.0000876 0.0013074222592106286 0.00011072604210234578
25.1002276 0.0013098964240853988 0.00011115053175248264
25.1996681 0.0013174710116939212 0.00011186623326222704
25.3000566 0.0013068344395361666 0.00011124097050246589
25.3999302 0.001311573551216867 0.00011154102593058036
25.5001171 0.0013120865204628187 0.00011158465071693809
25.6001336 0.0013060541435022666 0.00011107804117590953
25.6998043 0.0013008690802919591 0.0001106020091467955
25.8001454 0.001297955209642003 0.00011013415141811257
25.9000672 0.0012907122458105423 0.00010946703552748647
25.9999373 0.0012863278493472025 0.00010893954925490715
26.0999684 0.0012829221752217131 0.00010859082659655373
26.1999868 0.0012808322362832074 0.00010829152808801945
26.2999834 0.0012751510824984258 0.00010784969176022685
26.4001198 0.0012792255245742973 0.00010807002333217393
26.4997592 0.0012713164398301187 0.00010757872355839837
26.6002114 0.0012762145443039386 0.00010798723659766951
26.6998552 0.0012767154215434868 0.0001081224616088253
26.8000136 0.0012680991065566376 0.0001077694256828049
26.899921 0.0012808911335896289 0.00010884720018598748
27.00004 0.0012813398168809987 0.00010914711091457794
27.1001268 0.0012757664116514044 0.00010916862635859637
27.1998703 0.0012883623259782413 0.00011026320905506502
27.3000462 0.0012990123807712659 0.00011134473589007558
27.3999811 0.0012988005104081159 0.00011170201609503012
27.5000324 0.001310874253145163 0.00011281901141037582
27.5999456 0.0013064572358615157 0.00011285638330946196
27.6998978 0.0013183078772695009 0.00011394727897436496
27.8000713 0.0013201246039930342 0.00011420211177243795
27.9000179 0.001316599276483245 0.00011430241427646101
28.0001733 0.0013342953131239843 0.00011554682805716435
28.0996308 0.0013265091927706818 0.00011519800274079059
28.2003822 0.0013316906367731563 0.00011556555727665007
28.2998953 0.0013274156958431817 0.00011527672616313811
28.3999814 0.0013326914348946628 0.00011548120069997459
28.5000478 0.001334376945884727 0.00011537033902833862
28.6000198 0.0013253535070835744 0.00011464308970490486
28.7000899 0.0013283687939187857 0.00011454073277265009
28.7999817 0.001319431520446968 0.0001136532555531313
28.899957 0.0013209787983547874 0.00011332548058977704
29.0000103 0.001309711887687354 0.00011219297617588256
29.1000668 0.0012949220556554514 0.00011082461699921127
29.2000498 0.0012930168066514372 0.00011014499980248068
29.2999505 0.0012819862488679266 0.00010894338111378807
29.3999014 0.0012772505238723263 0.000108048074786336
29.4998967 0.0012702485340186508 0.00010705751037776555
29.6000017 0.001258314482599397 0.0001057067686975437
29.6996351 0.001244123104091053 0.00010421068998780725
29.8003044 0.0012408013593185239 0.00010341936210962502
29.9000513 0.001223524241468674 0.00010174433212033088