photon_energy_eV    total_yield    yield_error
5.00000031 8.77981445358422e-05 0.00011533536932251889
5.09999488 0.00013592823223379508 0.0002612139101676831
5.2000042 0.00010174254239596896 0.0001368599530796821
5.30000365 7.135749946227404e-05 7.007808743942385e-05
5.39999029 2.035527237181117e-05 3.8837226310551355e-05
5.50001283 8.35036327185656e-05 5.2660291418240756e-05
5.59999511 4.654258643032712e-05 3.545138316201106e-05
5.70000576 8.953428684843163e-05 3.596149764350658e-05
5.79999812 0.00012344002843749777 4.415631208955218e-05
5.89999518 8.292634310210544e-05 2.765374094328262e-05
6.00001881 0.00011657743576400617 3.358689544385837e-05
6.09999682 0.0001394019090637953 3.4545489741058595e-05
6.20000359 0.00012503152080292135 3.2096989848080826e-05
6.29999868 0.0001599083818529734 3.3845619731155423e-05
6.40000387 0.00017761048357668857 3.453956806345265e-05
6.50000912 0.00017851251166528683 3.4267873445898544e-05
6.59999144 0.00018423263586044242 3.271364081699284e-05
6.70000404 0.00022197311387896562 3.40117514414361e-05
6.79999091 0.00024397057547803565 3.475133298042975e-05
6.89999876 0.00022253188457632507 3.207686393467035e-05
6.99999197 0.00024411174507239485 3.3600214952655234e-05
7.1000249 0.0002897589147520205 3.62870180757508e-05
7.1999877 0.0002647954582650592 3.307733917454456e-05
7.29999579 0.00030814725787863315 3.6408064607894346e-05
7.40002359 0.0003440858551763622 3.975274337498988e-05
7.49996615 0.0003720134613450742 4.317783480995155e-05
7.60001076 0.0004191419034247455 4.7048561971670676e-05
7.70000289 0.0004595566565403107 5.1585106757555665e-05
7.79999073 0.0005350275020275331 6.005668815265588e-05
7.89999252 0.0006240320017423573 7.004741846707862e-05
8.00000234 0.0007487954522582062 8.405208105373955e-05
8.09999188 0.0008787937317878964 9.864435173984462e-05
8.19999537 0.0010404930598070428 0.00011679505629342127
8.29999895 0.0012491361278757728 0.00014021518259857752
8.39999191 0.0015150066107793207 0.00017005907028701397
8.50004367 0.001784727274178365 0.00020033513966419205
8.59998675 0.0021341806681294557 0.00023956118584850166
8.70001905 0.0025249976635069262 0.0002834302847774291
8.79998164 0.002969713010045063 0.00033334945861901357
8.90001507 0.0035027299412941698 0.0003931804607615276
8.99999866 0.004080857837832985 0.0004580751561990638
9.09996657 0.004738598958072956 0.0005319064138329893
9.20002188 0.005494884358239927 0.0006167992394543103
9.30000446 0.006315008946075431 0.0007088579961187998
9.39998865 0.00725869398355965 0.0008147863788575259
9.50002172 0.008280518129626819 0.0009294858547810119
9.59999227 0.009495007657246349 0.0010658119661463284
9.69998986 0.010843214754992255 0.001217147837531789
9.80002824 0.012331243753008255 0.0013841786782966005
9.89997276 0.013991164290916548 0.001570504296560271
10.0000235 0.01576609684121553 0.0017697399811958218
10.0999829 0.0176902726409991 0.001985728179037178
10.1999966 0.019677412548013 0.0022087840803861327
10.2999993 0.021703327429059283 0.0024361924617753946
10.3999934 0.023666724859674703 0.0026565832767584496
10.5000108 0.025633203205421323 0.002877319923607265
10.5999871 0.02759034245725509 0.003097008259764336
10.7000236 0.029660051341147065 0.0033293325057809184
10.8000025 0.03179113737379611 0.0035685463196582804
10.8999934 0.0340487936377811 0.003821967606766357
11.000004 0.036648835959425495 0.004113821633527526
11.0999938 0.03946592528911064 0.00443003912651608
11.1999933 0.04238977069438541 0.004758239959269022
11.2999848 0.04541478885766317 0.0050977974059416295
11.4000041 0.04847298258837772 0.005441078800823044
11.5000265 0.05164772942992869 0.005797443249947839
11.5999611 0.05464023881537803 0.006133351595359543
11.7000592 0.057651110564312345 0.006471321110960417
11.7999995 0.060557412529946446 0.00679755269749773
12.0000059 0.0701438814696334 0.005624022262239635
12.0999887 0.0755870390677764 0.006060445780121058
12.2000095 0.08048195970146055 0.006452912550407411
12.3000038 0.08556668151366428 0.0068605972703000406
12.3999796 0.09342608669321978 0.007490751586994324
12.5000233 0.09865302853305596 0.007909839277249914
12.6000078 0.10146653557667284 0.008135421693231833
12.700023 0.10302611415412893 0.00826046616547311
12.7999382 0.10652465382503258 0.00854097338267079
12.9000781 0.10911659314131397 0.008748790858860092
12.9998912 0.11509310335253048 0.009227977721265695
13.100041 0.11983228782670287 0.009607957819731512
13.200037 0.12450195272569164 0.009982363951797088
13.2999958 0.13137028680649465 0.010533055800688543
13.4000272 0.13758617179769256 0.01103143534338825
13.4999663 0.14218246703099172 0.011399958815062556
13.6000318 0.1466365262391807 0.011757078033722175
13.7000119 0.1496772204711201 0.012000875948733392
13.80001 0.1520202512621894 0.012188736344451463
13.8999629 0.1545300886018368 0.012389971017769166
14.0000128 0.15835364432936053 0.012696537493446972
14.1000025 0.16006306166672998 0.012833595793606569
14.1999642 0.16157072156502403 0.012954477510646456
14.2999162 0.16301412718124703 0.013070207423918996
14.4001161 0.16395947891945326 0.013146004187798113
14.4999603 0.16568738673612013 0.013284545024495888
14.6000317 0.1675392350261184 0.013433023206641387
14.6999753 0.16866601660098218 0.013523366719560028
14.8000079 0.16954656149171732 0.013593967375877283
14.8999961 0.170451998113786 0.013666563810703403
15.0000574 0.17155064444008464 0.013754651485180132
15.0999997 0.17127621300951676 0.013732648019694118
15.1999612 0.1712886128188494 0.013733642216226635
15.3000115 0.17170109439289122 0.013766714317549954
15.3999729 0.17182742685936953 0.013776843449115414
15.5000122 0.1709800737279093 0.01370890405403968
15.6000472 0.17032480841704276 0.01365636594781038
15.6999717 0.1695074790944159 0.013590833812865374
15.799981 0.16915663007345602 0.013562703309345723
15.8999918 0.1679367780137834 0.013464897556420465
16.0000215 0.16695022641065976 0.01338579745442201
16.1000045 0.16646223082670925 0.013346670762677692
16.200001 0.16535231393603306 0.013257679432691185
16.3000099 0.16422113875061004 0.01316698364722818
16.4000084 0.16264800957974404 0.013040852710459887
16.5000401 0.16108818331652344 0.012915788379177102
16.5999259 0.1567307745612103 0.012566418436537585
16.6001286 0.14903567188010047 0.011949437626778471
16.6999802 0.1512216307364202 0.012124704250391315
16.7999332 0.15186986045427156 0.012176678254222563
16.8999929 0.1518981149800839 0.01217894365612004
17.0000709 0.15194700989404963 0.012182863970748942
17.0999792 0.15248462968134574 0.012225969450357775
17.1998841 0.1512711569040651 0.012128675177912896
17.3000584 0.15067540190147288 0.012080908511352398
17.3998972 0.1490690889660974 0.011952116954349864
17.5000942 0.14652505119504697 0.011748140146100945
17.6000089 0.14484337996225272 0.01161330648345145
17.6999703 0.14251093092620581 0.011426294515630053
17.8000121 0.14030246463982982 0.01124922328290448
17.9000392 0.1376567525856024 0.01103709439609783
17.9999789 0.1350437492199686 0.01082758803871164
18.1000503 0.13227041884276575 0.010605226922458235
18.1999684 0.1296362715183432 0.010394025276866597
18.300038 0.1268464519312318 0.010170342082597697
18.4000522 0.12404421329790082 0.009945663149413992
18.4999629 0.1215315456236385 0.009744201544473027
18.6000599 0.11903877266597211 0.00954433506553154
18.6999315 0.11638424843838675 0.009331499633006215
18.800015 0.11391211945090898 0.009133288353997912
18.8999787 0.11178545356155599 0.00896277574398153
19.0000672 0.10961642179376657 0.008788866306779459
19.0999097 0.1076226344845689 0.00862900768506984
19.2000238 0.105563869655314 0.008463939271548152
19.3000668 0.10386784649759748 0.00832795489491509
19.3999583 0.10213448420244556 0.00818897672700915
19.4999881 0.10061260504180908 0.008066954932655445
19.6000189 0.09917954145293278 0.007952054226304676
19.7000347 0.09795973702096411 0.007854252292091211
19.7998912 0.09672946886441897 0.007755611393470142
19.8999561 0.09562197604001274 0.007666814421172168
20.0000243 0.0947123344283625 0.00759388083712471
20.1000475 0.09380608111595751 0.007521218921396528
20.1999759 0.09291403606805741 0.007449696201193445
20.2998926 0.09210235211471592 0.007384616702770314
20.3999525 0.09129247210202206 0.007319681841372533
20.5002825 0.09054480812370216 0.007259735360358844
20.5999051 0.08995486725835573 0.0072124348618606325
20.6999404 0.08934656524418468 0.007163662196331076
20.8000682 0.08874785160093875 0.007115658310777929
20.8999915 0.08815382711506163 0.007068030394231358
21.0000866 0.08762654281959964 0.00702575359753753
21.0999082 0.08708941203625237 0.006982687325469496
21.2001323 0.08656259621292307 0.006940448090108863
21.2999044 0.08607141254550207 0.006901065783020253
21.4000212 0.0855541438627073 0.006859592021850413
21.4999504 0.08504443377352251 0.006818724296415167
21.6000929 0.08456566288493389 0.006780337225732453
21.6999028 0.08408246077609415 0.006741594867021491
21.8000569 0.08360660490064577 0.006703441517348394
21.8998857 0.08316374983377764 0.0066679341188008775
22.0001188 0.08276061911602768 0.006635611753917208
22.0999166 0.08235205275726275 0.00660285356818306
22.2001005 0.08194040728011583 0.0065698485037480854
22.2999371 0.08157161515082952 0.0065402793510039095
22.4000196 0.08123744729127247 0.006513486315858178
22.5000117 0.08089157162184721 0.006485754567570812
22.5999824 0.08057988959712378 0.0064607644100680055
22.7000453 0.08028235206359827 0.00643690833485033
22.8000637 0.08001027565345045 0.006415093691068975
22.8999389 0.07974320591123481 0.00639368047377444
23.0000445 0.07951620607633822 0.006375479996437926
23.0999827 0.07931804367096718 0.00635959165726998
23.1999136 0.07912685271906808 0.00634426227789589
23.3000474 0.07894270874581671 0.006329497913801336
23.3997517 0.07891398639464434 0.0063271950024278425
23.5000422 0.07503660154062693 0.006016312594990709
23.5999673 0.0748832353525877 0.006004015943625886
23.6999197 0.07447002314584392 0.005970885261361571
23.8001205 0.07437250307805707 0.005963066261033141
23.9000053 0.0742701255469974 0.005954857797204661
23.9998378 0.07410196315942505 0.005941374810640998
24.1000332 0.07416508349657919 0.0059464356965503225
24.2001116 0.07397813631119078 0.0059314465754686406
24.2998183 0.07378144315961783 0.005915676038679124
24.4001554 0.07368630598311866 0.005908048094696161
24.5000002 0.07366253343022812 0.005906142050093474
24.5998743 0.07376065694151943 0.005914009433540031
24.7003167 0.07336129896236653 0.005881989560697219
24.8000749 0.07336278616557279 0.0058821088022299834
24.8998823 0.07337522575457191 0.005883106188231419
24.9999855 0.07329144142834464 0.00587638849730733
25.1000731 0.07323316604156249 0.0058717160716340346
25.1996681 0.07325937349748558 0.0058738173427992455
25.3001089 0.07306678553129567 0.005858375953092854
25.4000883 0.073116056204611 0.005862326395494887
25.5001171 0.07328937664917484 0.005876222946673772
25.5999194 0.07324838621035573 0.005872936399998174
25.7001282 0.07313314810351104 0.005863696796132888
25.7998735 0.073200487630725 0.005869095969834787
25.8999576 0.0731937983922691 0.005868559637581636
26.0001031 0.0734621374411614 0.005890074625819802
26.100024 0.07347000371712259 0.005890705331024586
26.1997624 0.07354542171613723 0.005896752223448347
26.3002095 0.07359152941377305 0.005900449063607908
26.4000629 0.07374266623932982 0.005912566968317011
26.4998166 0.07382357749753928 0.005919054301323137
26.6000958 0.07410276477642594 0.005941439082987557
26.6999135 0.07397563816459161 0.005931246278139867
26.8000723 0.07408146885277976 0.005939731610487152
26.8998619 0.07420372835600894 0.005949534178487739
26.9999804 0.07435229342317923 0.005961445883794759
27.1000668 0.07442503909287403 0.005967278513202675
27.1999912 0.07467986248702733 0.0059877098382396
27.3000462 0.07479559908267491 0.005996989410125847
27.3999198 0.07494780361264729 0.00600919292163738
27.4999088 0.07502816651698734 0.0060156362885226645
27.5999456 0.07515113144556274 0.0060254954163794835
27.7000232 0.07551097664540506 0.006054347218881309
27.8000713 0.07586339290416277 0.006082603380977025
27.8999543 0.07559020976689339 0.00606070000161618
28.0001733 0.07559968453612508 0.006061459673193688
28.0999534 0.07587015231004009 0.006083145339139833
28.2000573 0.07592209377321417 0.006087309921126228
28.2999607 0.07613851327995258 0.006104662084969723
28.3997836 0.07617976846540732 0.006107969858599713
28.5000478 0.07616433446227518 0.006106732385346279
28.6000867 0.07654420734978365 0.0061371899752515925
28.7000899 0.07656458791842512 0.006138824056077391
28.7999139 0.07678411356909817 0.006156425265486545
28.9000935 0.07686639265521109 0.0061630222687079315
29.0001477 0.0769746294177744 0.006171700516182908
29.0999976 0.07721875022673966 0.006191273725357123
29.1999104 0.07722201728699628 0.006191535672931601
29.3001609 0.07743449328125211 0.006208571652362017
29.3997602 0.07767019109459208 0.006227469519454803
29.4998967 0.077819875488981 0.00623947097059659
29.5997153 0.07805685843782277 0.006258471877762447
40.9997751 0.0632908140819054 0.008993006597317568
41.9999914 0.06415894766395284 0.008581110699380827
43.0001101 0.06291070613201755 0.008072780698033874
43.9999576 0.05962948246436451 0.007465814411714736
44.9999142 0.0567620440494343 0.00695548169613759
45.9998399 0.055712580863927975 0.006647038651420655
47.0000736 0.05466616420999455 0.006375185108915714
48.000011 0.053277639181169754 0.006113208725511915
48.9997131 0.052725815901598444 0.005949725353101286
50.0000827 0.051837360054083736 0.005796000639229727
50.9999851 0.05198047945395935 0.005729098126885501
52.0000618 0.051306673038556676 0.005581095308484976
52.9995963 0.04864079951018465 0.005268611827583103
54.0002432 0.04715394792939592 0.005077697039229006
55.0000918 0.045356132364289696 0.0048738493463861944
55.99982 0.04409456629735464 0.004724990299876028
56.9998713 0.042612203295938546 0.004565333406679753
58.0000425 0.04115006322085444 0.004409393148962254
58.9994577 0.03998263875612814 0.0042813886567973315
60.0002585 0.038754885283546966 0.004150594000923225
61.0000573 0.03766534463573947 0.004032899895992422
61.9998518 0.036514190664532535 0.003909598483131054
62.9997539 0.03555353551047581 0.0038041204918497925
63.9999573 0.03466577008777958 0.0037053574335112064
65.0000465 0.033903049550097944 0.0036174504412828214
65.9996832 0.033056213749254 0.0035201681254483017
67.0000153 0.03236225073160592 0.003437230233757948
67.9998697 0.03155561756146979 0.0033452213549552893
69.0001712 0.031012249927401616 0.003283744349682209
70.0000097 0.030257253841677177 0.003205796976545124
70.9997527 0.029545833954780085 0.0031315088987354557
71.9996131 0.034375440315340525 0.0028977912642674727
72.9999014 0.03185821051434786 0.0028509462285296926
74.0000928 0.0306303845485749 0.0028023735819418354
74.9999081 0.030023808093066963 0.0027541045978836335
76.0003534 0.028979813559867937 0.002697260758318605
76.999683 0.027959214948256254 0.002643121480661989
78.0000988 0.027111672973360694 0.002586121258142122
79.0000333 0.026277780444379128 0.0025273331257115363
79.9999504 0.02551358992138143 0.002471798362057261
81.000156 0.024812749779165515 0.002418642893885646
81.9999755 0.02415383876479861 0.0023661123867277103
82.9993932 0.023513119793302756 0.0023160238918296656
83.9996907 0.02291549425007143 0.0022706411703849057
85.0004678 0.022360968130625575 0.002227885668151278
86.0001584 0.021847138791532612 0.002187669473739089
86.9996418 0.021360038105582915 0.0021493570715722127
88.0001557 0.020907880373181368 0.0021128597067884957
89.0000805 0.020484383648856613 0.00207836773398894
89.9998405 0.0200710433795653 0.002045544411506033
90.9997924 0.019672092199637663 0.002014433239772679
91.9998593 0.019305482145414946 0.0019846865473414467
93.0001604 0.018961118307983638 0.001956048312885043
93.9998123 0.018624379257998935 0.001928396756131809
94.9993089 0.018314348530978675 0.0019026389740598173
95.9997635 0.018030166700781565 0.0018776109277615714
97.0001876 0.017765221356334317 0.0018536732019491366
97.9999137 0.017517094945003052 0.0018311981785753492
99.0007578 0.01729086714180622 0.0018104185363229598
99.9997864 0.017088867152501384 0.001790810294621324
101.000083 0.01590897285976063 0.001737419394265729
101.999678 0.01599125661941263 0.0017471619641010008
103.000457 0.016103848250369313 0.0017605236096500984
103.999074 0.01590387983321861 0.001739723011825346
104.999881 0.015685324101967303 0.0017167850704114833
105.999984 0.01540041393532235 0.001686764631877656
107.000368 0.015481134067122199 0.0016970187313015883
107.999585 0.015668507400370426 0.0017187255708127542
109.000311 0.015591790509778903 0.0017111802495415821
109.999725 0.015689449181543975 0.001722522301123203
110.999423 0.015276478852188864 0.001677744471470673
111.999924 0.014813995368429759 0.0016274230428247858
112.999714 0.014591870820923305 0.0016033967881340884
114.000628 0.014413670795723641 0.0015841274736224922
114.999363 0.014232167703260213 0.0015643911715614825
116.000636 0.014073425691161521 0.0015470585561457551
116.999263 0.01391080032929969 0.0015292015467890832
118.000398 0.013697791741825461 0.0015057136769071995
118.999608 0.013465129795537083 0.0014799468172694691
120.000224 0.013239683489346862 0.0014548665565072008
120.999921 0.01303568332043351 0.0014320759624329253
121.999158 0.01285754399884037 0.001412084019094683
123.000674 0.012706148598993692 0.0013949988336880127
123.999089 0.012577898881007897 0.0013803715241216862
124.999989 0.012465331396770009 0.0013674307887653902
125.999656 0.012360391083336086 0.001355259833142115
126.99985 0.012261473165298376 0.001343677350218487
127.998664 0.012154918798434854 0.0013311491701035372
128.999817 0.012041003601614008 0.0013177428667847967
130.000784 0.011917737863554897 0.001303248452376678
130.999144 0.011790672966517987 0.001288201229064399
132.000251 0.011656350782517108 0.00127230921862583
133.000392 0.011512591778705204 0.0012552186162544036
133.999158 0.011366879788253547 0.0012377886087225872
135.000513 0.011215255576089132 0.0012195599253105908
135.999767 0.011061133255396332 0.0012009320893455035
136.999885 0.01090036745003546 0.0011814357395903438
137.999808 0.010739677473533615 0.0011618079403673857
139.001489 0.010578100854262057 0.0011419077443465037
139.99889 0.010422915896137424 0.0011224486703764747
140.999347 0.010278294646079694 0.0011038144376463333
142.000694 0.010144387449734954 0.0010859261546398717
143.000246 0.010021412774904037 0.0010687039612175986
143.999271 0.009903481160719 0.001051460616598064
145.000296 0.009800202217218616 0.0010351284008238426
146.000688 0.009713474708498428 0.001019728614779097
146.998757 0.009642767164741044 0.0010052656525308332
147.999787 0.00959156484829135 0.0009919402511405254
148.999231 0.009555231304654277 0.0009793113159330777
149.999407 0.009534536707424653 0.0009673647536318599
150.97648 0.009502261099612228 0.0009531868242363293
152.013528 0.009489230692791697 0.0009432376029442008
153.004758 0.009477674768927876 0.0009322354201044596
154.007143 0.009475483797970459 0.0009203877154319812
155.000453 0.009485455168534704 0.0009089671861125258
155.997441 0.009513113848629903 0.0008993614636503267
156.999323 0.009549985752916264 0.0008903281931537139
157.997143 0.009600519177824252 0.000882768695187734
159.000411 0.009670272824582854 0.0008763251861220718
159.993069 0.009775063613617263 0.000873095902161192
160.99645 0.009888583359923426 0.0008719111170972071
162.000863 0.009995200614021564 0.0008690737958974267
163.005464 0.010134258569182314 0.0008655151420354685
164.002917 0.01025937847073893 0.000858211283429952
165.003405 0.010409398262374569 0.0008490762910928256
166.002249 0.010627974864507492 0.0008426872831185995
166.998615 0.010890543635327394 0.0008385491588459536
167.998954 0.011171316150042196 0.0008349268596930159
168.998982 0.011460173428092479 0.0008306616360474621
169.997113 0.011761942637287864 0.0008279831332240721
170.99601 0.012049195452421118 0.0008258510785034707
171.991627 0.012280334077876556 0.0008238326447095161
173.005289 0.012555718022453989 0.0008220332339309563
174.004408 0.012869048663136646 0.0008188234509790349
175.004856 0.013253352538417978 0.0008149615515795226
176.000117 0.013658049210107243 0.000809171699497838
177.001773 0.014123037096353626 0.000807004715880701
177.996605 0.014544315827221783 0.0008027453271393327
178.998109 0.014941790115188749 0.0008001773439313522
180.000256 0.015273422885820438 0.0007956955796028381
180.99399 0.015578864219493309 0.0007937342127853899
181.993601 0.01581126529250897 0.0007937193748042975
182.998861 0.016004310869798585 0.0007918324550592955
184.008148 0.01626514914979155 0.0007901852086892239
185.003549 0.016589169912717167 0.000790391889737575
186.003202 0.016916803336767327 0.0007884144941928349
187.00007 0.017230054708695167 0.0007875101760677887
188.001943 0.017503055536392285 0.0007846557338381337
188.993244 0.017737868756966077 0.0007852516033519108
190.001357 0.01792699943426807 0.0007835907435142183
190.997658 0.018077319591119724 0.0007815817003462149
191.997092 0.018203950050946334 0.0007829296255576153
192.990971 0.0182822222628452 0.0007860837256892033
194.00625 0.018383084939032658 0.0007879568263555586
195.001904 0.01853208779752835 0.0007907393014992372
196.007167 0.01868003568419121 0.0007883848285001618
197.004023 0.018838817505537665 0.0007860811044066921
198.000374 0.01902255165874944 0.0007858307476456725
198.996511 0.019167005908959346 0.0007837866167817867
199.997149 0.019292686157875806 0.0007818065172084225
200.995415 0.019427449487475684 0.000782683896507041
201.99686 0.019508572915652243 0.0007826064986108478
202.99457 0.01954042560295484 0.0007841542525878098
204.000562 0.019563704046895926 0.0007862596899929669
205.006815 0.019624236676028032 0.0007869560437512262
206.005019 0.0196520462060804 0.0007834246299295459
207.001527 0.019670446196951748 0.0007787889271868675
208.004198 0.019713881156923296 0.000777786845665721
208.994867 0.01973233070586936 0.0007767499877670068
210.00056 0.019726747970756308 0.0007736587058503962
210.993819 0.019728064783188365 0.0007730510321153053
211.998961 0.019725554977527666 0.0007726718646467976
212.996925 0.019688425359886883 0.0007692714200892969
213.990952 0.019638643469762594 0.0007687666673493942
215.007049 0.01965693871103889 0.0007695330924020208
216.007687 0.019720871454055006 0.0007687182463234045
217.00082 0.019838216482920452 0.0007662897319292224
217.998433 0.01997431729453475 0.0007621079167181961
219.001962 0.020146345404947117 0.000759563095304352
219.99821 0.020263844761180382 0.0007531825573183057
220.99721 0.020430131357182132 0.0007527857705481318
221.999746 0.02054205879424463 0.0007496427596120608
222.992784 0.020628282195047174 0.0007496677651273894
223.990588 0.020665885063776365 0.0007506517598694806
225.006784 0.020639378221608683 0.0007444988052888709
226.005829 0.020681540531706444 0.0007400821835819078
227.001867 0.020744151867921994 0.0007345936893424245
228.005249 0.020804935954873902 0.000730431366814316
228.999744 0.02082482387665542 0.0007247768354561807
229.996114 0.02082827800411579 0.0007209570492168514
230.999452 0.02077415650831989 0.0007158263513882484
231.998408 0.020691055001099513 0.0007117255305924145
232.995353 0.02057791431801061 0.0007099187591718861
233.998109 0.020377230043114272 0.0007068484298793732
234.991109 0.020156614387453815 0.0007028036594390028
236.008804 0.01997879050726123 0.0007003184155857617
237.007448 0.019799228703486577 0.0006960295832947134
238.00741 0.01960039562037922 0.0006885479074333773
238.994499 0.01940858475824416 0.0006831638878079075
240.002624 0.019195437658368168 0.0006763986899227007
241.000648 0.018956681614055677 0.0006711199157446513
241.990964 0.018693466323557104 0.0006645043959214678
242.998751 0.01844124857798367 0.0006597216367908303
243.997317 0.018213168979611685 0.0006569728886278304
244.991603 0.017965348603676826 0.0006539003649949211
246.004923 0.01771136811149035 0.0006476913704324772
247.003272 0.017488616183227827 0.0006428697748797616
248.002959 0.017252586657361638 0.0006346749394987451
249.000327 0.017083580146685498 0.0006321782509187286
249.998276 0.016864097341948724 0.0006233309654515164
250.99667 0.016872582069887315 0.0006187138314983009
251.999159 0.016897664628174998 0.0006144763133717316
252.99928 0.01692147043984597 0.000609962672473544
254.000224 0.01693614936833305 0.0006034794601522236
254.997937 0.016996535832781795 0.0006011813594713443
255.998319 0.017021146926032286 0.0005943348273114436
256.998877 0.01708849624689155 0.0005908459280200741
258.001472 0.015865035004032954 0.0009272681093941268
258.999228 0.015643037241514928 0.0009144406580710656
259.997033 0.015345471647723354 0.000897448010857631
261.003371 0.015168946987526225 0.0008873163606253592
262.001128 0.015151116885430827 0.0008860772821065574
262.998728 0.014777949334295042 0.0008649140276852723
264.00129 0.014842216968715214 0.0008683245843045053
264.998406 0.014676677688176392 0.0008588109765264481
265.997542 0.014401153819227143 0.0008431014917757746
266.998439 0.014451879801281008 0.0008457146937583709
268.000093 0.014353842811248097 0.0008399863803117648
268.998927 0.01435815320209122 0.0008399803322753255
269.995193 0.014075036414509431 0.0008238600300606967
271.001466 0.014050028979858162 0.0008222324592167998
271.999526 0.01389667833271924 0.000813450617081647
272.998516 0.013855371163297454 0.0008109779871117867
274.002906 0.013756357933870263 0.0008053566851591615
275.000488 0.013531419795564567 0.0007927383973271702
275.99743 0.01354237392963099 0.0007934847893610226
277.005542 0.013724977383578767 0.0008040038617615271
278.003115 0.013573175126292436 0.0007958568859588534
279.000374 0.013627565094919815 0.0007994564838728485
279.999208 0.013684929482442624 0.0008033877365311554
280.997361 0.013683776429070562 0.0008042550250649762
281.999504 0.01378027680593575 0.000810756735339953
283.001679 0.013997274469820601 0.0008243083822091573
283.995172 0.014221066292812017 0.000838583742348712
284.99652 0.014579174707720162 0.000860675664143154
286.00136 0.014739548969371859 0.0008723634688480628
287.003057 0.015518709044499847 0.0009198351866194245
288.003952 0.016364627759476502 0.0009726411192129721
288.998773 0.01728102692237619 0.0010332174002189278
289.997558 0.022782658682236046 0.0013678113376769908
291.000189 0.045903487888342365 0.002775164892022182
291.998173 0.15692830061460739 0.00963216646889391
292.994038 0.15224669519457548 0.009599233184990112
294.001233 0.18610028497042996 0.011196248388264045
295.000761 0.20565405271104717 0.012477777034078605
296.00427 0.2168346300791928 0.013165712275244722
296.998311 0.23231936620937294 0.0140736080644718
297.995778 0.21693419850085155 0.01317074324792986
299.001182 0.20121289453746363 0.012185112073344712
299.994784 0.21524429706252882 0.012892856179064893
300.998604 0.3370351783482717 0.019609590544053493
302.000394 0.32488937148059427 0.018842499992230363
303.002882 0.30241509031576363 0.01751609410769922
303.999343 0.27741372516631563 0.01606355229151611
305.002788 0.2693523980655471 0.015568543793213648
305.998243 0.26679467083261954 0.015388265669060668
306.995515 0.2675535364465073 0.015397945685247978
308.00143 0.26172029656833806 0.015039258139689997
309.0043 0.25218860164035317 0.014478049259993173
310.000987 0.24696352719019327 0.01415862428058466
310.997334 0.24174536577345274 0.013840061713460403
311.9958 0.23811067507867373 0.013612321957108719
313.004941 0.2333582467789173 0.013322323749717273
314.004181 0.2258093217266915 0.012877254595887878
314.999638 0.21449457142283063 0.012223229544868378
315.998802 0.20831327441209638 0.011858623992254251
316.997559 0.20608617854265668 0.011718710254227115
317.99935 0.2024566489538721 0.011502700261532849
319.001796 0.19284986309747032 0.01095438755618104
320.018084 0.17091758733376627 0.00918750582271211
325.003358 0.14392673575598103 0.0067504529350423705
329.992721 0.14344199833907373 0.006583489472937499
334.972889 0.1523527703794257 0.00723786717495387
340.007814 0.15178467566116938 0.007555194735083363
345.005752 0.14171782320043552 0.007064782237007187
350.011414 0.13300457182488024 0.006353230286042901
355.014365 0.1318935295938711 0.006213711380059688
359.990769 0.1319565987058218 0.006332918015136503
364.986028 0.12970426339714963 0.006387565855201407
369.984074 0.12451226736437412 0.006273193846975181
375.039078 0.12442142926493555 0.006330336487442615
379.99073 0.1228824290105578 0.006340957391002358
384.993799 0.11926478587645596 0.006236332223462438
389.967544 0.11450154252040258 0.006097044121290097
395.02 0.11096820351591889 0.006024079068009266
400.021282 0.10865439814847788 0.005966949439302432
404.992877 0.1062187007161765 0.005851838856134564
409.975822 0.10786392605954985 0.00592976154956071
414.98265 0.10523380515482009 0.005616833927532304
420.028016 0.10718404570430815 0.005784466499056545
425.029705 0.09853155135685174 0.005428693649084148
429.980576 0.09235537404481527 0.005283471496573906
434.983402 0.08705579101962387 0.00512264766043572
439.985974 0.08270950425020636 0.004970285672433502
445.028415 0.07975557008670305 0.004844855371780658
450.017596 0.07779935258323496 0.004784450314436814
454.978689 0.0770618496955782 0.004749148305735483
459.988806 0.0761785661074984 0.004723038169061282
464.995925 0.07502194716559231 0.004678377149153494
469.994001 0.07386362876041182 0.00462070099943738
475.027363 0.07295888750577785 0.004556489995943674
480.000968 0.07202892836902174 0.004481258762496469
485.003487 0.07096365056542642 0.004415949184470261
489.98012 0.06988104365505635 0.00437457818597978
494.990112 0.0687734601164076 0.004341415744256558
499.992786 0.0677547767883622 0.0043056757432554235
505.020989 0.0668950887169491 0.004253455047125549
510.025434 0.0664321213221686 0.0041977752995856765
514.998083 0.06612471067590037 0.004141194305440155
519.984404 0.06577053172499184 0.0040783656579520345
524.986706 0.06566520906186248 0.004015581718823083
530.00953 0.0659333241798214 0.003966191608454429
535.001435 0.06679484546973251 0.003921190344517562
539.988357 0.06659455296725945 0.0038693224730807106
545.020247 0.06475297123122921 0.003829175337593697
550.013437 0.06314092954509846 0.003743286133264578
554.991186 0.06897029311901744 0.004328533751693892
559.987342 0.0678146964075371 0.004314202735892991
564.989293 0.06280599250998724 0.004096726582148575
569.977843 0.059802407586753155 0.00398509955811741
575.029339 0.05761114112999919 0.00391074708231221
580.011993 0.05564096203603327 0.003826548303178375
585.019546 0.05415745658578302 0.0037375917368297
589.970922 0.05302535297655002 0.003668825639873693
594.997879 0.051841380856110536 0.0036194880002307014
599.97142 0.05059982591019226 0.0035819025823486785
605.022448 0.049544308253494346 0.0035448528762684235
609.995541 0.04844736526353538 0.0034989047628295315
615.04219 0.047502290114961356 0.0034491788044022907
619.985634 0.04663795641851571 0.0034014978298314287
624.992006 0.045781531823494176 0.003359167926961611
629.968861 0.044499930028139525 0.0033208290163774007
634.98609 0.04363166920046266 0.003284437809506479
640.000571 0.04250915666117344 0.003250533648373835
645.02072 0.04152569362244191 0.0032127306766179336
650.017998 0.04081678896184967 0.0031720157799452397
655.005925 0.040242181463853936 0.0031444794985777693
659.988907 0.0395563219747715 0.003109855141260035
664.970416 0.03873838371619817 0.0030705744158558146
670.005551 0.03803961861797459 0.003038203543706803
674.997762 0.0373850690616746 0.0030031315234402343
680.031264 0.03673576993963771 0.0029606300105416766
684.997296 0.036044874612591864 0.0029121350744540655
690.021254 0.03536455684787701 0.0028643403473181572
694.974208 0.03474708831323726 0.0028223669864014087
699.977321 0.03422838146002924 0.002790838164734282
704.993001 0.033840245380210285 0.0027704969417175736
710.005075 0.03342947977082376 0.002742613620407331
715.028739 0.032935264249600596 0.0027052347028462317
720.00863 0.03250102596460609 0.002668559066611
724.986957 0.03232350155617273 0.002642792539508322
729.980715 0.031830649905492545 0.002613001690443086
734.986426 0.031466017050807156 0.0025838550230837844
740.003921 0.031241558774694617 0.002562682490935706
745.024555 0.030865144982783848 0.002530183759460655
749.990686 0.030487279751435073 0.0024939502226242432
755.009539 0.030152574374182152 0.0024621000577334687
760.008029 0.02975416514759184 0.0024360737499517816
765.002418 0.029370894853969168 0.0024096486983105447
769.986672 0.029077145230428595 0.0023843515000780955
774.990287 0.02881725144618901 0.0023586688945824606
779.998729 0.028524267924734757 0.0023336745695204182
784.996621 0.028192755375945462 0.0023094191584253822
790.000432 0.027832060101014203 0.002284653938745845
795.009724 0.027498754782210255 0.0022585144629329998
799.999181 0.02721637669513695 0.002233426204825422
805.006099 0.02693859570776995 0.0022066341839022193
810.001859 0.026687794993929405 0.002180283815863668
814.994719 0.026470732080725614 0.0021557982452962855
819.98829 0.026278745262044476 0.002133059514275405
825.00481 0.026091854839501077 0.002111166221873365
830.003901 0.025911535664462148 0.002091514934087613
834.982544 0.025742358354722696 0.002072871489873366
839.994442 0.02558754741504015 0.002054207117526184
845.006311 0.0254345798254261 0.002034821614584984
850.013941 0.02526880117303455 0.002014316963970718
855.008165 0.025127056944940922 0.0019960385597483773
860.003534 0.024977627722403986 0.0019785861597364906
864.996205 0.024822463766585378 0.0019616431082634888
870.008658 0.024679557588527287 0.0019457931387590192
874.997912 0.024508334132510398 0.0019283853947529735
879.98789 0.024340775180131287 0.001910619474628292
885.002662 0.024172800807154737 0.0018927507638098703
890.011979 0.024017884540259403 0.0018764198585147136
894.992614 0.02385699871872498 0.0018597513576473
899.991046 0.023706151277870405 0.001843921876220307
905.004051 0.02355424093637198 0.001827956429659107
910.013183 0.023409966995163088 0.001812298534597443
914.991971 0.023270178932454658 0.0017968054480544835
919.998055 0.023130049281034574 0.0017810847815203689
924.998921 0.022998908067939153 0.0017660298237087539
930.005728 0.022871795280111455 0.0017511229150653843
934.998246 0.02276121281554249 0.0017369630506041565
939.990431 0.022657794833673 0.0017224120129056537
944.998387 0.022566232564426594 0.001707996554315226
950.012376 0.022567168969541553 0.0016992800327739954
954.988455 0.022439467150188703 0.0016820269720857117
959.995084 0.022353301911855326 0.0016674466738008573
964.999327 0.02229062209512633 0.0016550945561012748
970.005041 0.022249231773671413 0.0016446261569505263
975.011049 0.0221706525147752 0.0016315306595060344
980.009732 0.022085502739047046 0.001618393672211092
984.992311 0.022000959370835866 0.0016057134307805323
989.99327 0.02192432317186776 0.001593690524659177
994.992366 0.021857222315698123 0.001581661334646921
1000.01471 0.021787521998603284 0.001569411852973907
1005.00624 0.02170876718612134 0.0015576280536663439
1009.99525 0.021640029531054657 0.001546088553490344
1015.0022 0.021585758850833775 0.0015340810804845713
1019.99367 0.021537858206493492 0.0015224423104958583
1024.99859 0.021487161797352775 0.001510617004658783
1030.00236 0.021443151239054027 0.001499394426026431
1035.00609 0.021398784921416204 0.0014880393920358853
1040.00038 0.021371239367569045 0.001477190855065546
1045.01995 0.021358278588135934 0.0014661601255579332
1049.97621 0.021353200688575782 0.0014550782090939475
1055.0014 0.021296021228514615 0.0014428814403669367
1059.98211 0.021240800534648142 0.0014305237543006672
1065.00657 0.02120537468056793 0.001418309714240087
1070.02799 0.021171128903967835 0.0014054744437703751
1074.96513 0.021154176075551406 0.0013925831905476922
1080.03722 0.021154140237424568 0.0013793828877949614
1085.00131 0.02116741342066712 0.0013660524627107655
1089.99152 0.02122129715659229 0.0013546260028962005
1094.97856 0.021244634652508004 0.0013417396279080081
1100.01596 0.021256333762999954 0.001328268389525851
1104.98776 0.021276229391164147 0.0013143524481544879
1110.03907 0.021314223640828113 0.0013018148910612104
1114.98287 0.021367349614048715 0.001289952215469558
1119.99241 0.02142550448252382 0.0012772457902910218
1125.03361 0.02149209111210298 0.0012644614388198578
1129.95913 0.021571556602625632 0.0012522250599024303
1135.00627 0.021666824666193855 0.0012402599287457997
1139.99908 0.021783831987736837 0.0012286123568875098
1144.9805 0.0219161196985181 0.001216862794105589
1150.01636 0.02208174693896087 0.0012055957128159708
1154.98021 0.022225475394578517 0.001186005697412754
1159.99852 0.022601831647542234 0.0011695137083805357
1165.01802 0.0231997774617273 0.0011571258993321233
1169.98994 0.02390596191351779 0.0011448858388007
1174.99824 0.024727646689372728 0.001132178659011585
1180.02094 0.025694554939573264 0.0011210309568222825
1184.99397 0.026812822319785833 0.0011091845756329801
1190.00462 0.028101850103756484 0.0010975507543723821
1195.02845 0.021453270544825178 0.0012243430310022406
1199.96678 0.02129722282519795 0.0012165462309608123
1205.03216 0.02114589249276018 0.0012082935797813495
1209.98768 0.02097143786688691 0.0011987474219335948
1215.00269 0.020806706747125796 0.0011897818109994946
1219.99651 0.020770822536279508 0.0011880952992344236
1224.99346 0.02046562637980465 0.001171278564629045
1229.9995 0.02050386121435515 0.0011737862021015978
1235.01274 0.020385835873763244 0.0011676023082985616
1239.99224 0.02026064481103869 0.0011610703568732767
1244.99714 0.020221261105357113 0.001159424913220619
1249.99816 0.020163062461299446 0.0011567725912361559
1254.99114 0.020151892791075588 0.0011568175329658933
1259.99897 0.02005675188916889 0.0011522312154121366
1264.99107 0.02008077812931936 0.0011544157429968064
1270.00242 0.020024589510617457 0.0011522664987461506
1274.99172 0.020068845527641762 0.0011557566001400895
1280.00478 0.020104310922623783 0.0011587500610631648
1284.9893 0.02010011656865087 0.0011595975100856788
1290.00751 0.020142674152450593 0.0011631778950416441
1294.98151 0.02019878032859666 0.0011676136892571276
1299.98704 0.020241036103211606 0.00117138029726389
1305.0066 0.020239791655746332 0.0011728056196295533
1309.99528 0.020454625673805127 0.0011865090438490534
1314.98447 0.020547610777429767 0.001193466706367781
1320.00237 0.020475143145191884 0.0011913043393256297
1324.95844 0.02069973558251456 0.0012059872373396802
1330.04007 0.020930765098995077 0.0012211772670569449
1335.00003 0.021084173505228322 0.00123220873922158
1340.0012 0.02142389760613346 0.0012539190829228108
1344.99405 0.02151579447346433 0.0012619202299702038
1349.99532 0.0217745502139508 0.0012795628184102627
1354.98893 0.02233760367982114 0.001314536488764187
1360.00142 0.022424926502745166 0.0013231375253150688
1364.96626 0.02291932585769561 0.0013549419751619396
1369.99398 0.023416816127633775 0.001387285420338032
1375.01639 0.023886158363410903 0.0014184876697776031
1380.00534 0.02454551047482061 0.0014609112915870352
1384.99529 0.02544663958591304 0.0015173740196559415
1389.96792 0.025557344114798368 0.0015301004155214145
1395.00727 0.02650057954224373 0.0015903484635378805
1400.01026 0.027726830913291475 0.0016671959227053815
1404.99427 0.028177695196271054 0.00170125982385393
1409.98726 0.02962319696821978 0.001792243864246831
1415.00151 0.030632599231305777 0.0018597392491484623
1420.00036 0.032516963859616374 0.001977695103035065
1425.01532 0.03352467105483676 0.002047873300263415
1429.98796 0.03477229322586685 0.002132557634467152
1434.99543 0.03735886750646581 0.0022951446322630625
1439.97228 0.03899182012914717 0.0024055040413437597
1445.03679 0.04148324807157487 0.0025669400895327915
1449.99025 0.043459415283462005 0.002700776255699711
1454.99123 0.047487970456252006 0.0029538046589453492
1459.993 0.050492536870638885 0.003152145851445128
1464.98841 0.05611819298180882 0.0035014675737248735
1470.01127 0.05885922539355211 0.0036937768444703237
1474.98584 0.06526709302038626 0.004093574173233675
1479.98724 0.07273655726273479 0.0045617249832916994
1485.01568 0.0781873702618498 0.004919844430541337
1490.02204 0.08620813567704337 0.005431143574233919
1494.99134 0.0 0.0