photon_energy_eV    total_yield    yield_error
4.09999685 -0.00014047745600938267 0.0006370717878892542
4.19998643 -1.2662823810648777e-05 0.0006467757742322489
4.30000454 -1.3555799040155695e-05 0.0005308192249718794
4.3999946 -4.867758018195594e-05 0.0003644465560075152
4.49999833 -1.7839008532074488e-05 0.000271456954568229
4.6000047 -9.717251919234652e-05 0.0005305732841438026
4.70000225 5.159932404079871e-05 0.001766150295879765
4.79999876 -6.439262048041595e-05 0.00036711136386800153
4.89999723 3.491179633981828e-06 0.0002109736824814138
5.00000235 7.440057994658617e-08 0.00015019207575738913
5.099997 1.4769754007033267e-06 0.00010669021345021155
5.20000199 -1.13455732669812e-06 9.545567110384026e-05
5.29998529 6.365267301153896e-06 9.759945241977598e-05
5.40001173 9.958042966989411e-05 0.00013921813246022693
5.49999306 5.715479047587381e-05 0.00012335310118408792
5.60000024 1.722505657137837e-05 0.0001107034743400898
5.70001107 2.351280942152519e-05 0.00012259761242200903
5.80000087 -1.8859339445165576e-05 0.00010249453241616561
5.89998949 5.974072911628602e-05 0.0001465694643694338
6.0000041 2.540757341103691e-05 0.00013532348963060255
6.1000029 4.7310726873231655e-05 0.0001611698860753807
6.20001301 4.1284444600905564e-05 0.00016827230803308506
6.29999544 4.2975861380669064e-05 0.00017309452944437993
6.39998714 1.4082800360179294e-05 0.00015140053508297282
6.49999185 1.9869545527470716e-05 0.00015521739839340168
6.60001635 3.466986811264051e-05 0.00015311700582883183
6.69999304 1.9381887327050787e-05 0.0001304798377015263
6.79999091 3.962026476470458e-05 0.00012461681966965165
6.89999098 8.194354419747693e-05 0.00011524189504522364
7.00001199 2.4393618224196447e-05 9.354903406548357e-05
7.10000431 -2.7979625311173437e-05 7.923374821405947e-05
7.19999617 4.749735794473916e-05 8.493992383150791e-05
7.3000045 -4.043754862616188e-06 7.256719883213144e-05
7.40000122 -8.82889988942636e-06 7.403050574267232e-05
7.50000292 2.205683225692899e-05 5.648795235811518e-05
7.59998245 1.0449313575455582e-05 5.100583421454712e-05
7.69999804 2.610166040107992e-05 5.1013921529391276e-05
7.80001061 1.8738485522601428e-05 4.8043691299112485e-05
7.89999762 4.5987717084054535e-05 5.063385387975247e-05
7.99999711 3.3650663354063734e-05 4.818524048596051e-05
8.1000026 -1.626309034025658e-05 3.967786599535743e-05
8.19997889 2.7908374678980602e-05 4.4237732069793325e-05
8.30002147 3.2604191422516386e-06 4.028550600106314e-05
8.39998615 -1.2463835401339562e-05 3.5905338256818696e-05
8.50001415 3.538441449354185e-05 4.077312781707375e-05
8.60000488 2.1700273656528087e-05 3.75941121114234e-05
8.7000005 1.1303390316620004e-05 3.479124948945572e-05
8.79998164 2.782979181180075e-05 3.544820825287691e-05
8.90001507 1.2754768287690617e-05 3.262498829819848e-05
8.99997881 1.5314302388086206e-05 3.1568943210383834e-05
9.10000717 3.392321694467388e-05 3.2907028334059974e-05
9.20000805 1.8692069375491795e-05 2.9637346353182528e-05
9.30000446 8.921100974143309e-06 2.726849382145911e-05
9.39998865 -4.492559734589466e-06 2.4148891778356435e-05
9.50000698 7.79012444908241e-06 2.481643002030466e-05
9.60000733 3.616849458561844e-05 2.7260623392329274e-05
9.70000524 4.659242141278471e-05 2.7910700940609322e-05
9.79998116 4.303635807527658e-05 2.6934690471143e-05
9.9000048 5.481658548902609e-05 2.8072012987865444e-05
9.99998267 5.114224676936996e-05 2.7468898929785493e-05
10.0999495 4.789036118364371e-05 2.767031974663765e-05
10.2000051 4.625061359347245e-05 2.8327312766713714e-05
10.3000253 4.923399222811898e-05 2.9705391846853424e-05
10.4000111 9.637824839728263e-05 3.609016877994508e-05
10.4999658 8.530609882852861e-05 3.410529320611646e-05
10.600033 9.364174045361211e-05 3.424689932041643e-05
10.7000143 9.844369228128299e-05 3.4123828802490924e-05
10.799993 0.00011033685452971169 3.511071500304834e-05
10.9000031 0.00010480972205310682 3.442556633080998e-05
10.9999743 0.0001239411528074507 3.728717496059979e-05
11.0999938 0.0001500196759970408 4.10290815841259e-05
11.2000446 0.00011301437228338787 3.710299788487375e-05
11.2999535 0.00016475072789590416 4.466358821398526e-05
11.4000148 0.00015339803309209017 4.453274813678526e-05
11.5000157 0.00021632939587078802 5.454276495286046e-05
11.6000161 0.00023693446859073585 6.137237174189094e-05
11.6999921 0.0002655277138281186 8.144536913251999e-05
11.8000109 0.0005359477948432097 0.002536047807737167
11.8999722 0.0007455286313645373 0.00014720119357935224
12.0000177 0.0007091719198003726 0.0003165042822209063
12.0999648 0.0006845947654893215 0.00039017995444608547
12.2000217 0.0008451725613135361 0.000673418320270582
12.3000162 0.00020578721778112904 0.001098610608550441
12.4000173 0.0003942347624051866 0.002573972342821462
12.4999978 0.0005566873656518626 0.0030667007814249745
12.5999948 0.0005868961864117273 0.0017630657579827298
12.6999834 0.0006893517205351294 0.0013221320976467515
12.8000587 0.0005015955696723491 0.0010270553159535331
12.8999693 0.0005859827451229578 0.0011060976881080025
13.0000293 0.0004792066492924155 0.0017927297972831022
13.0999849 0.00035524981501158494 0.002669484388810993
13.1999943 0.00045821743731830794 0.0021726788648315223
13.3000247 0.0003074837840723129 0.0005761107111910329
13.3999832 0.00044261634883548573 0.00045857649011710796
13.5000109 0.0005241425663974423 0.0003960661202443855
13.6000318 0.0005186799866599495 0.000369313796189786
13.6999659 0.00047559642226100123 0.00034038202746375335
13.8000256 0.0004480417121594643 0.0003194988928657557
13.8999629 0.0004433976562385304 0.00036689573002628275
14.0000289 0.0005511253175285764 0.000388755099123361
14.100035 0.0006494606084122035 0.00040204258979755365
14.1999642 0.0005058817020263593 0.00033195863384097204
14.3000165 0.00048746255643331867 0.000298441819221828
14.3998958 0.0005911623766957063 0.00027320352083806275
14.5001321 0.0005476197586054884 0.00023748887323957532
14.5999446 0.0004928034451005738 0.00020888185059983125
14.7000106 0.000504223980064778 0.00019284109170328133
14.8000795 0.0005118601270541252 0.00018141779707891027
14.8999779 0.0005653927729449531 0.0001899943424635266
14.9999471 0.0004939764839157368 0.00017778939586163088
15.100037 0.0005403023968868774 0.0001791656787147148
15.2000367 0.00047373982350163417 0.00017116218897261128
15.2999541 0.0005347959227299108 0.00018533813358116504
15.4000117 0.00047058662997993063 0.00016772103357205395
15.5000318 0.0004955736558883006 0.00016792054124046806
15.5999477 0.0005596259793523747 0.000174316053932182
15.7000321 0.0005668932522144997 0.00016446663049037255
15.8000626 0.0006363138896430145 0.00017259895729272688
15.8999711 0.0005177569632475297 0.0001530748638991491
16.0000006 0.0006000358295867041 0.00016477219691733418
16.1000256 0.0005059398904613765 0.0001585213873985562
16.200001 0.000553534562256662 0.00017413781203262104
16.3000316 0.0006218880008712559 0.0005128547022499886
16.3999645 0.0006215958880913814 0.00046157623091171884
16.5000178 0.0006354218911075193 0.00040470470907911165
16.5999935 0.0006384081232285491 0.0003832218127920834
16.7000029 0.0004856670794776851 0.0003162991648954454
16.8000024 0.00058824763650997 0.0003215511459216548
16.9000396 0.0006153543740808967 0.00029496187029129714
16.9999528 0.000608695012532824 0.00027612060149430134
17.0999075 0.0005552478827924272 0.0002413190706229763
17.2000775 0.0006411656599427474 0.00024107785262740333
17.2999851 0.0006091150009627003 0.0002213672427713268
17.4000209 0.0006206565290135588 0.00020778230437587492
17.5000441 0.0005236140693087447 0.00017985646571905305
17.5999583 0.0005658957497195673 0.00017183906077549566
17.7000471 0.0005693539985982599 0.00016391736046613036
17.8000639 0.0005844034030406953 0.00015541401631144117
17.8999868 0.0005319593070695289 0.00013931887936271064
18.0000054 0.0005578402706362923 0.00013465279032997917
18.1000771 0.0005863210942894618 0.00013096455431074839
18.1999414 0.0005708971285019481 0.00012191178568391184
18.3000107 0.0005625934768943371 0.00011510212632167877
18.3999968 0.0005132057483823421 0.00010369377227267621
18.4999909 0.0005555968708145042 0.00010424892619856945
18.6000882 0.00051824750796996 9.584270255975387e-05
18.6999601 0.0005212917873879309 9.273983934925982e-05
18.8000438 0.0005160343744114358 8.907538493777707e-05
18.8999495 0.0005197511350069801 8.690010537569824e-05
19.0000672 0.0005162645414839395 8.415064751507849e-05
19.0999693 0.0005230078274391109 8.283487366170167e-05
19.2000539 0.0004938662606963555 7.7435635553165e-05
19.299945 0.0005025279871682007 7.666795738515693e-05
19.4000506 0.0004996980933698736 7.468522159590209e-05
19.4999571 0.0004891030736839427 7.193665274860655e-05
19.5998934 0.00047693149609652225 6.916179248501553e-05
19.7001299 0.0004644348337689623 6.64925810229951e-05
19.7998592 0.0004691773383490248 6.597993924496293e-05
19.9001179 0.0004714362037652573 6.528216329652443e-05
19.9999916 0.00045516623140745587 6.257251640708777e-05
20.0998494 0.00045503821922899884 6.182959266331132e-05
20.2002093 0.0004658355599104398 6.243093033402932e-05
20.2999263 0.0004571065079051279 6.086966398541783e-05
20.4000545 0.00044383091064537615 5.8860763163191254e-05
20.4999391 0.0004415716526007266 5.816335098681414e-05
20.5999745 0.0004464335289459865 5.8326875643143264e-05
20.7001505 0.00044110903975379625 5.7360265277278734e-05
20.7999622 0.0004395378448736633 5.6856299440425966e-05
20.9000986 0.0004384955161277862 5.643741740186349e-05
20.9999785 0.0004256423042999146 5.470637859468505e-05
21.1000537 0.0004326524785340727 5.526085379913271e-05
21.1999487 0.00041918890168726926 5.350173894837966e-05
21.2999785 0.0004286826017573194 5.438336102190576e-05
21.3999463 0.00042264276672513096 5.35110903221264e-05
21.4999504 0.00041383650946958897 5.233860613045598e-05
21.6000929 0.00041627421381911547 5.24580459211027e-05
21.6999028 0.00041508701785069024 5.217589874528518e-05
21.8000569 0.00040782399408382445 5.121777421930081e-05
21.9000816 0.0004070865506469921 5.101153310403665e-05
21.9999606 0.0004103769464814019 5.1274319444208747e-05
22.1000763 0.000409181193321636 5.103698940068438e-05
22.1999394 0.0003997179810171242 4.9876853074208355e-05
22.3000996 0.00040330065496624974 5.0206400775464085e-05
22.3999786 0.0004011591774378239 4.9902631817249856e-05
22.5000117 0.00039607826129416936 4.927973005935348e-05
22.6000241 0.0003918827759499563 4.877223411756883e-05
22.699919 0.0003916585710029969 4.8735526718897285e-05
22.8001061 0.00039262159944987814 4.885267227315175e-05
22.8999389 0.00038784199333548894 4.834443603169034e-05
22.9999581 0.00038550916083406744 4.8152869105782475e-05
23.0997211 0.00028750436516154776 3.320596033215851e-05
23.1998696 0.00028866191146975607 3.333996448304384e-05
23.300003 0.00028856020868740475 3.33333003597152e-05
23.4000649 0.00028935447654913633 3.34287971704407e-05
23.4999971 0.00029030790429947077 3.354402021878199e-05
23.6000583 0.000292411183627308 3.3789484056940735e-05
23.7000115 0.0002929579954274811 3.386245849103075e-05
23.7999817 0.00029352619815633336 3.393911432286241e-05
23.9000053 0.00029410944027037785 3.4019339808033593e-05
23.9996966 0.0002951833915828164 3.41564120073305e-05
24.100223 0.0002960539709700756 3.4272594143819735e-05
24.1997766 0.0002977049602533505 3.447784287184012e-05
24.3000113 0.0002986153828668767 3.460189962527891e-05
24.4001067 0.00030024490408038545 3.4807173900741355e-05
24.5001964 0.000302262045269755 3.505832418417581e-05
24.5999732 0.0003036782975310373 3.5242809385611673e-05
24.6999677 0.00030471126839031186 3.538381178469184e-05
24.8001252 0.0003067161052967609 3.5634771191209353e-05
24.899629 0.00030861799759485835 3.587491222698116e-05
25.0003941 0.00031048609230362265 3.6108877932951266e-05
25.0999702 0.0003130381662757667 3.6421377251951604e-05
25.2000313 0.0003140997052789935 3.656542097009087e-05
25.299952 0.00031773038247972184 3.699754881428082e-05
25.3999829 0.0003191747842092959 3.7182256632032415e-05
25.4999577 0.00032208161589405445 3.75317677967147e-05
25.6001336 0.0003226254083598649 3.761428320689338e-05
25.6999123 0.00032523895830066695 3.7929249668926764e-05
25.8000367 0.0003280981666237047 3.827084745669327e-05
25.8997931 0.0003295743627732241 3.845613724150219e-05
26.0000478 0.00032850012387532126 3.835337296709972e-05
26.1000797 0.00033321241038545207 3.890165581112839e-05
26.200099 0.0003357352046265327 3.9203030064515246e-05
26.3000965 0.00033745912791284614 3.941455106935817e-05
26.4000059 0.00033884294732376957 3.958739118968443e-05
26.4999314 0.0003386102000160629 3.9577574410850764e-05
26.600038 0.00034269554185931177 4.0054072587676145e-05
26.7000882 0.0003413727404990264 3.992156664329429e-05
26.800307 0.00034191966528708144 3.999898917835467e-05
26.8996845 0.0003420336642384346 4.002846391093696e-05
27.0002187 0.0003417505115377632 4.0012804119586356e-05
27.0999468 0.0003407805752264481 3.9920536454548824e-05
27.1998703 0.000338148792417771 3.964104523513677e-05
27.2999853 0.000342756493308716 4.0176425235898085e-05
27.4001038 0.0003392457247890273 3.979804041713622e-05
27.5000942 0.00033882692617084816 3.9767580467863995e-05
27.5998834 0.0003389058038446624 3.979222320952682e-05
27.7002113 0.0003388480849322713 3.980135905424447e-05
27.7998819 0.00033907439222999206 3.984023284558243e-05
27.9002087 0.00033639315146672446 3.954938718487657e-05
28.0000451 0.0003371544249296225 3.9640761799030996e-05
28.1000824 0.00033751110508829226 3.968947085301086e-05
28.2000573 0.00033425125130852795 3.9329636604181095e-05
28.3000916 0.0003375146185688702 3.9701093930784705e-05
28.3998496 0.00033976289399462 3.995665535291058e-05
28.5000478 0.00033758327749154853 3.970893236473144e-05
28.6000867 0.00034020643641972324 3.999736362204169e-05
28.6999553 0.00034307380286823365 4.03082976525828e-05
28.7999817 0.0003433568600300941 4.0324963902688605e-05
28.9002299 0.0003440474146689508 4.038199775353402e-05
29.0000103 0.0003447500749254666 4.043671357057472e-05
29.0999976 0.0003474518656513631 4.0713708203383295e-05
29.2000498 0.0003498687688867638 4.095629920001401e-05
29.3001609 0.00035066882671125343 4.101413475728982e-05
29.3999014 0.0003522880161499306 4.116527848532985e-05
29.4999678 0.000353320328143422 4.1248787570072196e-05
29.6000733 0.0003559095645892891 4.150793286859283e-05
29.7000676 0.0003589390249143605 4.181825956789174e-05
29.7995788 0.0003583484894998469 4.1723356155311e-05
29.9005626 0.0003610848232880681 4.200341302335676e-05
29.999512 0.0003623496658637258 4.2122288061713366e-05
30.1000809 0.0003652746926814142 4.242907389761249e-05
30.200432 0.0003661821786905041 4.2511315652752566e-05
30.299879 0.00036828614503415873 4.273218649009664e-05
30.4000586 0.0003702416395095187 4.29390422219308e-05
30.4999906 0.00037085830835362985 4.299898669969232e-05
30.5999698 0.0003726900639363965 4.3197406235713817e-05
30.7001444 0.0003746559222145843 4.341514256366437e-05
30.8002019 0.0003753491138322023 4.349297788117209e-05
30.9002116 0.00037576908211225246 4.354316348285566e-05
30.9999305 0.00037692023636953293 4.3678938893055334e-05
31.100137 0.000379560235559366 4.398525068935119e-05
31.2000389 0.0003799994873637474 4.4048665571988225e-05
31.2998643 0.00038098505809450135 4.417696656293734e-05
31.4002499 0.00038226668194326166 4.4341545779263385e-05
31.4999842 0.00038319275744956946 4.447004274980278e-05
31.6000277 0.0003834670229363166 4.452893739911683e-05
31.7000517 0.00038531809243780074 4.476974874401797e-05
31.7999673 0.00038750148587322024 4.5051619860260464e-05
31.9002653 0.00038713102054023393 4.5049753862708845e-05
32.0002776 0.00038902772273493474 4.530829821352314e-05
32.0997401 0.00039041509172025907 4.5513776620309385e-05
32.1999923 0.00039297809387108397 4.585540730392685e-05
32.2999349 0.0003915972683510981 4.575820904700962e-05
32.3999852 0.0003938685456629927 4.607638801807887e-05
32.5002256 0.00039520643064302926 4.62934227455309e-05
32.5998725 0.00039621889727266247 4.647843760295195e-05
32.700307 0.00039731680657687597 4.667660384218305e-05
32.7999556 0.00039836915325247346 4.687386366895396e-05
32.8998597 0.00039821034964268343 4.694020595709325e-05
33.0001962 0.0003993288845671198 4.715208346566469e-05
33.1001618 0.0003989486632301102 4.7200440309396245e-05
33.2002845 0.0004005133730432587 4.7469939718253207e-05
33.3001087 0.00040205810829174445 4.774151925278577e-05
33.4003526 0.0004058387512968165 4.8268322399602504e-05
33.4993679 0.0003995329553247942 4.7662746725791226e-05
33.5999866 0.0004017294259990725 4.801783129026325e-05
33.700562 0.0004021278030233205 4.817398443898458e-05
33.7998742 0.0004019477250452373 4.8267183866526724e-05
33.8997734 0.0004051395293557774 4.8743342829073836e-05
34.0004539 0.0004005907049367694 4.8352473605328004e-05
34.1000238 0.00039668316030592755 4.80359673033607e-05
34.1996051 0.0004016551248855714 4.871871982093931e-05
34.3002504 0.0004016836901409056 4.884052226915394e-05
34.4001361 0.000403099349788359 4.9133465442351204e-05
34.5001189 0.0003968729362455489 4.857002699704636e-05
34.6001955 0.0004019236418904476 4.9280515909326764e-05
34.7000672 0.0003909159084521159 4.818563290837274e-05
34.7998244 0.0003941707720100371 4.870140196063345e-05
34.8997588 0.00039405036550271236 4.883848364855783e-05
35.0001687 0.00039458047194141396 4.905520640801754e-05
35.1003526 0.000395222997960008 4.928582665054165e-05
35.199593 0.00039191679071987295 4.9075611323124867e-05
35.3004144 0.00039328191800546097 4.9394573773109186e-05
35.3999717 0.00039224373850609885 4.944650224971385e-05
35.4998862 0.0003898168203797174 4.9348191676913974e-05
35.6001592 0.0003885161645461068 4.937533640293286e-05
35.6990216 0.0003902305248452962 4.974663653019668e-05
35.8006338 0.00039059258944569 4.997045098490511e-05
35.9002984 0.0003814770810810078 4.912170003552215e-05
36.0004136 0.00039072545775901225 5.035250018697503e-05
36.0998108 0.000385884458170377 4.999221122181021e-05
36.2000796 0.0003864118156663954 5.023945729183087e-05
36.3001533 0.00038787534178832375 5.060031216983477e-05
36.4001321 0.0003853152328215701 5.049692327912976e-05
36.5000101 0.00038694929718423825 5.0877911826161276e-05
36.5998904 0.0003717440398262262 4.9354690474932725e-05
36.7005389 0.00038267628399837276 5.07846742109982e-05
36.8000826 0.00038482964861776117 5.1225047593020174e-05
36.9001677 0.00037777280786163557 5.062686097886346e-05
36.9995683 0.0003849088831272736 5.1633851391611277e-05
37.1001805 0.0003816798478479009 5.147439187527945e-05
37.1994192 0.0003828486495692999 5.181522050087045e-05
37.2995312 0.00038208624789851943 5.194239480021737e-05
37.4010979 0.00036812779101836376 5.0576396068825474e-05
37.5003463 0.0003747193108874637 5.153725989103064e-05
37.6000072 0.00037595362676731665 5.19034769484665e-05
37.6995026 0.00037026706203101327 5.14873156590826e-05
37.8002263 0.0003668568191197118 5.1340459625300534e-05
37.900316 0.00036925287129906104 5.185490342565135e-05
37.9999932 0.00037109287648479853 5.230779704533976e-05
38.0998402 0.00037728566185293063 5.326788052726395e-05
38.1991401 0.0003804860855494316 5.388930890141321e-05
38.3001577 0.00037666159988091586 5.372629371394577e-05
38.4009879 0.0003702094558976772 5.3275793898246494e-05
38.499928 0.0003767273429144213 5.4284645238497287e-05
38.6002314 0.0003572391761546388 5.237155197576019e-05
38.6997126 0.0003689149692005372 5.399045549573354e-05
38.7993389 0.0003694990489454176 5.436952771262557e-05
38.9008396 0.00036020598470215374 5.363795228802022e-05
39.0005112 0.00036688156096015875 5.472680164691731e-05
39.0998203 0.00036263923372792216 5.457005756738227e-05
39.2001388 0.00035433824987331696 5.39846152048494e-05
39.3002161 0.0003813643844366003 5.740427036896199e-05
39.3997909 0.00035436378689708727 5.4705422850593386e-05
39.500509 0.00036467867163587653 5.627024321528772e-05
39.5999494 0.00035557053233776164 5.562584867130131e-05
39.7000205 0.00037634037317458126 5.8383174977816816e-05
39.7996927 0.00036748782128897146 5.780162375895915e-05
39.900647 0.0003531582721317408 5.6604124962989604e-05
40.0001537 0.00035453042512307816 5.719519391049888e-05
40.1004207 0.00035570816576592257 5.7776391713515815e-05
40.1990788 0.00036530469229449435 5.9329548896657714e-05
40.300214 0.0003623845952489318 5.948822143399907e-05
40.3998589 0.0003639714469971721 6.0119918284108765e-05
40.5003998 0.0003544381651538454 5.948998655937314e-05
40.6000955 0.0003564337437787673 6.024788748647427e-05
40.6998771 0.0003349223483795194 5.832333511091297e-05
40.8005584 0.0003491969053739868 6.050045641668543e-05
40.8998254 0.00036203983911391483 6.252189815084685e-05
41.0004008 0.00035782294599747165 6.261148566517271e-05
41.0995395 0.0003498926588411267 6.229224091189805e-05
41.2006846 0.00036824965145720233 6.494596545902496e-05
41.2994017 0.000354516489034345 6.398887539630445e-05
41.4004136 0.00034731860116885964 6.37739402614746e-05
41.4999506 0.0003655384067895547 6.64204223754819e-05
41.5999673 0.0003609759710378187 6.654475312703038e-05
41.7001831 0.00036272520152784746 6.738311997395712e-05
41.8000263 0.0003555651099782846 6.715240678834723e-05
41.9006357 0.00032359863191157935 6.41174544299041e-05
41.9994242 0.00033850315687636453 6.649784868909332e-05
42.0000139 0.0010691392394797375 0.000126901443091685
43.0002068 0.0009147762157492142 0.00010884490733500638
43.9999703 0.0008023130492679376 9.563098952725236e-05
44.9998344 0.0007219195818427712 8.609980335644729e-05
46.0001318 0.0006486848005753886 7.740728274137552e-05
47.0000301 0.0005868621936256953 7.00466880923656e-05
48.0000564 0.0005504993354083859 6.567961266085493e-05
48.9997131 0.0005254672021188458 6.278361958033602e-05
50.0002166 0.0005123723606299474 6.146637007462617e-05
51.0001529 0.0005077271237034054 6.122009818703156e-05
52.0000618 0.0004890797751305318 5.899865371030041e-05
53.0000247 0.00045829696272846766 5.498001169582225e-05
53.9995683 0.0004266047056618655 5.088610145957547e-05
55.0001515 0.0004134860020106896 4.9014502175144216e-05
56.0001908 0.0004039459491861392 4.76314160721535e-05
57.0000333 0.00039444423010743526 4.631088726915066e-05
57.9999914 0.00039104588220340014 4.571186590731336e-05
58.9993738 0.0003816857608458294 4.446338441747645e-05
60.0004957 0.00037591788893263505 4.364766277620235e-05
61.0000886 0.0003711340613034474 4.297334546086061e-05
61.999896 0.0003691940524113816 4.264452166095009e-05
63.0000509 0.00036618816430546657 4.221967445123301e-05
63.9999412 0.0003658563602928938 4.211774041479649e-05
64.9997458 0.00036460723830911325 4.193166983289458e-05
66.0000266 0.0003647061102178384 4.191447643368651e-05
67.0001037 0.0003669282883094444 4.214503808610836e-05
68.0000519 0.00036662495086261837 4.208380324831837e-05
69.0000607 0.0003664385214707967 4.2017337729535284e-05
69.9998333 0.000367332619914436 4.206316416294316e-05
72.0000218 0.00037655911297283627 4.416380711983115e-05
72.9997964 0.0003730704804056092 4.338845247980453e-05
74.0000928 0.0003775076543084687 4.371154278879082e-05
74.9997972 0.00038291803682689743 4.435162503772859e-05
76.0003361 0.0003820749853782951 4.4045603995515545e-05
77.000133 0.00038597138313702025 4.436549036430801e-05
78.0001162 0.00038759151926236505 4.4470157821591285e-05
78.9996819 0.0003884190566013463 4.448858420245459e-05
79.9999329 0.00039105033778344894 4.4720674330194425e-05
81.0000267 0.0003944015527104679 4.5044833727901195e-05
81.9997105 0.0003967566135428746 4.526282871408719e-05
82.9996647 0.0003998936931477686 4.556793938243082e-05
83.9995517 0.0004029689359733947 4.586704443419079e-05
85.0006102 0.00040578564845602627 4.614282116599569e-05
86.0003041 0.0004076337543113469 4.6313225759681235e-05
87.0000714 0.00041002575061899063 4.654760053746162e-05
87.9995453 0.00041171238535328753 4.670734393862277e-05
88.9996123 0.0004138234429565471 4.6916665272409484e-05
90.000479 0.00041486487186348774 4.700320373561689e-05
90.9996292 0.0004170014147478016 4.7215172715271096e-05
92.0001929 0.000418642314499979 4.73757760587129e-05
92.9998196 0.0004191271497608929 4.740901447945202e-05
94.0003347 0.0004198171589574696 4.746480333073165e-05
94.9996827 0.0004209583640841683 4.757489884939681e-05
95.9992187 0.00042180270857375385 4.7655811061330954e-05
97.0007438 0.00042245473735691544 4.771682573915241e-05
97.9991567 0.0004220076511431627 4.765546482339536e-05
99.0007578 0.0004226993354216521 4.7724043019435554e-05
99.9995894 0.0004229390633263072 4.774587086298501e-05
100.999681 0.00040644637911302085 4.580730946574064e-05
102.000088 0.000417487553857576 4.7046227234056824e-05
103.000648 0.0004210630603404299 4.7443386616383926e-05
103.999909 0.0004194713343234463 4.72586547412651e-05
105.000315 0.0004160803277436821 4.687090286122626e-05
105.999559 0.00042746405400768354 4.814250263586228e-05
107.000143 0.0004621115546349999 5.202832849951821e-05
107.999814 0.00048577620172506286 5.4681168895013915e-05
108.999375 0.0004948427285993682 5.569581870836108e-05
109.999707 0.0005010746739596816 5.6393080055330136e-05
111.000655 0.00047857340926657456 5.386019041139201e-05
111.999394 0.00046419261832013613 5.224079913526908e-05
113.000972 0.00046320015909248624 5.212627816422343e-05
114.000134 0.0004657503955136695 5.241005199253856e-05
114.999346 0.00047022795355623103 5.291047582193447e-05
116.000901 0.0004743581618187863 5.3372474154870664e-05
116.999532 0.00047493038515410385 5.3435113059306226e-05
117.999883 0.00046961882961627584 5.2837634708872316e-05
119.00069 0.00046243801537081987 5.2030425333770417e-05
119.999656 0.00045732974473137056 5.145634514772994e-05
121.000209 0.0004571975259976221 5.144213359156095e-05
121.999728 0.00046042610245729335 5.180556331686999e-05
123.000376 0.0004628733353740476 5.2080451243826826e-05
124.000301 0.00046773147230138256 5.262691279145939e-05
124.999681 0.000468783740580827 5.274536856432089e-05
126.000282 0.0004752038548493222 5.3467904362975235e-05
126.999247 0.0004807868622167846 5.409664110710339e-05
127.998632 0.0004847452359272827 5.454320062721063e-05
129.001129 0.00048731661110732263 5.483456283491208e-05
130.000784 0.0004891278354921134 5.504124059546362e-05
130.999482 0.0004892597713027246 5.505859739257022e-05
132.000594 0.0004865665805741352 5.476018066505151e-05
133.000044 0.00048438089130312367 5.451880365327798e-05
133.999158 0.0004802246758386765 5.405704626317381e-05
135.000872 0.0004760389833861124 5.3592174884938804e-05
136.000132 0.00046946440256186254 5.285994837886121e-05
136.99916 0.0004638467588169163 5.2234966881837434e-05
138.000544 0.0004579729763928436 5.1582756328617325e-05
139.000347 0.00045190053147295536 5.090887575340183e-05
139.999291 0.000445195122445431 5.016487723335781e-05
141.001683 0.00043897995529045166 4.947852448814798e-05
141.999119 0.0004312570281059919 4.862378303277668e-05
142.999843 0.0004252535844128068 4.7965445328856526e-05
143.99968 0.00041935163514146995 4.732072979312529e-05
145.000296 0.0004130564422990703 4.663584743729491e-05
145.999415 0.00040741622721073456 4.6026880450730155e-05
147.001298 0.00040094069818190874 4.532966949219654e-05
147.999787 0.00039694211500414185 4.491294496853153e-05
148.999668 0.00039110441662815046 4.4294298144206514e-05
150.001168 0.00038792808994849635 4.397944983467981e-05
150.98164 0.00037988086869471076 4.313697708847998e-05
152.015845 0.0003736878627447962 4.247679075428385e-05
153.000752 0.00036966855586568716 4.207144766711697e-05
154.005821 0.0003648273054149348 4.158118841371155e-05
154.99957 0.00035966992588542276 4.105889453256357e-05
155.999252 0.0003586131588622316 4.099769163774525e-05
156.99611 0.0003552046718115881 4.0673419576023314e-05
158.001286 0.0003525752834412953 4.0440112894807203e-05
158.995327 0.00035420894981352103 4.0691045007190256e-05
159.997745 0.0003492684972934409 4.020564717582304e-05
160.996942 0.00034715067880682727 4.0030797362043425e-05
161.998943 0.0003468376626223769 4.0060006624928924e-05
163.003463 0.00034213480321972604 3.960910987609074e-05
164.005834 0.0003384540743669999 3.92957496875091e-05
165.004401 0.00032463321768924993 3.7875459717147575e-05
165.998773 0.0003228987278380868 3.783387057978975e-05
166.997677 0.00032444747491844415 3.816332027471174e-05
167.999924 0.00031875253957054184 3.768216289171857e-05
168.996452 0.000316938450316985 3.763615368208709e-05
169.997113 0.0003128964388512029 3.7334960332654705e-05
170.995529 0.0003031246498676403 3.637167509985343e-05
171.996802 0.0003122328227760014 3.750544428722633e-05
173.006836 0.00030190354447976776 3.6478916212333695e-05
174.007553 0.00030412520876357715 3.6900390705110736e-05
174.999134 0.00031614763652153114 3.8445679089421654e-05
176.002223 0.0003056993239131 3.749838788634023e-05
177.002271 0.0003011490825626434 3.720514654215323e-05
177.99654 0.00029702908217892597 3.692587968687307e-05
178.996497 0.0003040731535134621 3.7883466502126015e-05
180.002489 0.0002769926374420612 3.4993706177559397e-05
180.994024 0.0002891712154485767 3.6493937142754204e-05
181.99645 0.0002795863735176263 3.551920648853062e-05
182.998825 0.0003015371369194553 3.806799118602631e-05
184.004258 0.0002853767503529442 3.6364366403070034e-05
185.005824 0.00026984976524523985 3.474495337796953e-05
186.00718 0.00027124244048988794 3.5036754116332945e-05
186.99841 0.00027919279147457153 3.605552143556959e-05
187.998523 0.00028470978508433355 3.677645533576727e-05
188.997792 0.0002773269272033395 3.60299495601437e-05
189.999626 0.00026560033282731807 3.4784511238033906e-05
190.999485 0.00029403170607950773 3.803870469653765e-05
191.99363 0.0002839871564554204 3.6955819110540545e-05
192.992147 0.00028196945319083254 3.674475653427147e-05
194.01098 0.00027348815070935543 3.582867002540272e-05
195.000623 0.00027870563386970523 3.646813322196383e-05
196.006663 0.0002732377261652851 3.592913205231347e-05
197.000366 0.00029174385120374916 3.809584911262591e-05
197.99972 0.00027295030390520715 3.606908499504569e-05
198.998994 0.0002657125450170701 3.532378222973763e-05
199.998985 0.0002588971620807133 3.461308232096283e-05
200.99603 0.00024613017430989546 3.321854619858796e-05
201.996912 0.00027192110243340535 3.613575303127895e-05
202.991513 0.00026589963578398475 3.544062744284322e-05
204.004207 0.00024149241265049946 3.2678775279406606e-05
205.00184 0.0002782842118992201 3.6813077162563124e-05
206.005651 0.0002350977604737221 3.1973525529714635e-05
207.006497 0.0002410465045109631 3.2662268952052917e-05
207.995201 0.00024573698145668863 3.320963092426256e-05
209.002627 0.00024075044144086994 3.266653340440128e-05
209.993464 0.00024144436867419813 3.2760864595803587e-05
210.999532 0.000251244792109772 3.387965554573015e-05
211.997781 0.0002300871742307046 3.152220840723184e-05
212.992406 0.00022595046231867942 3.1067395909564714e-05
213.996871 0.00023154849693198036 3.169089625474403e-05
215.00771 0.0002273451213192441 3.1242718192284496e-05
216.002375 0.0002348736694835623 3.21455799124177e-05
217.008224 0.00023718667117491782 3.249452068203939e-05
217.999773 0.00023580594915228827 3.244059237863843e-05
219.000616 0.0002108307937772255 2.9735890186974578e-05
219.99821 0.00022629741386667713 3.1556278002516665e-05
220.99871 0.00020399046295218527 2.9116735160715785e-05
221.994828 0.0002297889036988835 3.2062559134889294e-05
222.996967 0.00020993015392916815 2.9855852874528553e-05
223.990588 0.0002274990291004675 3.182050327605342e-05
225.008165 0.00020603195792543802 2.940766691314504e-05
226.005212 0.00023305500258483003 3.245946113140273e-05
227.004729 0.00021961687326846853 3.0975072227789654e-05
227.999116 0.00017065755399361224 2.5499967445049518e-05
229.003874 0.00022075460282421384 3.1135464038119615e-05
229.998851 0.00021022701288642286 2.9940584748358934e-05
230.988845 0.00016583500740245018 2.4911948870962298e-05
232.003377 0.00022520300691431102 3.15179766333668e-05
232.996777 0.000163881173948267 2.4564715491841122e-05
233.990244 0.00019640050104150907 2.8137578378977668e-05
234.999633 0.00017180345895165928 2.529002525575844e-05
236.009701 0.00018522333301027648 2.6723713348297907e-05
237.008714 0.00019976531859826712 2.8288877149002057e-05
237.99889 0.00018368206727647693 2.641685698683804e-05
239.003414 0.0001645410694701115 2.4197587172663805e-05
240.002344 0.00017194313635552066 2.4950791788145194e-05
240.992688 0.0001789589331866281 2.5656720151302554e-05
241.999141 0.00017123064140618012 2.470363393695232e-05
242.999585 0.0001807874912164581 2.5689771420777684e-05
243.996676 0.00017236103883293158 2.4654114594350625e-05
244.988337 0.00016818518288528694 2.4093108841826358e-05
246.007898 0.00015036950364696026 2.2010679553499316e-05
247.007207 0.00016496530285018985 2.3578183121114193e-05
248.004559 0.00017500130426430392 2.4646538174199243e-05
249.004828 0.00014678731197892753 2.1428491850699985e-05
249.997631 0.0001425429904048013 2.0902749202734205e-05
250.995263 0.0001339610306607976 1.997207367516223e-05
251.996438 0.00013264161829188543 1.9858592640184945e-05
253.002788 0.00014791875306480203 2.1612880876606306e-05
253.998015 0.00012673321962757234 1.9274955459469632e-05
254.997937 0.0001174247351770508 1.8274309934228528e-05
255.999997 0.000112650533192144 1.7784730465107812e-05
257.000791 0.00012258247109379333 1.8949137519844807e-05
259.00014 0.0005193199736034567 0.00016873349916626695
259.992897 0.00045347332442359907 0.00016119730312839478
261.001867 0.00048771562683272673 0.00016473534061551442
261.994962 0.0004438374696291667 0.00015937395459032284
263.004348 0.0005505638056159138 0.00017078349034372375
264.001998 0.0004512159564760918 0.00015893943297594503
264.994965 0.0005780722700264695 0.000172684174108495
266.000886 0.000403053791344577 0.00015230361843908766
266.99928 0.00044396689800183756 0.0001561682268108371
268.000819 0.0004324255893205135 0.00015440508557062826
269.001603 0.0005428828835610315 0.0001660512121461707
270.001681 0.0004893298996174511 0.0001593947375335187
270.999001 0.000487225059988739 0.00015897783583775367
272.000767 0.0003913013981634425 0.00014818173904799896
272.999389 0.0005644368699776641 0.00016824372162990912
273.999392 0.0003994384284545219 0.0001501959362249913
275.004907 0.0004424974533463935 0.00015631173656594795
275.995778 0.0005021663844803238 0.00016454048286086557
276.99813 0.0006692903181923917 0.000185643986469185
278.002215 0.00050648474168051 0.00016985903034231963
278.998046 0.0004738824819769316 0.00016957067555653063
280.000899 0.0005911578184038464 0.0001871272916660127
281.000109 0.0005957132815840022 0.00019234348470470122
282.003322 0.0005442267017724253 0.00019282198063328405
282.99956 0.0004934518537583675 0.0001947538054130034
283.998369 0.0006129752426996288 0.00022001557730824456
284.999333 0.0006383940987289549 0.00023893268572768787
285.99341 0.0007401802524984145 0.00027666297224974724
286.99845 0.0007695301203103287 0.00033593176673038527
287.999046 0.0012093396284846025 0.0005738286109090561
288.99466 0.004034086560176367 0.0019075097299023484
290.003901 0.009106894317859729 0.005937182619683423
291.00629 0.009250649639272362 0.00481752177573136
291.997892 0.007511332740537208 0.0050107281788675856
292.998103 0.01195048021944628 0.007124589512001011
293.996158 0.01615718123644787 0.009327182959347867
295.000198 0.01762757554324505 0.00960519511283851
295.994152 0.013355358881428352 0.007463122239022317
296.998021 0.008656645542335098 0.005501352050638705
298.00529 0.011461463552630372 0.004995551118880166
299.00321 0.009996924687089547 0.0041994045235790945
299.99449 0.009720553712282955 0.0037384545381500124
301.003 0.008299942675668595 0.003244843463417587
301.987584 0.0072194014005260475 0.0029016140718739996
303.000075 0.00813420732467866 0.0028178982774679263
304.003508 0.006875621674143353 0.0024892276891234064
305.007719 0.00717807064583611 0.0023858839965285226
305.999754 0.006560961728864639 0.002164410674056045
306.999746 0.006328752996567614 0.0020089814772911783
307.995804 0.005663239698602405 0.001802736534022671
308.998044 0.005799059080434841 0.0017047268026733808
310.002823 0.0049976192462324685 0.0015037984439026221
311.009527 0.004778590139200217 0.0013805910569596998
311.992545 0.0041548354069970254 0.001215283971748779
313.000419 0.004525993192060697 0.0011809698231401208
313.998539 0.0035045175200519056 0.0009916227490574842
315.001842 0.0038134428902647324 0.0009744337422152193
316.005608 0.0032475128506465893 0.0008688298834692656
316.995957 0.0030044001521684124 0.0008116636515726551
318.003034 0.003236770285539807 0.0008185492516954963
318.990557 0.0028325064147115167 0.0007584513069703704
320.023866 0.0013135725646465308 0.0001679918445777045
324.996245 0.0011794593188689867 0.00015288928281555303
329.991361 0.0011075832505586492 0.00014578059334093826
334.984162 0.0011056904081609693 0.00014512494691585348
339.995224 0.0010567544689527126 0.0001382486367591117
345.011016 0.0010411852734622078 0.00013563931405768362
350.015301 0.0010338425745472742 0.00013516119304750787
355.00514 0.0010523644839134842 0.00013707204746109307
359.994367 0.0012319892173194684 0.000156546136520626
364.968778 0.0010129376640286313 0.0001311290817365089
370.002252 0.001016716026206974 0.00013120852234191607
375.047261 0.001042255136985183 0.0001337741535010603
379.98362 0.0010473426662900103 0.00013374214792748784
384.974105 0.0010517626250164897 0.00013340273405968437
389.979437 0.0010355080266696178 0.0001307730742319959
395.028434 0.0010168473209856926 0.00012811623874453348
400.035834 0.0010001715339006934 0.00012594111896976478
404.987236 0.0009748002686898633 0.00012345178448588116
409.973313 0.0010055159442204959 0.00012680252146274787
414.976155 0.0010142526289538402 0.00012787053197859134
420.027721 0.001016720461203401 0.00012706427239582435
425.031896 0.0010172778563255806 0.00012581668866579366
429.962346 0.0009715949242158787 0.00011971995661536769
434.97887 0.0009483416224977388 0.00011635884758903101
439.999026 0.0009322217972045976 0.0001139787752956982
445.050818 0.0009209059836663525 0.00011234991326131201
449.985033 0.0009059873145624604 0.00011034085520974775
454.995508 0.0009001628651742101 0.00010956093749283427
459.987458 0.000898607713084183 0.00010922240254838477
464.972768 0.0008930962545291108 0.00010843575494832964
470.032542 0.0008874767270664845 0.0001076731146142973
475.015998 0.0008842953461185266 0.00010723071036245326
480.004546 0.0008684345119020693 0.00010535192817129562
484.999868 0.0008639164011217262 0.00010470007500983627
489.98298 0.0008701183028625568 0.00010524945385669674
494.98127 0.0008724832303655743 0.00010539528806180824
499.988632 0.000865000715205744 0.00010445519911169777
505.00692 0.0008685487647256488 0.00010480331098925539
510.023526 0.0008611044865103516 0.00010400537749877289
515.00579 0.0008645337722060178 0.00010452296617257727
520.006692 0.0008573944026204256 0.0001039434976263954
524.964207 0.0008602305667879716 0.00010460241171098385
529.994741 0.0008635830647664929 0.00010531780077853561
534.987922 0.0008562017664773152 0.00010405881534267623
540.015601 0.0008495483272329368 0.00010290261911229214
545.018704 0.0011825103014337578 0.0001400931574837325
550.010397 0.0014530511494138898 0.0001708818941399274
555.003054 0.0014165571717997796 0.00016635134142266184
559.990982 0.0012557083205733137 0.00014758969748000553
564.974651 0.0011698516852594926 0.00013746136547648698
569.985756 0.0011581478928717572 0.00013577180189343398
575.011841 0.0011420899035070762 0.0001336698116323739
580.038686 0.0011069147300127764 0.00012956477244514068
584.988955 0.0010676735843863734 0.0001250292338814128
590.010317 0.0010956876572357156 0.0001279998327019283
594.950608 0.0010424043497402934 0.00012182271038267502
600.021134 0.0010424057610705308 0.00012164431370789839
604.968697 0.001000270346846856 0.00011672403425609036
610.031344 0.0009861135709813825 0.00011498964349385706
615.016654 0.0009741473498543292 0.00011355091921719202
619.993544 0.0009556057168215161 0.00011139816510373043
624.981186 0.0009388598834356651 0.00010939639875652229
629.993133 0.0009233486060820281 0.00010741728057905797
634.987006 0.0009057338954158535 0.00010510428584245092
639.993837 0.0008924655169723084 0.00010341119140332181
645.039403 0.0008777634212458985 0.00010166459684488632
650.001524 0.0008689006874812799 0.00010059143161669384
654.994637 0.0008519493844565909 9.859027009263104e-05
659.99949 0.0008338700820096365 9.645091793107523e-05
664.973409 0.0008205306039697476 9.485749685104989e-05
669.985176 0.0008041858615086545 9.293684779498773e-05
675.024935 0.0007919034226493415 9.14775828702099e-05
679.996534 0.000777598428495073 8.980024263108833e-05
685.053169 0.0007624121026263089 8.803511256395565e-05
689.97366 0.0007504591242169644 8.663626045998354e-05
694.977272 0.0007554345952614801 8.713802163891442e-05
699.986335 0.0009129677641831267 0.00010476668578513195
704.989085 0.0009660250832908958 0.0001106722059159652
710.015742 0.0008379335343514527 9.624441551316224e-05
715.030975 0.0007554052971122033 8.694717772515543e-05
719.999716 0.0008621120858575437 9.892749634767486e-05
724.997165 0.0007826249427875374 8.995971174373347e-05
729.987344 0.000753536192404364 8.667747719685317e-05
734.96664 0.0007592728308385366 8.73016950793142e-05
739.987682 0.000715474991551945 8.235693772032645e-05
745.022659 0.0006961445641461082 8.015845699847834e-05
750.036755 0.0006858273710907942 7.895354821448989e-05
754.989118 0.000680316216150295 7.829408034400739e-05
760.013526 0.0006762467038362977 7.780854198600486e-05
764.986283 0.00066861740139047 7.694002355590711e-05
769.996199 0.0006621222244835983 7.619861767047365e-05
774.983804 0.00065590797963285 7.547719214279813e-05
779.985853 0.0006509440105657314 7.488526508655625e-05
784.994463 0.0006451186140497501 7.419756475909429e-05
790.002586 0.0006427111029982017 7.390333447772227e-05
795.012953 0.0006398988612453197 7.357081963876566e-05
800.003475 0.0006368275786855326 7.321439389515687e-05
805.018949 0.0006355280133337976 7.30622896980702e-05
810.005014 0.000635278273273196 7.303328286850423e-05
814.99146 0.0006370669408887956 7.323315169095069e-05
819.981923 0.0006367847446380934 7.31987715259961e-05
824.988853 0.0006382123049813652 7.335385807015386e-05
829.978402 0.0006386183372510742 7.339450380065463e-05
835.007049 0.0006387479627277048 7.340691260638728e-05
839.997421 0.0006393386950510734 7.347242075557741e-05
844.998011 0.0006404406315290657 7.359411406792801e-05
850.008969 0.0006425678908136824 7.382727989352688e-05
855.010364 0.000643975780292171 7.398384696306305e-05
860.008479 0.0006498076313736085 7.463565472465748e-05
864.986974 0.0006671744155534887 7.65816168957082e-05
870.002221 0.0006661130590466153 7.645775423510297e-05
875.001883 0.0006692394238652722 7.680535167097443e-05
880.003914 0.0006757697825694232 7.753486369667216e-05
884.993121 0.0006815741235648098 7.818177713265462e-05
889.995444 0.0006826640556587718 7.82993490486752e-05
895.003509 0.0006856472980796485 7.86302318141057e-05
899.998201 0.000686080963392809 7.867453057554785e-05
904.99947 0.0006864848562402122 7.871714529393252e-05
909.995678 0.0006865835736606243 7.872581137920184e-05
915.005962 0.0006898366871292622 7.908936891034914e-05
919.982603 0.0006908107931071114 7.919804069141647e-05
924.999582 0.0006906246528846396 7.917817385594333e-05
929.991362 0.0006904574001729167 7.91620775693833e-05
935.007906 0.0006914782152448077 7.928214130003296e-05
940.000494 0.0007115273316857292 8.154366318407996e-05
944.981946 0.0007128982609155694 8.170805750639251e-05
950.00386 0.0006985395546707443 8.010207553620975e-05
954.990957 0.0007007447419901409 8.035813490208213e-05
959.99479 0.0007114624660278046 8.157080121178438e-05
965.012089 0.0007121433942773536 8.16569279511972e-05
970.014478 0.0007122146573073632 8.167071112382391e-05
974.98709 0.0007118426852436553 8.163448581266417e-05
979.985823 0.000713611455491701 8.183892551483493e-05
985.003173 0.0007153101273717225 8.203694960470825e-05
989.999605 0.0007145611678400403 8.196117547768652e-05
995.007352 0.0007114101447180668 8.161563826608621e-05
1000.0122 0.0007108639749212031 8.156396740171054e-05
1005.00052 0.0007081059228426072 8.126521153468235e-05
1009.98155 0.0007030357000336036 8.070269681901532e-05
1014.99078 0.0007029637069741215 8.070336398584239e-05
1020.00217 0.000699494585827504 8.03259703234133e-05
1025.00128 0.000696533125706101 8.00061089300715e-05
1030.00372 0.0006952448724957432 7.98759935713855e-05
1035.01053 0.0006940951410296166 7.976498238625243e-05
1039.98417 0.0006910818015289465 7.944695382500688e-05
1044.98273 0.0006901945957188017 7.93695789912476e-05
1050.00322 0.0006866542884517974 7.899536518014478e-05
1055.02378 0.0006828697829978815 7.858285995755571e-05
1059.96583 0.0006806170116278213 7.834420488729567e-05
1065.00943 0.0006766864187542994 7.792116382806777e-05
1069.9948 0.0006708425653569091 7.728620357359168e-05
1075.01197 0.0006664439254723254 7.681704836386023e-05
1079.99634 0.0006651318217204622 7.669992657125568e-05
1084.99813 0.000662757598103093 7.646449200073835e-05
1089.97787 0.0006568142206958623 7.582594304588696e-05
1095.01797 0.0006530188393654004 7.54289894471232e-05
1099.99322 0.0006507370588332646 7.520434234429063e-05
1105.00286 0.0006471542512819711 7.483554645338387e-05
1110.01611 0.0006460438613546564 7.474665568157512e-05
1114.98005 0.0006431747612390385 7.446197028713248e-05
1120.00753 0.0006398682355684571 7.413088326974791e-05
1124.99107 0.0006356759499350361 7.370294603602612e-05
1130.00148 0.0006308272936746102 7.320434487354694e-05
1135.01091 0.0006275741329942997 7.288785391275098e-05
1139.97488 0.0006258358430264188 7.274638275751909e-05
1145.0047 0.0006182745831278476 7.195667541063821e-05
1149.98309 0.0006188589130440618 7.208843229328395e-05
1154.98465 0.0006175749164691036 7.201975296778523e-05
1160.02128 0.0006124958440351665 7.15564040888336e-05
1164.98016 0.000609203178966439 7.134473268659372e-05
1170.00345 0.0006093587389365723 7.154517845627312e-05
1175.01191 0.0006100930140394244 7.183673938206541e-05
1179.99521 0.0006124973688148348 7.234474599253195e-05
1184.99525 0.000612567552009465 7.26235550400824e-05
1190.01523 0.0006072743170084175 7.234132489703483e-05
1194.98025 0.0006139656752998471 7.345083547511401e-05
1195.01182 0.0007534632541550708 0.00014489957600664774
1200.00301 0.0007614050279558079 0.00014874998344442932
1205.0031 0.0006548353076983287 0.0001376405056016763
1210.0093 0.0007620031133896139 0.00015067141619463993
1214.99177 0.0006737822605811011 0.00014183686297415484
1220.01227 0.0007563507598824938 0.00015236747336880665
1224.97279 0.0007241596220180787 0.00015011323314868022
1230.01556 0.0007627587705030927 0.00015598199876587702
1234.99495 0.0007850222277772723 0.00016014168547387185
1239.99712 0.0007797322851039207 0.0001614233143714529
1244.98396 0.0007355620718454543 0.0001585380633238645
1250.00492 0.0006691321264526009 0.0001533434949054337
1254.9943 0.0006743235403731863 0.0001565280874098548
1260.00588 0.0008706762280115014 0.0001815297050750356
1264.98409 0.0008218058214622403 0.00017912710222649494
1269.99925 0.0008000537886022907 0.00017977842774173563
1274.99847 0.0008057056033724701 0.0001837590960858724
1280.00998 0.000749959522207108 0.0001811168798719703
1284.98771 0.0008249332174250918 0.00019355160981216033
1289.98957 0.0008643687721355992 0.00020223970110707103
1294.98897 0.0008763416928640464 0.00020824056005152412
1299.97414 0.0008379787284261958 0.00020899103130926533
1305.0012 0.0009374579489651773 0.00022561781379444476
1309.99528 0.0008668879363680397 0.0002235936781894225
1315.00482 0.0009059433915710718 0.00023439931846234297
1319.98899 0.0009960995942443732 0.0002515376092916497
1324.99263 0.0009487073566236153 0.0002538521772852184
1329.99276 0.00095457735288619 0.00026286416456235574
1334.9742 0.0010226528815356496 0.0002793178654082945
1340.0158 0.0010522421821103475 0.00029213928990679916
1345.00966 0.0009838647673593342 0.00029501420125240544
1349.97541 0.001028904404776505 0.00031181717934699
1355.00158 0.0011568138605534816 0.0003393873819203721
1359.97104 0.0011068666930248675 0.00034793170081779046
1365.01195 0.0011289900092576054 0.00036615390917846876
1369.95824 0.001122459857527784 0.0003828791081517875
1375.04916 0.0012291719884824368 0.0004141799527338019
1379.98721 0.0011809100984551406 0.0004303251533535011
1384.97989 0.001637812907189769 0.0005059505059679505
1390.01859 0.0008858944142217228 0.00044768773238226903
1394.97477 0.0013948777635298816 0.0005346896780216261
1399.99322 0.001182449751729671 0.0005438763357514635
1405.00054 0.001660650234698428 0.0006353518071306353
1410.02673 0.0015887158158694788 0.0006691033862796195
1414.96177 0.0010961232458801043 0.00065932297366226
1420.0036 0.001739649089371622 0.0007867139458537177
1425.01208 0.0014977878970110384 0.0008178613045316512
1429.99769 0.0019018726132768173 0.0009318575557871026
1435.00363 0.0020206848007274553 0.0010205165504121648
1439.96895 0.0020713756820254013 0.00111340572902784
1445.01529 0.0023372628402586197 0.001241106589878094
1449.9852 0.0018429089462855667 0.0012987624424511868
1455.00813 0.0036079287583729754 0.0016288843731842016
1460.00301 0.0022121708250909243 0.001612513553689349
1465.00397 0.0017603721471674042 0.0017324018630902837
1470.0008 0.0013542393933181477 0.0018798914337953578
1474.98949 0.004126749239006491 0.002417836658217924
1480.00439 0.006241320463538259 0.002935487143133118
1485.01243 0.006091401280117915 0.0032157103121740463
1489.97759 0.003963352264568755 0.003293183973774677
1495.00937 0.005836952103279235 0.003893953353416306