photon_energy_eV    total_yield    yield_error
4.09999823 -8.25450330136119e-07 0.000566533119725282
4.19998643 -3.7640221272914257e-06 0.0006086533043187288
4.30000303 -1.5436098308454472e-05 0.000517934407081741
4.39999618 -8.5665301747107e-06 0.000337721794420875
4.49999998 1.4688262477918023e-05 0.0002597072590023099
4.60000297 -8.511561790035004e-06 0.00045710646730641534
4.70000045 8.429068133557154e-06 0.0019125857324544012
4.80000252 9.326898518267166e-06 0.0002730542736271128
4.89999723 4.573731581447905e-06 0.00021555962644852255
4.99999214 -5.9393703674816965e-08 0.0001382017358621893
5.10000551 -1.0247708851226653e-06 0.00010230387217819821
5.2000042 1.6505849286255694e-05 0.00010280400071672021
5.29999218 4.0107962774245097e-07 9.12388497547553e-05
5.40000935 5.323804732243393e-06 0.00010081058305720484
5.49999059 1.5530377290885775e-05 0.00010968974430953352
5.60000792 -2.850195300415095e-06 9.555974974157225e-05
5.70000576 2.9838015472726204e-05 0.00012638377812616424
5.79999812 3.062001812463384e-05 0.00012448669165526384
5.90000087 3.147245990293137e-05 0.00013675563704406123
5.99999822 4.432483913608273e-07 0.00012625708432851588
6.1000029 3.669460353982251e-05 0.00015128504797479997
6.20000359 7.556045316679631e-05 0.0001719224960379264
6.29999544 3.8546619845847284e-05 0.00016518495163581181
6.39997375 0.00012155018526651842 0.00019100983135964168
6.4999884 0.000144865884272865 0.00019336937977619203
6.60003415 0.00016270835319738856 0.00018592362221029533
6.69998203 0.00019789373790036574 0.00017567187032299295
6.79999847 0.00024262674283371814 0.00017505790936072558
6.89999098 0.0003014208049722465 0.00016248572561076893
7.00001199 0.00042469342757292083 0.00017561287859157648
7.10000019 0.00046102387361182065 0.0001742179931989383
7.19999193 0.0004904022807666083 0.00016708311030243038
7.30000886 0.0006249223815696007 0.00018289484031064901
7.40000122 0.0008113104792473564 0.00021823774162799616
7.49999373 0.0008813334130955531 0.0002513546452172936
7.50000292 0.0010296734807396153 0.00021419381027893547
7.59996357 0.001174986928829299 0.000230314661363527
7.70000289 0.0013618560666743545 0.0002524578162111731
7.80002553 0.0015686054079692402 0.00027771318812191016
7.90000272 0.0018408972625623752 0.00031289010471208126
7.99999188 0.002454084879424955 0.00039911108211181784
8.10000797 0.002779021082744669 0.0004405261388229037
8.20000636 0.003258704517658785 0.0005029687470315345
8.29995955 0.0038020966187489237 0.0005747069210269007
8.40001498 0.004462769380678377 0.0006586255349160572
8.50000825 0.005110847043955727 0.0007393420435003644
8.59999883 0.00590351709823689 0.0008387032210441692
8.7000005 0.006892786497578771 0.0009638822477373129
8.80000062 0.007944758988642112 0.0010957323168369895
8.90000212 0.009178315895910939 0.0012512964244669803
8.99995233 0.010343872741452978 0.0013943359891699179
9.10003424 0.0115847783227999 0.0015468784392367976
9.20000805 0.012871714987965967 0.0017026530447368114
9.29996205 0.014328794250232403 0.001879384784124352
9.40002475 0.01576533461692433 0.002049016577673537
9.4999996 0.017527449944735405 0.002262305143340806
9.60000733 0.01927570689922559 0.002470991478625961
9.70001293 0.02133932930904309 0.0027220119696028076
9.79999685 0.023548471016703706 0.002992920358358328
9.9000048 0.02591042425266603 0.0032858438431086906
9.99999084 0.028494649228236864 0.003609178503323699
10.0999745 0.03204979837603508 0.004070964264480132
10.1999796 0.03610321099404021 0.004605905068612287
10.2999993 0.04050512216017555 0.005196275487558942
10.4000464 0.04386986985580886 0.005639830920622557
10.4999928 0.045900024504764665 0.005890987909359529
10.5999963 0.04693716038123711 0.006000938218553885
10.6999956 0.047925897405790056 0.006107952781508619
10.8000216 0.04881258059035467 0.006206369529177072
10.9000031 0.05054711382780733 0.006430434996591056
11.000004 0.052870707470211775 0.006741885993050285
11.1000139 0.055165876022080805 0.007052826916793333
11.1999933 0.05803323864464942 0.00745205521986898
11.2999744 0.06078661322852327 0.007845037407391427
11.3999617 0.06360973167667013 0.01266926152057172
11.5000049 0.06600715727767141 0.01657472414974235
11.6000381 0.06899963510082606 0.0122156842838052
11.6999921 0.07181326394930751 0.010289117482979677
11.7000033 0.09373352764746297 0.016840420613778687
11.8000336 0.06456513887443117 0.02603291705655747
11.9000069 0.07776573719411453 0.02947234563445794
11.9999824 0.0705005789400979 0.0282623941206954
12.1000007 0.07386381348519268 0.02771303900536723
12.2000095 0.07391793622842562 0.027633526175637244
12.3000285 0.07482308654582912 0.02509658744757474
12.4000047 0.07803844944160492 0.020720784153373053
12.4999978 0.0800408766134587 0.022025065177386125
12.5999818 0.08253743809612818 0.0273257528919065
12.6999702 0.08332050613701038 0.02687266085019433
12.8000319 0.08492899253874628 0.028944967812566164
12.9000101 0.0867960969393725 0.02135407491707684
12.9999465 0.08601539458638421 0.02431064529298224
13.100055 0.08900765580022305 0.02278581268143721
13.1999943 0.09116332826728936 0.021261787613912382
13.3000391 0.08596139549141169 0.02622660842670984
13.3999979 0.08826819939513902 0.028941910455285193
13.4999663 0.08885689900217802 0.02502194646431729
13.6000318 0.089968566004546 0.02411807225088303
13.6999966 0.08897348870743353 0.02298242034757138
13.80001 0.08624849896413125 0.02158433563534266
13.8999314 0.09168347133990085 0.025140639333128944
14.0000609 0.09097751603376994 0.024574867311338174
14.1000188 0.09142520919194307 0.024050986107539366
14.1999807 0.09101846193304292 0.022410168323939893
14.3000165 0.0926600649438714 0.02142052746694756
14.3998958 0.09040446858068307 0.018776574789001972
14.5000978 0.09142267920383652 0.017771619555885045
14.5999795 0.093567000073858 0.017326092708103855
14.6999047 0.093305250077986 0.016436036417760952
14.8001153 0.09217663399862 0.015654917860259427
14.8999416 0.09477442649087987 0.016027819333255033
15.000039 0.0955403398922733 0.016099969867603408
15.1000184 0.09211990282385023 0.015217973573547105
15.2000367 0.09378145154439921 0.015571011401117935
15.2999159 0.0962232615704666 0.016097716831659073
15.4000698 0.09408778261739824 0.015399678603089263
15.5000122 0.09444839368012738 0.01524752114275102
15.6000074 0.0958104884708293 0.015258795075056416
15.700012 0.0928835076460016 0.01432349803796198
15.8000218 0.09446073197472996 0.014428601542153538
15.8999711 0.09511637492984419 0.014423464342530626
16.0000006 0.09395543791727218 0.014172544838535209
16.1000468 0.09587535595591527 0.014724607241679018
16.1999796 0.09426837286820718 0.014749214314316531
16.3000099 0.10587171427868483 0.03186729737329075
16.4000084 0.10698262608902413 0.029582872456393502
16.4999511 0.10537780112727632 0.026181405364758683
16.600016 0.10920579699518308 0.025915515131942655
16.7000029 0.1088534090879913 0.02412752291316187
16.8000254 0.11203001289592318 0.02389696174239369
16.8999229 0.1102858612242757 0.022003625463310805
16.9999764 0.11242097575427923 0.02149284419610456
17.0999314 0.1102182573656285 0.019908027301629178
17.2000292 0.11032241472415662 0.019192285934094062
17.300034 0.11160815947609765 0.018733465261018146
17.3999961 0.11134443203601581 0.01797996989594449
17.5000691 0.11117031670942559 0.01738919749515345
17.6000089 0.10944313471711516 0.016503334811724835
17.6999447 0.11129356575460077 0.016387852669203274
17.7999862 0.1099389888210343 0.015728451970614347
17.9000654 0.11035845850347356 0.01540957000072598
17.9999789 0.10994631039493298 0.015007298451088025
18.1000503 0.109927051996819 0.014697451801141273
18.2000226 0.109169820489506 0.014320490193408395
18.2999833 0.10911554637390965 0.014082189284513637
18.4000245 0.1089424895117012 0.01385905569731771
18.4999629 0.10774506631975626 0.013525503273272014
18.6000316 0.10782012102463702 0.013389674639747447
18.6999887 0.10709384895667447 0.013167910059750371
18.7999572 0.10651129518834652 0.012984908293276337
18.9000371 0.10602426348180323 0.012829373461676868
18.9999787 0.10558787337705425 0.012691542126301095
19.1000289 0.10507235260456692 0.012554588030117107
19.1999937 0.10464599263744699 0.012435760761268603
19.3000059 0.10414889337855904 0.012314858978019837
19.3999583 0.10363601282999275 0.012197157468477823
19.5000192 0.10296351546977911 0.012066101271996836
19.6000189 0.10251555460862782 0.01196900738346097
19.6999713 0.10213737955223913 0.011884982377284796
19.8000193 0.10180602484101715 0.011811682506076055
19.8997943 0.10144213492638435 0.011738826781637344
20.0001223 0.10102090939967887 0.011663364464252203
20.1000475 0.10057758376917969 0.011589148593099821
20.1999092 0.10033396755085641 0.011540699157094728
20.2999263 0.09985246575982638 0.011467812606319808
20.4000545 0.09967361716900157 0.011431827312816648
20.5000078 0.09932883645447406 0.01137843413554715
20.5999398 0.09907446979723158 0.011337111524306373
20.7001155 0.09871409548819991 0.011284571426504082
20.7998208 0.09847109735147865 0.011246861723914108
20.9002056 0.09813455529271777 0.01119897447811097
20.9999425 0.09782867003907472 0.011155928028774055
21.1000537 0.09763517053294143 0.011126201808953124
21.1998753 0.09741341976034253 0.011093872147566004
21.3000527 0.09722404001996665 0.011066051592554546
21.3999089 0.09709399616994921 0.011045484085623527
21.4999882 0.0969454793739802 0.011023175692004826
21.6000929 0.0968026525697928 0.011001968445253868
21.6998259 0.09675947968881439 0.01099249416198924
21.8000181 0.09666973742465867 0.010977945329578341
21.9000816 0.09666504926535101 0.010973639119384669
21.9999606 0.09665059008981007 0.010968346571417703
22.1000364 0.09669993523105938 0.010970711284070112
22.20002 0.09676344879241469 0.01097490814354983
22.2999777 0.09685196744803638 0.010982430319701647
22.3999786 0.09712772410060946 0.011011423679721313
22.4999704 0.09725333757712981 0.011023743031953342
22.5999406 0.09753252547089299 0.011053961325805921
22.7000453 0.09782943951296282 0.011086531977016131
22.8001061 0.09796739740390795 0.011101599917605372
22.899896 0.0983275780942958 0.011142562512323245
22.9999581 0.0986643040802216 0.011181638157045318
23.0996775 0.09221159261249787 0.01036950383941922
23.2000015 0.0923545093692046 0.010385551004557538
23.2999586 0.09265515669051332 0.01041932806787599
23.4000201 0.09281555352178834 0.010437349578252295
23.5000422 0.0930728332790835 0.010466312081639432
23.6000583 0.09303263260179821 0.010461839724891954
23.6999197 0.09307079391129808 0.010466322108205436
23.800028 0.09329750439040768 0.010491835890221322
23.8999587 0.09339895105446089 0.010503498466847335
23.9998849 0.09333782168244571 0.010496691904253619
24.1001281 0.09326037608529138 0.010488354695505448
24.199968 0.09322997038368629 0.010485050819899729
24.2997218 0.09327213116074108 0.010490317739204398
24.4001067 0.09315414028667512 0.010477030916644505
24.4999512 0.09310524578242507 0.01047207313700177
24.5999732 0.09314957849468411 0.010477274404187161
24.7000675 0.09302731404408637 0.010463793737614299
24.8001755 0.09311911748870001 0.010474450165149668
24.899781 0.09307464078740979 0.0104698742719918
24.9998834 0.09314317745911016 0.010477817298469468
25.1001761 0.09314412521134634 0.010478030172398895
25.1999795 0.09326970341315974 0.010492576296796466
25.3000043 0.09336851078547709 0.010503868419701448
25.399772 0.09342884197588727 0.010510926190740044
25.5001703 0.09360269206116306 0.010530487396922998
25.60008 0.09374160286488929 0.010546438172701409
25.6999123 0.09387867437723635 0.010562080711737722
25.7998735 0.09397147568528745 0.010572697216371689
25.8999028 0.09407649791666163 0.010584500272733999
26.0001031 0.09413793239643192 0.01059132039175224
26.0999127 0.09418157335084527 0.010596465255714208
26.1999868 0.09410554392405526 0.010587996540305898
26.2999269 0.09410533673545884 0.010588134578207698
26.4000629 0.09401865562753622 0.010578401593461562
26.4998166 0.09387159316942852 0.010562031682043425
26.5998645 0.09377918636488247 0.010551787353046498
26.7001465 0.09358096813782464 0.010529521813959414
26.8000136 0.09322608578815439 0.010489796774777712
26.899921 0.09286218899175759 0.010448991585919167
26.9996826 0.09247328476391678 0.010405415760378959
27.1000668 0.09200112793778574 0.010352442201580459
27.1999307 0.09146985540323468 0.010292856971449844
27.2999244 0.09087955173196408 0.010226631530140202
27.4000425 0.09034312686611021 0.010166481035273478
27.4997234 0.08975178009396481 0.010100113925000808
27.6000079 0.08911593476012473 0.01002881803630903
27.7000232 0.08859021679543029 0.009969856330072812
27.7998819 0.0879994189195541 0.009903478707830893
27.8999543 0.08741318391571988 0.009837681221108455
27.9999811 0.08696528863193453 0.009787378373473196
28.0998888 0.08644713407226313 0.00972911892323387
28.1999273 0.08615290031333452 0.009696044475794969
28.3000261 0.08588833216393803 0.009666204573148414
28.3997836 0.08581080276601576 0.009657393823965374
28.5001142 0.08568239587262856 0.009642696715795275
28.599953 0.08556287869268886 0.009629054754403262
28.6998207 0.08550028105850248 0.009621636039181444
28.7998461 0.08549361176962357 0.009620661141880213
28.9001617 0.08545105460066042 0.009615347153852387
28.9998728 0.08528493446851428 0.009596291883226424
29.1000668 0.08523395758707651 0.009589915218427641
29.1998407 0.08523269298463222 0.009589431698614958
29.29974 0.08515801909045997 0.00958043991806255
29.3999721 0.08513850095256907 0.009577776481129745
29.4998256 0.0851528828979869 0.009578852833399307
29.5999301 0.0851326051084289 0.009576021849954654
29.7000676 0.08517684415869387 0.009580440421986627
29.7996514 0.08511990765487377 0.009573721281163823
29.8998321 0.08522900743888401 0.009585581073652524
30.0000268 0.08526670252369373 0.009589304470459581
30.1000809 0.08534733403094658 0.009598051505861838
30.2000594 0.08535932772065337 0.009599046141090112
30.299804 0.08553121695151437 0.009618092187099254
30.3997565 0.08558723314260956 0.009624209908478782
30.5000667 0.08570987536790893 0.009637820539740893
30.5997402 0.085824411823557 0.009650446756208722
30.6999904 0.08595691803680991 0.009665284590151734
30.7999694 0.08610545720722228 0.009681911861752397
30.9000555 0.0862493724028384 0.009697988184595009
30.9996164 0.08621408038851949 0.009694153944925695
31.1004531 0.0864132640118318 0.009716350632186462
31.1996412 0.08654421776649891 0.009731432853331888
31.2997042 0.08670445103226182 0.009749584635177935
31.4003305 0.08690410285755845 0.009772089838269134
31.4994166 0.08708965965626375 0.009793346394981034
31.6001093 0.08719762137906814 0.009805552879640357
31.7002981 0.08735184949734785 0.00982322358508911
31.7998021 0.08749925503241975 0.009840265821043616
31.8998496 0.08763680102087898 0.009856050693941772
32.0000266 0.08784948577049459 0.009880457310677907
32.0998243 0.08801469801059188 0.009899554096260059
32.1998229 0.08821024703387913 0.009922093830976062
32.2998497 0.08845549454198166 0.009950285895546886
32.3995563 0.08860075838314249 0.009967334153703565
32.5003119 0.08885215276306002 0.009996184061834704
32.5999593 0.08901183028277937 0.010014917483811737
32.6995206 0.08916773210528754 0.010033300589379544
32.8001314 0.08942858636225598 0.010063378336458458
32.900125 0.08962266203742443 0.010086100390066821
32.9998403 0.08984628437798807 0.010112188865718316
33.0999828 0.09003782010077614 0.010134678441194134
33.1998342 0.09021568173206612 0.01015567971977962
33.2999275 0.09035378455500417 0.010172256261021783
33.3998057 0.09050380009790186 0.010190186247637144
33.4999181 0.09073830924210755 0.010217595376094719
33.5997099 0.09087761234165347 0.010234509498827612
33.7002836 0.091040097676292 0.010253826235195137
33.7996875 0.09126068593017471 0.010279874893969391
33.9000552 0.09133990272331428 0.010289944998076337
33.9996982 0.09150937781438481 0.010310364552969152
34.0999288 0.09165306398682031 0.01032760393673405
34.1998918 0.09177060814175683 0.010342108582558341
34.2996736 0.0919432567389395 0.01036288020996935
34.4001361 0.092054670040608 0.01037678489795056
34.4999244 0.09215272589230146 0.010389186935206282
34.599902 0.0923404747601743 0.010411792088176233
34.6998704 0.09242284027462999 0.010422525960865951
34.8000223 0.09261734138167005 0.010445967644580787
34.8997588 0.09271326617788618 0.010458265317966831
34.9997683 0.09281951699939865 0.010471811953427944
35.1003526 0.09300454067933647 0.01049419839443563
35.1996943 0.0931817974028 0.010515914083169752
35.2998035 0.09328250323328022 0.010528912630911894
35.4000741 0.09335950015590648 0.010539232237770363
35.4997833 0.09354119010473473 0.010561430961181787
35.5999521 0.09362870334697236 0.010573057681547227
35.6997506 0.09375567068400187 0.010589114898142212
35.799796 0.09385856113537702 0.010602533489960186
35.8998772 0.0939839289448551 0.010618459991603643
35.99999 0.09406115690198856 0.010628935028525811
36.0999172 0.09418816885233951 0.010645125422422666
36.1999725 0.09425895363012526 0.010654875069496403
36.2995072 0.09434234116105643 0.010666234490347275
36.4001321 0.0945157446098259 0.010687522853899638
36.4999013 0.0945493685270356 0.01069318941105128
36.5996715 0.09461564436621674 0.010702533114406478
36.7002088 0.09470643181058891 0.010714576891026345
36.7998613 0.094742946339937 0.01072068096940256
36.899834 0.09483270079686276 0.010732634205787487
36.9994564 0.09478466617476465 0.01072911466235959
37.1001805 0.09491495249919348 0.010745652502198874
37.1998715 0.09488718342302198 0.010744521186193347
37.2998722 0.09500401591300868 0.010759778230585255
37.3998406 0.09503241375087136 0.010764924511301115
37.4991972 0.09502648972397883 0.010766343729546199
37.6007004 0.09510492709500061 0.010777152959184823
37.699851 0.09509389447098446 0.010778281663543674
37.8006934 0.09512384404888108 0.010783762636544628
37.900316 0.0951669367161175 0.010790912367262139
38.0007011 0.09513517149919025 0.01078961663807876
38.0996029 0.09519226996844758 0.010798579514403318
38.2006902 0.0951214760085631 0.010792840852699357
38.2993187 0.0950986405869493 0.010792856278956585
38.400024 0.09510687055213214 0.010796307380128855
38.4998069 0.09500652414842158 0.010787546961174599
38.6005967 0.09504465427112038 0.010794458306573558
38.7011812 0.09499063687157892 0.010790978400655075
38.800323 0.09503237381677636 0.010798640363329776
38.9000977 0.09497513801324257 0.010795106959089864
39.0001383 0.09500806860887805 0.010801890751640631
39.0998203 0.09489959867603874 0.010792593071888821
39.2000132 0.0948741702009794 0.010792875389672055
39.3000899 0.0948806928261609 0.010796968280326497
39.3990298 0.09486800241711707 0.010798955710780213
39.500509 0.09479090341061816 0.010793576868215292
39.5996932 0.09488438418185798 0.010807895483542529
39.7000205 0.0948857313124229 0.010811624883995506
39.7996927 0.09495041491842604 0.0108229293988329
39.8996063 0.09478986028806578 0.010808607605210295
39.9997615 0.09475556017175717 0.010808588656212918
40.1002893 0.09490576727894574 0.010829813441305378
40.1989467 0.09469361104323339 0.010809855666969884
40.3000813 0.09481950391004387 0.010828500875808259
40.3997255 0.09476440958713898 0.010826802228106391
40.4991936 0.09476887995333819 0.010831660526616755
40.6004996 0.09473948601849085 0.010832949495151612
40.699471 0.09481695564861535 0.010846570202794116
40.7998783 0.09478573385950796 0.010847835471484487
40.8999621 0.094968413865129 0.010873639590817755
40.9993019 0.09491172333414571 0.01087212076796985
41.0995395 0.09508691769770955 0.010897405089758169
41.2002685 0.09504271399613855 0.010897350538946575
41.2995411 0.09507392547504098 0.010906112889591424
41.3997134 0.09507279675560713 0.010911169348591512
41.4995284 0.09524506069528524 0.01093624140014959
41.5999673 0.09525524857495259 0.010943224449128796
41.6994727 0.09542605764488683 0.010968152745173345
41.8000263 0.0951987461694669 0.010947462045542177
41.8992012 0.09526440286702208 0.010959485381834036
42.0000711 0.10156463157418233 0.011469546918619657
43.0000133 0.10185714854438373 0.011494926137614998
44.0000339 0.10246471888404314 0.011556820071824351
44.9997147 0.10361261458359575 0.011680258141798724
46.0001603 0.1058498581293318 0.011926898403067729
46.9999564 0.10850961640814759 0.012221623253038274
47.9999656 0.11131780327535411 0.012534376362650791
48.9998077 0.11415021190192046 0.012851655299339643
50.000132 0.11683078256135367 0.013154093413699438
50.9998594 0.11880478330779745 0.013378255732438052
52.0001008 0.1199080919842055 0.013500473963231134
52.999707 0.12074445972322533 0.01358847215229512
53.9999131 0.12107442923790021 0.013619921334592623
54.9998534 0.12096155953367661 0.013602942818807027
56.0002675 0.12078189792084147 0.013579378517965169
57.0000333 0.12072753751264217 0.013570574928851649
57.9997415 0.12082518682148635 0.013579257651570073
58.9998386 0.12101638879460884 0.013598721503627337
59.9999592 0.12130814174512042 0.013629797751450654
60.9997376 0.12169547462992225 0.013671895042027609
62.0001233 0.12224195931245203 0.013732121686954752
63.0000972 0.12283314991247841 0.013797625657664033
63.9998926 0.1235115977683677 0.013873134650453279
64.9999632 0.12418801414137112 0.013948563662024103
65.9995278 0.12483815184536409 0.014021279224226047
67.0002642 0.12543989878351922 0.01408851885001199
67.9999608 0.12600401580787976 0.014151546342356975
68.9998897 0.12652030848710125 0.014209048392826993
69.9998964 0.12701280011470584 0.014263806407552537
70.9999513 0.1274081818121483 0.014307943235895597
71.9999365 0.1283315006193647 0.01441780534095897
73.0000944 0.12865795318560852 0.01445180180348358
73.9996612 0.12898564519544725 0.014487364389739958
74.9995755 0.1294130791872016 0.014535464243154515
76.0004672 0.1300173255099103 0.014601867318839291
77.0000162 0.13101335908777073 0.014712860786219813
78.0002186 0.13206485794521003 0.014830375617379104
78.9999103 0.13322641357128953 0.014960259463381522
79.9998243 0.13441876978361866 0.01509367810008724
81.0002852 0.13528251792104024 0.015190275512553862
81.9997105 0.1356727418461845 0.015233759975349759
82.9996647 0.13560630136941676 0.01522594073357709
83.9999688 0.13508438045684257 0.015167015212901765
85.0000407 0.13419300646908408 0.015066723509303968
86.0001405 0.13294715573020574 0.014926561753072361
87.0000893 0.13142055553050272 0.0147549462338768
87.9997158 0.1295803070499954 0.0145481599436718
89.0005308 0.1274761500453065 0.01431173731135792
90.0001417 0.12512335809662306 0.01404743560537132
90.9996473 0.1225916001390075 0.013763064370607479
92.0001929 0.11988753908552531 0.013459332768800195
92.9996491 0.11705255538298227 0.013140975348674425
94.0005088 0.11408822850688181 0.012808065956895272
94.9994687 0.11105157123637625 0.012467076389461996
96.0001448 0.1079498986685799 0.012118804149260256
96.999966 0.10482948416902282 0.01176844921270407
97.9999498 0.10171680498630513 0.011418969840171935
98.999599 0.09863802567114793 0.011073307611720911
99.9999835 0.09564126928395811 0.010736875670561573
100.9999 0.09212137397081001 0.010341400069969225
101.999883 0.09159814067352959 0.010282664751755936
103.000439 0.08963326393158148 0.010062083670907933
103.999714 0.08660194860185699 0.009721785769972137
105.000116 0.0830290782736798 0.009320687192487825
105.999763 0.08001861052420409 0.008982731808597062
107.00035 0.0782463717906976 0.00878379457538847
108.00008 0.07667250131501623 0.008607090216912625
108.999141 0.07464206256636718 0.008379154618525415
110.000423 0.07295094364285136 0.008189366244467788
110.999441 0.06909899158412865 0.007756900286616642
112.000118 0.06607830816644653 0.007417824041061427
113.000955 0.06383808560075636 0.007166321928075471
113.999878 0.06173915107552288 0.006930715069280172
114.99912 0.05972694726324442 0.006704833537537876
116.000636 0.05789030648028672 0.006498656320915553
117.000072 0.056032785197517546 0.006290140642177607
117.999574 0.05402633460809889 0.0060649145094132505
119.000986 0.05198901255878978 0.005836225604404316
119.999639 0.04997987948718067 0.005610681651132449
120.999938 0.048290498216198074 0.005421063223784248
122.000005 0.0467498045487648 0.005248136536209377
123.000078 0.0449238089811897 0.005043133517013069
124.000604 0.04333894829499316 0.004865249853524057
124.999389 0.0414825502903452 0.0046568608303749785
125.999656 0.040155496935527835 0.004507903721364407
127.000168 0.03893627605535785 0.004371079765325325
128.000585 0.037793210285106585 0.004242785910069907
128.998833 0.03672744725237074 0.00412307883478126
130.000784 0.03569342305794205 0.004007101514934743
130.999175 0.034690825973489936 0.003894516184394104
131.999564 0.0337010495871278 0.0037834315246655114
133.000756 0.03272659453473677 0.0036740896589165057
133.999865 0.03177013397628959 0.003566754012552693
135.000482 0.030830846333787836 0.0034613104039545816
136.000147 0.02991178271361974 0.003358183345816387
136.999885 0.029035919958202545 0.0032598693751371764
137.999823 0.0282081592190567 0.0031669760484107088
138.999585 0.027452403457820247 0.0030821741342398944
139.999262 0.026787978428089314 0.003007612671345425
141.001697 0.02619546600933347 0.002941173047855528
141.999119 0.025667809373348793 0.0028819459047997073
143.000259 0.025177207681381136 0.0028269546750888195
143.999666 0.024722426624248665 0.002775953167552121
145.00031 0.024303921150153437 0.002729082612122933
145.999415 0.023925081941780738 0.0026866046778844417
146.999621 0.023574263973451526 0.0026473435012872846
147.999355 0.023247649321901823 0.002610786367654443
149.000543 0.022946529477797142 0.002577123220942142
150.000293 0.022664526936347705 0.002545622141314488
150.969478 0.02221631748999057 0.0024955078114045873
152.020993 0.02195781919127744 0.002466589756111918
153.006113 0.02169564879089098 0.0024373435829737
154.004454 0.02143214800145869 0.0024079502509474432
154.99957 0.0212277478163526 0.0023852054173400996
155.998313 0.021076572409536417 0.0023684229452326303
156.997954 0.020966211907917476 0.0023562443378852883
157.999887 0.020891614453947428 0.0023480852821652033
158.995346 0.020861858121449122 0.002344984690934393
159.997764 0.020857150381076238 0.002344698591508612
160.996491 0.020898712252055588 0.0023495824464096846
161.999893 0.02093419605869175 0.0023537919691755645
163.00492 0.02088030497039855 0.0023480164151173807
164.003882 0.020818872841918936 0.0023414629641870096
165.003914 0.02079895578815707 0.0023396677807998876
165.998726 0.020817318664523146 0.0023422618641433515
166.999675 0.02086544092181244 0.0023482109838511905
167.997438 0.02092240948948658 0.0023551626944872525
168.998455 0.0209901376595254 0.002363300380130781
169.998122 0.02106597208461933 0.0023723233460459167
170.995529 0.021174236637362114 0.002384937430386494
171.996262 0.021304765743959137 0.002399957135535514
173.005805 0.021457842276121058 0.002417576124478679
174.004868 0.021610155138272608 0.002435260692022263
175.002855 0.02179727803398952 0.002456959968735123
176.000086 0.021971227516542582 0.0024772648301844705
177.003395 0.02203612420251426 0.0024852764826807814
177.99544 0.02210073404100681 0.002493199073143691
178.99653 0.02219338809514697 0.002504131045113804
180.00188 0.022325298435798988 0.0025194100382266494
180.994024 0.022481816751031145 0.002537420806279135
181.995866 0.022668694587640946 0.002558726253106662
182.997684 0.022847249657732414 0.002579070316339749
184.004295 0.02303937283344308 0.0026010260414764197
185.005264 0.02322254140111053 0.0026219633505508715
186.006618 0.023376533972495558 0.002639761169247563
187.001242 0.023470894829023193 0.002650786346972364
187.999133 0.02360409879875381 0.002666043217669686
188.995497 0.023770273428879652 0.0026850502959185124
190.001357 0.023952343443554725 0.0027056543756770325
190.997035 0.02414868175345782 0.002727942743906361
191.996097 0.02434822217016379 0.002750441961354525
192.990883 0.024538094855362683 0.002771854729466284
194.00866 0.024740648733947566 0.0027947539543456087
195.001858 0.02492154531891745 0.0028151938138706242
196.003578 0.025123025555502086 0.0028380597138401692
197.003327 0.0252982534024003 0.00285803739943459
197.999212 0.025474210959564553 0.0028780314158448426
198.998337 0.025616344652468124 0.002894250748070092
199.999647 0.02578049277107027 0.0029128546278769313
200.997209 0.025907839797964013 0.0029272678782887823
201.993767 0.02607794899762206 0.0029464698659999178
202.99281 0.026288329348988643 0.0029700160835066745
204.006137 0.02647582075271674 0.0029909977169371117
205.001785 0.026593812399077477 0.0030043385521727134
206.003699 0.026757623369733613 0.0030226863820501998
207.009208 0.02691693876188137 0.003040622143895318
207.995839 0.02708078087460281 0.003059177623264171
209.002568 0.02721521157285549 0.0030742519704056487
209.993524 0.02735734248929654 0.003090280372586194
211.000889 0.027487678015067116 0.0031049700977826915
211.996479 0.027644865399501502 0.0031226820983041
212.990317 0.027817202977140704 0.0031420628717384468
213.99825 0.027978067841932845 0.0031601307895827583
215.007839 0.028123477096079888 0.003176487677536106
216.000186 0.02827171572444097 0.003193367210104742
217.006757 0.02840033249251536 0.0032080514436636162
218.003259 0.028522257000521627 0.00322213504612584
218.999338 0.028660482278971368 0.0032379383752674565
219.998746 0.028759798059456675 0.003249406390511693
220.99721 0.028860116596033703 0.0032608743025096046
221.997772 0.02893702514979466 0.00326966365752555
222.992638 0.02904953629938307 0.0032824116443780278
223.990588 0.02914720043573803 0.0032933108805575442
225.011079 0.029250790060141613 0.003304859657399569
226.004366 0.029319117151067692 0.003312665328090676
227.001867 0.0294060184499646 0.0033224753277347175
228.00393 0.029421071892772488 0.0033242278728584413
229.001849 0.029519365279113103 0.0033352936232364195
229.997361 0.029548750461620026 0.003338541982150543
230.993088 0.029588265504369132 0.003342826162118868
232.000538 0.029666029393255574 0.0033513469645877403
232.996777 0.029719354974327643 0.003357087158397387
233.990158 0.029793763167234828 0.003365165487355674
234.999003 0.02987557497007931 0.003374067788109754
236.010332 0.02992586189008689 0.003379424013030251
237.004288 0.029973741053160332 0.003384606866279482
237.998708 0.029977158719297525 0.003384735913927477
239.004961 0.029999672834353053 0.0033870143644108112
240.002344 0.03000332069051285 0.003387127245125398
240.991955 0.029991193944035845 0.003385440810445854
241.999141 0.029975222036734087 0.003383360178471491
243.000961 0.02998544871246435 0.0033841982162363562
243.995099 0.03002174746980084 0.0033879722581474864
244.989379 0.03004323287609184 0.0033900632302915636
246.008101 0.030058765880303068 0.003391531955301699
247.002963 0.03007971485613297 0.003393639977111944
248.010108 0.030048601841239593 0.0033899476089986587
249.000327 0.03003524242039007 0.003388275528177446
249.999135 0.030022432599466752 0.0033866691139712185
250.99494 0.030049917249637133 0.0033898623020629185
251.997634 0.030076363665421466 0.0033929502329478442
253.001802 0.030124006850951617 0.0033984319990874464
254.002763 0.030139882816981517 0.0034003477321570153
254.995492 0.03016289985520505 0.003403071761304773
255.999325 0.030167654348892965 0.003403766330508101
256.995835 0.030156585364312382 0.00340266756162191
258.002266 0.03000425306279324 0.00351970221015014
258.996145 0.02998215968595378 0.0035167194279421025
259.997033 0.02987001126038007 0.003502597353238386
261.004066 0.029971398919902564 0.00351349841712071
261.991934 0.03002625924177438 0.003519042312358859
263.001421 0.02985773200151359 0.00349985663785066
264.000465 0.029847675298272983 0.003497788101896101
264.997575 0.029787465672913852 0.0034906139237472315
266.001005 0.029799660630081878 0.0034901657890553947
267.001202 0.029638273863800153 0.0034715543883726313
267.998885 0.029874269963700417 0.0034966358849528828
269.003428 0.029781379295194046 0.003485192466225507
270.00266 0.02979173432488555 0.003485636572630042
270.999124 0.029713238468582273 0.0034763276688380717
271.996057 0.029786764921416964 0.003484627576018531
273.00475 0.029727793292259105 0.0034783211235583484
273.997009 0.029576025183695596 0.003461850423968789
274.99973 0.029660748017046993 0.0034729562100201325
275.999208 0.029627445967992973 0.0034711793431463785
276.997236 0.029722832529538588 0.003485408109790908
278.001444 0.029597617337521285 0.003473924275627296
278.998564 0.02958511186889888 0.003476893295197371
279.998947 0.029739506917559666 0.0034991814367980358
281.00325 0.029560502040363586 0.003485152729618504
282.001479 0.029611610868240327 0.003500095135037039
282.99956 0.02947959492780333 0.0034949258601282103
283.999301 0.02945379114905473 0.0035069203509614072
284.997323 0.02944488798788372 0.003526780752286876
286.000417 0.029206711073839434 0.0035345440357397637
286.994112 0.029199975168040383 0.003604439858654891
288.001364 0.027402260102194487 0.0036196041011766844
288.994385 0.03125082241344934 0.005216469473475069
290.002659 0.04108721999729214 0.01076076165416918
291.00629 0.03879232223438214 0.009070960002259671
292.0011 0.045397883512700764 0.010612247165717277
292.996699 0.052713469963654 0.013826532467933732
293.998557 0.06463212277347996 0.018157708150386358
294.995516 0.06676283062693994 0.018605740286396583
295.999714 0.0712227569480636 0.017230136343210148
296.997877 0.07097468546993345 0.015176975613384845
298.003127 0.07120967066043361 0.013711515990639267
299.002196 0.07143641473384135 0.012839370595839318
299.996675 0.06776092960407018 0.011674252247373092
300.99553 0.06836847148644211 0.011290424408047686
302.001425 0.07000141702786591 0.011189757072826184
302.996817 0.06827242786386736 0.010638052260283509
304.002467 0.06899241981849924 0.010467397646915804
305.006672 0.06801898836448979 0.010117004067790902
305.995545 0.06555178405058032 0.009577233508452337
306.999746 0.06663637951492879 0.009511748702872863
308.000366 0.06412049789443763 0.009005630096835747
308.999112 0.06112281740573192 0.008460035695725945
309.999287 0.06074042272170816 0.008253591379201541
311.009684 0.059044796056988806 0.00790004882593606
311.993472 0.057293163669136685 0.007552068574504352
313.00276 0.056228399702432354 0.007306533429463919
313.997283 0.0552446292563354 0.007085957962324636
315.004207 0.05446160986866604 0.0069144618818423155
316.008309 0.05325423117619278 0.006715123042859005
316.994681 0.05274493591240457 0.006613818029601958
318.000797 0.05212513126639835 0.006512168400466741
318.99297 0.05206520164527274 0.006486304105023604
320.020145 0.05383688906422808 0.0060907275850105615
325.000229 0.05316635637516309 0.006015133663845423
329.994387 0.0529268797635989 0.005990391174925774
334.985429 0.05200126835158162 0.005885014248594972
339.990573 0.05116603822477573 0.005788000740523536
345.011399 0.050219045974595325 0.005679675588636753
350.011726 0.04976231367704742 0.005628908161091
355.0095 0.051271066402343225 0.005798150258280749
359.991479 0.052123163698451956 0.005891981219863361
364.969922 0.04893769082762537 0.005532210733808538
370.000425 0.049412120021766245 0.0055846047330999045
375.047261 0.048870252592058065 0.005522955109256022
379.98362 0.04838831747710305 0.005467484161291955
384.973373 0.04783604480854319 0.005403549972778874
389.996512 0.04731630773496309 0.0053433386598628835
395.014079 0.04667205669198707 0.005269709485783005
400.038301 0.045922560492989525 0.005184942424727833
404.972069 0.04515996617813085 0.005100091268703347
409.993262 0.04523947845257776 0.005108412226261286
414.971212 0.04478184875966249 0.005057324986806528
420.031449 0.04433146587507464 0.005004245842992261
425.01166 0.04328252016249826 0.004883595008654103
429.975153 0.0423954303366591 0.004781832174207371
434.975955 0.0417411546551482 0.004706703442124502
440.007838 0.04123592309446953 0.004648727737796819
445.044544 0.040648362923152506 0.004581941064302383
449.987718 0.040024121136010116 0.004511097408800756
454.979673 0.040002499415482465 0.004508385582170069
460.002793 0.04245465251235548 0.004783389149377767
464.96968 0.043401744268337324 0.00488936320175591
470.020947 0.04430648212838006 0.004990668854598381
475.01878 0.04486640223490923 0.005053347689488965
480.018859 0.04952978378142225 0.005576752171596889
484.975951 0.06008557364159227 0.006761734851506503
489.98115 0.06798407768427737 0.007648307188298255
494.989705 0.07629005461269392 0.008580680249918378
499.985308 0.08242342788108703 0.009269126451183274
505.014899 0.08940452405693769 0.010052882858060583
510.030728 0.09599915924734914 0.010793433762585243
514.988011 0.10280618917535314 0.011558062052443767
520.009689 0.10826780464975243 0.012171838426187596
524.972512 0.11202876791585055 0.01259498555175717
530.012566 0.1130934949723556 0.012715256397185834
534.977935 0.11221296829804554 0.012615194736756215
540.003514 0.11136654448515569 0.01251907845274807
545.024797 0.14132584434944337 0.01588248144515346
550.023671 0.15426998339495868 0.01733697085223304
554.968545 0.14128799969278114 0.01587818036174865
559.993059 0.13901330562191547 0.015620962797646925
564.978835 0.14344627841342014 0.01611738800841499
569.988904 0.14642461618582742 0.016450775234939714
575.02086 0.14672362449677678 0.016483607288061457
580.031737 0.1407641903204787 0.015814093757668492
584.98625 0.13777367188662787 0.015478026236208862
590.003846 0.13614407408368134 0.015294601930620363
594.971279 0.1352284040814066 0.015191238787988639
600.008056 0.13552033249993622 0.015223587353389098
604.976258 0.13596461738907037 0.015272962453752295
610.034762 0.13569501408220694 0.015242341910815402
615.009409 0.1344316388064204 0.01510027307321497
619.994173 0.13309134796876007 0.014949564291456174
625.004716 0.13221180560953583 0.014850474663750042
629.974906 0.1316499220432832 0.014786835709123806
634.992144 0.13132487953756758 0.014749502842269552
640.006405 0.1311432607383224 0.014728568717112872
645.01622 0.1308233177015531 0.01469242925961124
650.008286 0.13028346073043792 0.014631627637383602
654.99548 0.12956741088537965 0.014550995939376877
660.00473 0.1288534692112464 0.01447055257957649
664.968154 0.1282260785280498 0.014399895360792956
669.985919 0.12789684375502022 0.014362725379575123
675.017386 0.1286152973280055 0.014443149929141898
680.010887 0.13181011315488375 0.014801641378590207
685.042555 0.129667198203087 0.014560920469214197
689.983495 0.13059657003287592 0.014665116120017078
694.978079 0.1314758988494647 0.01476367527559008
699.992276 0.13241444306588718 0.014868928141838555
704.989918 0.1328198840390538 0.014914300646307554
710.014895 0.13207923249344664 0.01483106925145832
715.020655 0.13225316129588915 0.014850471584124362
720.015315 0.13140181645664437 0.01475490838364898
724.986068 0.1312361628239268 0.014736211389375324
729.989553 0.13152084425190355 0.014768120022069849
734.973235 0.13158090232119704 0.014774803638420198
739.990802 0.13184231819750178 0.014804067923442661
745.020485 0.1315409311306207 0.014770160927128382
750.014201 0.1305638376543951 0.014660353475604015
755.007588 0.12967377450862197 0.014560338752561389
760.009017 0.1287234275933662 0.014453584271180858
765.002418 0.1278464524121361 0.014355102489242563
769.994037 0.12713108368192555 0.0142747635619236
774.985965 0.12630978597483822 0.014182507861316432
779.986892 0.1257373459251516 0.01411816404572597
784.997673 0.12524808674941826 0.014063154247493838
790.00474 0.12478545610511677 0.014011168787665894
795.010797 0.12434242684373287 0.013961392778855438
800.004566 0.12373707776822314 0.013893412420328944
805.018949 0.12303533237214 0.013814621200169104
810.00715 0.12239656059713379 0.013742906335233864
814.993589 0.12166751400508105 0.013661057837033749
819.991555 0.12112622509020561 0.013600283378190931
824.982511 0.12071864166818037 0.013554513899768021
829.987993 0.12050558664617082 0.013530582933013237
835.009146 0.12064131086325591 0.013545809321012858
839.997421 0.12123585848961196 0.013612544578202369
844.993861 0.12115968124970299 0.013603983979807114
850.009814 0.1196895039318482 0.0134389336328826
855.017357 0.1183826637533359 0.013292227563947658
859.998457 0.11735889009437171 0.01317729710151809
864.991589 0.1164822886574883 0.013078882037484132
869.997566 0.11571911048078103 0.012993197766237386
875.001883 0.11521314223380504 0.012936390165954196
879.998268 0.11470255908799952 0.012879064598925202
884.98301 0.11414843411738239 0.0128168436128094
890.008813 0.11352907453258569 0.012747312256702514
894.994513 0.11295253195718984 0.012682573139524644
900.000124 0.11235718262844342 0.012615731499134685
904.986702 0.11161677672651285 0.012532609958652942
909.998975 0.11076061109912094 0.012436490209654514
915.003631 0.10996937402776231 0.01234765792955714
919.985965 0.10922114542124098 0.012263658601600303
924.999912 0.10851435673723085 0.012184327364127457
929.979064 0.10784199686609607 0.012108853785063468
935.004122 0.10720230082524261 0.012037047692832144
940.00293 0.10668127579325362 0.011978586126956755
944.985473 0.10613732664011562 0.011917544829154695
949.987289 0.10546829844241012 0.01184245396883774
955.004872 0.10480783595484684 0.011768330530271131
959.984681 0.10423140751542462 0.011703642182725432
965.008117 0.10363327429825506 0.01163651846336289
970.006191 0.10297921512723611 0.011563104538240979
974.992563 0.10233305388415018 0.011490580534770286
979.984639 0.10168282174644087 0.011417598299124802
984.988206 0.10108878067183934 0.011350928677498909
990.00764 0.1004802021696216 0.011282628196370641
994.99507 0.09984592421090986 0.011211444499386646
1000.00254 0.09925824991420343 0.011145493176479835
1004.99903 0.09863894809643342 0.011075996390884175
1009.97857 0.09805366397027834 0.011010318021649727
1014.98798 0.0974669713564291 0.010944482998061136
1020.01217 0.09689632282601064 0.010880449271221868
1024.99119 0.09635363262627569 0.010819552745622931
1029.99355 0.09580659726536248 0.01075817659679245
1035.00027 0.0952464156277417 0.01069533290574851
1039.99158 0.09470234889570173 0.010634296523034837
1044.99316 0.09414331771363901 0.010571586419733329
1049.99879 0.09362637739001521 0.01051360909349954
1054.98307 0.0930194040587972 0.010445504529993948
1059.9898 0.09237623165664494 0.010373318875968708
1065.00186 0.09172895545008161 0.010300708135291861
1069.99179 0.0910470182041449 0.01022419839673612
1075.04806 0.09035166851519989 0.010146192188182338
1079.96799 0.08966740466313675 0.010069443580842172
1085.01002 0.08902450821846657 0.009997341496777003
1089.98407 0.08826036032825968 0.00991161535792109
1095.01779 0.08750408911663794 0.009826778877165912
1099.9902 0.08675201384769395 0.009742426397287864
1104.99078 0.08606344543408365 0.009665193416727783
1110.03283 0.08534847645075538 0.009585005848563458
1114.96937 0.08462744672160366 0.009504146686420883
1119.99826 0.0838979506305001 0.009422344723801459
1124.9957 0.08319868971410045 0.009343930504351323
1130.00309 0.08251494908520818 0.009267268511212286
1135.00325 0.08180632616915856 0.009187823170414586
1139.97025 0.08110358281626948 0.00910904693205743
1145.02285 0.08043401375551901 0.009034002791973667
1149.9847 0.07973842771030963 0.008956053724662173
1154.99533 0.07902760151431333 0.00887641887694524
1160.00598 0.0781107110669174 0.008773706863109458
1164.99564 0.07733325952566474 0.008686757448759219
1170.00327 0.07659701383571309 0.00860448218959598
1175.01652 0.07582546510359306 0.008518298260382466
1179.98616 0.07505014004093602 0.008431749092323885
1185.02397 0.074247584441317 0.00834221006739162
1189.98797 0.07335737951708564 0.00824291247792821
1194.98038 0.0725368012588798 0.008151531262416679
1200.02107 0.07133748869680655 0.008082007727253464
1204.99552 0.07070414515564219 0.008011805050091992
1210.01395 0.07017457550240504 0.007953400565391852
1214.99177 0.0697050058494081 0.007901841104299551
1220.00911 0.06915807811084786 0.007841775332360548
1224.98074 0.06868897823837342 0.007790608809020228
1230.0091 0.0683257192325697 0.007751512861760046
1234.99822 0.06769873851008389 0.007682954072244028
1240.002 0.06723669978381364 0.007633154738251219
1245.00048 0.06682000299605997 0.00758867018962951
1249.99478 0.06634949911752075 0.0075383934312690335
1255.00113 0.06603132592737154 0.007505598568382172
1259.98199 0.06550957722564858 0.007450302208058279
1264.99806 0.06512193170364078 0.007410204366821518
1269.99377 0.06464174773798305 0.007359720307069612
1274.98815 0.06413043674524664 0.007306010030914703
1280.01518 0.06375901818565721 0.007268370859624664
1284.99089 0.06345260249373363 0.007238127170814457
1290.00592 0.06283015018107575 0.007172883946984132
1294.97246 0.06245874104367252 0.007136396610864599
1299.99834 0.061994180254699084 0.0070898444701036146
1304.96816 0.06172908063525687 0.007066103112554309
1310.0286 0.061190003997627036 0.007012166065224892
1315.00413 0.06090513632508221 0.006987344327599455
1319.98811 0.06049590696438585 0.006949170578399869
1324.97279 0.06025629792684334 0.006930870508344859
1330.01601 0.059669882261184415 0.006874199126940108
1334.99193 0.05938066198668605 0.006851836976773485
1339.99798 0.05905812840237316 0.006826660593412321
1344.96282 0.0586622579216884 0.006794123908052699
1350.02102 0.05841315839991637 0.006779289732637822
1354.99054 0.05794961670991118 0.006741714250844719
1360.01316 0.05752391059973492 0.006709843304410183
1364.96626 0.05740300462961377 0.006713964836192343
1369.97289 0.05706383388506844 0.006695334126031264
1375.05239 0.05673703566986176 0.006680297261786252
1379.97674 0.05699202583368072 0.006733314469058693
1384.99976 0.056007510591014394 0.006649085721224754
1389.98018 0.05566146329024422 0.0066399233593451325
1394.98712 0.05594725851307288 0.006705742274992818
1400.03514 0.05564701251511023 0.006709135193514699
1404.99589 0.055595218458705534 0.006745055210712473
1409.96995 0.05526951429139869 0.006755092809458561
1415.00151 0.05505957069481914 0.0067836818658146515
1419.98278 0.05448952049257024 0.006779149306244926
1425.02335 0.05451067591228718 0.006847363016950003
1429.99607 0.05421148845016841 0.006889852742627645
1434.9938 0.055018088797491774 0.007065583542854473
1439.98869 0.05423159730199414 0.00707409440844516
1445.02692 0.054476950688424314 0.007211223433415926
1449.97348 0.05430759384662307 0.007318713723604943
1454.98126 0.054435289826029756 0.007476181044476162
1460.00977 0.05458342250555664 0.007654569294614611
1464.98516 0.05586203162765874 0.007991373773232774
1469.99232 0.05517026453710465 0.008130880309818761
1475.00655 0.055603272301036656 0.008426237031458892
1479.98191 0.05641126156497296 0.008816347201253094
1485.0248 0.058363759212835646 0.009379017264641961
1490.00415 0.055204523823184005 0.009373289826914767
1495.00937 0.060152539546246435 0.010385213548289805