photon_energy_eV    total_yield    yield_error
5.30001283 7.312413934834261e-06 1.733635134015454e-05
5.60001049 1.6140405665461845e-06 1.1178056766677978e-05
5.89999233 3.2243833438877594e-05 2.247788136465349e-05
9.40000309 9.11598532278483e-06 1.5225383597914522e-05
9.49999223 1.527222028700518e-05 1.5533239142988068e-05
9.59999227 7.508662407933372e-06 1.5439419860201218e-05
9.7000283 2.6359271132246367e-05 1.6521493992871826e-05
9.80002824 4.4436819547881205e-05 1.838745369756932e-05
9.89998077 7.093578691509119e-05 2.1942680174195647e-05
10.1000329 0.0001031936575869975 2.737299219982672e-05
10.1999711 0.00011040398423884304 2.8796585136466705e-05
10.300008 0.00012515204600145705 3.149601368037837e-05
10.4000022 0.00015890563337541913 3.7682170890948185e-05
10.5000108 0.0001568445922260094 3.7413991263979966e-05
10.6000055 0.00018323204949834094 4.2444072758116015e-05
10.700033 0.00022882428423016908 5.132794812309478e-05
10.8000121 0.00026625007515281783 5.8811741405981614e-05
10.8999934 0.0002826224726644568 6.221669493913779e-05
11.000004 0.0003095565262956046 6.778052274090565e-05
11.1000039 0.00037592689807679273 8.132887763524748e-05
11.2000138 0.00047277384913984227 0.00010120559635963655
11.2999222 0.0005159223205275084 0.00011022669147067512
11.400036 0.0005937997791614511 0.00012642850276445636
11.5000373 0.0007668837775879426 0.0001623512954458667
11.5999501 0.0009317193583532174 0.00019678162066408337
11.7000368 0.0012552278636713571 0.0002644823582483762
11.7999995 0.0015636540462217465 0.0003320655016670134
12.0000177 0.00025207660947295935 0.00045929351074141584
12.0999767 0.000985770343953066 0.00041654313509661013
12.1999852 0.0008389518452312553 0.0003389795824873088
12.3000162 0.0011786563012305665 0.0003101271025224738
12.3999921 0.001185645744494151 0.0002876068575462267
12.4999467 0.001776769135261227 0.0003434530650383517
12.6000597 0.0014484099404605253 0.0003101702433739217
12.6999307 0.0015739329161070816 0.0003309343449938462
12.8000185 0.0015383143357848902 0.0003375175558823971
12.9000645 0.001983474056419892 0.00038982773404189994
12.9998912 0.0018206036154420088 0.00037103067253523936
13.1001111 0.001975033661164798 0.00037786783979248544
13.1999516 0.0021149555399096434 0.00038081689886321245
13.3000391 0.005194508964792986 0.0007985964455001084
13.3999979 0.002454539156660823 0.00040391933598222417
13.4999514 0.0022781933329516914 0.0003733596074808397
13.6000318 0.0026213037455698105 0.0004172819302799658
13.6999352 0.0027784790346780234 0.0004383204392003563
13.8000567 0.0027562314694823888 0.0004351849122714062
13.8999945 0.002648292427533869 0.0004209901314203504
13.9999968 0.002968675141831578 0.00046761037346131903
14.0998888 0.0030713898904794917 0.0004824626433274078
14.200096 0.0032362167770872688 0.000505277722749205
14.2999998 0.0031802063533140495 0.0004955821300112605
14.3999975 0.0033718252810847715 0.0005206866995328383
14.4999947 0.003566078641737251 0.0005465396627190735
14.5998924 0.003536524586897066 0.0005400961022894099
14.7000813 0.003594776150069918 0.0005468068591515523
14.8000258 0.003575690563054878 0.0005427793993545006
14.8999961 0.003733047497814648 0.0005651505898249181
14.9999471 0.00368003976600494 0.0005569761390043281
15.0999997 0.0037771809787226444 0.0005711074753146074
15.2000745 0.003638441713948605 0.0005506127310257489
15.2999924 0.003658104484384765 0.0005535404158079417
15.3999729 0.003774246550004454 0.0005705925413074909
15.4999926 0.003708398629317155 0.0005605858012242085
15.6000472 0.0037108401165896277 0.0005605055465473363
15.6999717 0.0036655555987681774 0.0005532847516306074
15.8000218 0.003837365931390559 0.0005781824925569386
15.8999711 0.0037952728952904587 0.0005715248350786528
16.0000424 0.003802596434194068 0.000572381354086469
16.0999833 0.003757561671419705 0.0005657386106585207
16.1999581 0.003591509672838808 0.0005414618830890482
16.2999882 0.0035855678037108605 0.0005413011745641752
16.3999864 0.003483563933115019 0.0005276568008877677
16.5000623 0.0034068095998128615 0.0005203254888305913
16.5999935 0.0033453810540099676 0.0005338093782823366
16.7000029 0.004365766726405989 0.0006670962939588532
16.8000485 0.004611646980669753 0.000701504458396243
16.8998996 0.004106698715855899 0.0006259972649384893
17.0001181 0.0043099798797301145 0.000654367344598287
17.0999553 0.004181633000231526 0.0006342950900827574
17.1999567 0.004169038288237347 0.0006311672388713505
17.2999851 0.003939887170160788 0.000596378319117493
17.3999961 0.003897300706622406 0.0005889296515607376
17.4999941 0.0036792093491097738 0.0005556819233778276
17.6000342 0.0037508733311238467 0.0005653351521880021
17.7000727 0.003531644646630324 0.0005320179873259512
17.7998827 0.003527392566976989 0.0005306318426449946
17.900013 0.0033717256655272088 0.000506839463020141
18.0000583 0.0033002167057090944 0.0004956065987736583
18.09997 0.0031595361047924747 0.00047417974420035106
18.1999955 0.003157765692043013 0.00047366485380645197
18.2999559 0.0030608912069946784 0.00045913368104920176
18.4000798 0.0029177360821622117 0.0004376604123243318
18.4999909 0.00284492646182395 0.00042673896927359245
18.6000034 0.003409864979107304 0.0005114797468660957
18.7000458 0.002685892319807158 0.00040288384797107366
18.7999861 0.002559352783871446 0.00038390291758071696
18.8999495 0.002501845314156963 0.0003752767971235445
19.0000082 0.002425832452863163 0.0003638748679294745
19.0999991 0.002352815206019368 0.00035292228090290525
19.2000238 0.0022634181609707225 0.0003395127241456084
19.2999755 0.0021973512380975197 0.000329602685714628
19.4000198 0.002188073318419753 0.00032821099776296297
19.499926 0.002083232804503976 0.0003124849206755964
19.6000503 0.00202648428529834 0.000303972642794751
19.6999713 0.0019814304682563067 0.000297214570238446
19.7999553 0.0019316860413556554 0.0002897529062033483
19.8999885 0.0018874029171806847 0.0002831104375771027
19.9999916 0.0018316861611315214 0.0002747529241697281
20.1000475 0.0017957245418533333 0.000269358681278
20.1999425 0.0017515157362158226 0.00026272736043237343
20.2999936 0.0016912715505928994 0.000253690732588935
20.3999865 0.00164486922344693 0.0002467303835170395
20.5000422 0.0016039513365161808 0.00024059270047742712
20.5999051 0.0015678724688485508 0.00023518087032728264
20.7000105 0.0015427137579592468 0.000231407063693887
20.8000682 0.001501356414155001 0.00022520346212325017
20.8999558 0.001467816228627715 0.00022017243429415728
21.0000145 0.0014381996725645197 0.00021572995088467797
21.1000537 0.0013989985673108626 0.00020984978509662938
21.2000222 0.0013674172371239428 0.00020511258556859142
21.3000156 0.0013327981980631575 0.0001999197297094736
21.3999838 0.0013117359363641224 0.00019676039045461835
21.4999882 0.001284069974458868 0.00019261049616883024
21.5999785 0.0012552939316462194 0.00018829408974693293
21.7000567 0.00122928162377268 0.00018439224356590198
21.8000958 0.0012077138335447732 0.00018115707503171596
21.8998465 0.0011824423689832156 0.00017736635534748232
22.0001188 0.0011552974305188526 0.0001732946145778279
22.0998767 0.001133284031413628 0.00016999260471204421
22.2001005 0.0011111680316636008 0.00016667520474954016
22.2999371 0.0010855425594559077 0.00016283138391838615
22.3999786 0.0010682756866933051 0.00016024135300399578
22.5000531 0.001049195246387453 0.00015737928695811797
22.5998154 0.0010302756509192332 0.000154541347637885
22.7000874 0.001011905110297736 0.0001517857665446604
22.8000637 0.000997715712031656 0.00014965735680474843
22.8999389 0.000979277697823258 0.0001468916546734887
23.0000013 0.000964092970659261 0.00014461394559888918
23.0999827 0.0009548103368632114 0.00014322155052948175
23.1999136 0.0009420075105299971 0.00014130112657949958
23.300003 0.0009327688322506871 0.00013991532483760306
23.3997069 0.0009251686725863459 0.0001387753008879519
23.6000583 0.0011426042848595274 0.00017953504727590455
23.7001032 0.001139571506470046 0.0001786841461264465
23.7998891 0.0011182884637885389 0.00017530587766135554
23.8999587 0.0011175742055002382 0.00017495692724299754
24.0000731 0.0011005677166609337 0.00017235439695598793
24.0998434 0.0010951485349217757 0.00017148472687171604
24.2001116 0.0010934582525165208 0.00017123294551043343
24.2998183 0.0010939482105963528 0.00017135994959632564
24.4000094 0.001088964976439226 0.00017075242024486057
24.4999021 0.0010908762158207542 0.00017120175411804668
24.6002699 0.0010924803460058276 0.00017165738669473187
24.7001173 0.0010951143677326092 0.00017224238595964645
24.8000749 0.0010916981577750945 0.00017199960857980777
24.8997303 0.0011025703656623183 0.00017374783534045154
25.0000876 0.0011025750427474906 0.00017399115104832087
25.0999187 0.0011075261269171818 0.00017481779224138457
25.1998757 0.00110319196876725 0.0001743409557098105
25.3001089 0.0010987976384830218 0.00017380311182300836
25.4000356 0.00110186033611541 0.00017427885257592055
25.4999046 0.0011011564442064505 0.00017414365914032503
25.6001336 0.0010970377059264745 0.0001734836739212033
25.6998583 0.0010981094438174735 0.00017358025232658232
25.8000367 0.001086277077770184 0.00017174584579250098
25.9000672 0.00109026217372682 0.00017220574911658754
25.9999926 0.001079724226372748 0.00017056185397178503
26.100024 0.0010761375144876534 0.00016996863908788892
26.1998185 0.001082453077409193 0.0001707638551278419
26.3002095 0.0010877981695033615 0.00017144328844426898
26.4000629 0.00108282121923991 0.00017073299511359498
26.4999314 0.0010715963881992288 0.00016910258423535443
26.6001536 0.0011372934368348772 0.0001784292360897172
26.699797 0.0010816900954394718 0.00017066939779099928
26.8001309 0.001082405814793994 0.00017085064808230018
26.9000393 0.0010855898069686998 0.0001714967165363863
26.9999804 0.001082519727002331 0.00017122834139191297
27.1000068 0.001092707074688161 0.0001728678636748454
27.1999307 0.0010970066348022693 0.0001736733426569947
27.3000462 0.0011030169279236813 0.0001747806027455599
27.3999811 0.001111678355121943 0.00017622012867763405
27.4999088 0.001110284364463307 0.00017624965399574746
27.6000079 0.0011048958124736327 0.0001756975776821309
27.7000232 0.0011195532468649626 0.00017795530458025234
27.799945 0.0011213971439595525 0.00017836992060494576
27.9001451 0.0011187217670639174 0.00017817721768848048
28.0000451 0.001130960439146868 0.0001800261633246077
28.0996308 0.0011235065298585561 0.00017907241186071723
28.2003172 0.0011235059847793931 0.0001791424863290947
28.3000261 0.0011243958938268218 0.00017923839788433355
28.3999155 0.0011196170438329137 0.00017850890076801968
28.4999151 0.001116261613018928 0.0001779390465625704
28.6000198 0.0011149608851204315 0.00017763871368610057
28.7001572 0.0011090342768886414 0.000176605701736279
28.7999139 0.0011174639350280317 0.0001776132030845306
28.9000935 0.0011007895359500118 0.00017500241121771562
28.9999415 0.001100944429847033 0.0001747598527296983
29.1000668 0.0010885926895520212 0.00017275689341011364
29.1999801 0.0010783558558732193 0.000170980907539961
29.3001609 0.0010673749446605423 0.00016909323453772842
29.3999721 0.001062937522064165 0.0001681141306656982
29.4999678 0.0010611942330786125 0.0001675203949730728
29.5998585 0.0010558355425873594 0.00016639823877981916
29.7001397 0.0010387022764404832 0.00016361327273613398
29.8000142 0.0010278941967645661 0.0001617308556686428
29.8995399 0.0010181507200606543 0.00015997491368518723