photon_energy_eV    total_yield    yield_error
4.099998229999999 8.25450330136119e-07 0.000566533119725282
4.199986429999999 3.7640221272914257e-06 0.0006086533043187288
4.30000303 1.5436098308454472e-05 0.000517934407081741
4.399996179999999 8.5665301747107e-06 0.000337721794420875
4.49999998 1.4688262477918023e-05 0.0002597072590023099
4.600002969999999 8.511561790035004e-06 0.00045710646730641534
4.70000045 8.429068133557154e-06 0.0019125857324544012
4.800002519999999 9.326898518267166e-06 0.0002730542736271128
4.899997229999999 4.573731581447905e-06 0.00021555962644852255
4.99999214 5.9393703674816965e-08 0.0001382017358621893
5.100005510000001 1.0247708851226653e-06 0.00010230387217819821
5.200004200000001 1.6505849286255694e-05 0.00010280400071672021
5.299992179999999 4.0107962774245097e-07 9.12388497547553e-05
5.40000935 5.323804732243393e-06 0.00010081058305720484
5.4999905899999995 1.5530377290885775e-05 0.00010968974430953352
5.60000792 2.850195300415095e-06 9.555974974157224e-05
5.700005759999999 7.2658002607776665e-06 3.0775481328726946e-05
5.799998119999998 5.365975196860178e-06 2.181554880347788e-05
5.9000008699999995 5.364612474771406e-06 2.331057053514745e-05
5.999998219999999 8.341479571402197e-08 1.3760286787229055e-05
6.100002900000001 7.5337295733697375e-06 1.060170433494836e-05
6.200003590000001 1.60223942395862e-05 1.045571055658805e-05
6.299995439999998 8.038286334167903e-06 1.444670232187374e-05
6.39997375 2.4558611771780367e-05 1.859258858938835e-05
6.4999883999999994 2.967669409764843e-05 1.9612942414109525e-05
6.600034149999999 2.761956117579967e-05 1.156032715440166e-05
6.699982029999998 3.419063500974685e-05 1.035130299432244e-05
6.7999984699999985 4.1910425983909615e-05 1.0238841223651997e-05
6.899990979999999 5.1164851055136174e-05 1.7581234647111348e-05
7.000011989999999 7.001532856643803e-05 2.8951692201490538e-05
7.100000189999999 7.357156439566375e-05 2.7802226824182317e-05
7.19999193 7.624956317229842e-05 2.597870090268296e-05
7.30000886 9.621917276431767e-05 2.816028159105493e-05
7.40000122 0.0001266672575792605 3.4072746426194476e-05
7.499993729999999 0.0001433275055827613 4.08767372033457e-05
7.50000292 0.00016745225104947562 3.483360148919111e-05
7.599963569999998 0.00020407168119991977 4.000104085947102e-05
7.7000028899999995 0.0002574632805971511 4.772796418409146e-05
7.80002553 0.00027003166568081543 4.780766047923736e-05
7.900002719999998 0.00038368234154482236 6.521298633202151e-05
7.999991879999999 0.0005609689401964688 9.123112351574174e-05
8.10000797 0.0006657239330613101 0.00010552953181047928
8.20000636 0.000803748264542125 0.00012405551204622983
8.299959549999999 0.0009652279021223278 0.00014589927909315173
8.40001498 0.001178759205878285 0.00017396393277010412
8.50000825 0.0014280731047638883 0.0002065869861616601
8.59999883 0.0017768612663256746 0.0002524358348790142
8.7000005 0.0022709152823265407 0.0003175631404684903
8.80000062 0.002899810513436081 0.0003999386383926857
8.90000212 0.003738619315461607 0.0005096927404693559
8.999952329999998 0.004715475525216951 0.000635637869413342
9.100034239999998 0.005907035804532584 0.0007887476196111476
9.20000805 0.0073147023922087865 0.0009675789365350154
9.29996205 0.00902596630645706 0.0011838584211717146
9.400024749999996 0.01093584503841451 0.0014213290310073844
9.4999996 0.01328736910510548 0.0017150289153715016
9.600007329999999 0.01584334097882095 0.0020309896159089696
9.700012929999996 0.01886018521811314 0.002405776168929276
9.79999685 0.02219213848684684 0.002820535695318728
9.900004800000001 0.02581650425528055 0.0032739333300987735
9.99999084 0.029760535543091434 0.0037695177178418155
10.0999745 0.034784185534420343 0.0044182860253359916
10.199979599999999 0.04035829160617096 0.0051487514476227896
10.2999993 0.046212334392146885 0.005928435901889135
10.400046399999999 0.049503125280284575 0.006364032023364513
10.499992799999998 0.056567626519229815 0.007260109498446048
10.599996299999999 0.061405712951775986 0.007850749527599557
10.699995599999998 0.0653961985817358 0.00833446872460955
10.8000216 0.06874178015679716 0.008740305974129097
10.9000031 0.07304610260683882 0.00929268120367325
11.000004 0.07821935593121886 0.009974256168885474
11.1000139 0.08355615568630599 0.01068245709815749
11.1999933 0.0901314010128038 0.011573784146432354
11.2999744 0.09704629798276782 0.012524662873739843
11.399961699999999 0.10469205993670702 0.0208517006989982
11.500004900000002 0.11231614663666789 0.028203140762956606
11.600038100000003 0.12168702996071444 0.021543452182926626
11.6999921 0.1315169249071875 0.01884321944098625
11.700003299999997 0.1716618598855344 0.030841236816442245
11.800033599999999 0.12294727894276092 0.04957282476029566
11.900006899999998 0.15405250211568913 0.05838417730000342
11.9999824 0.1452558791812338 0.05823042828139424
12.100000699999997 0.1581337806606428 0.05933037335518973
12.2000095 0.16416456583627087 0.061371381001898095
12.300028500000002 0.17199444394182647 0.057689060985732
12.400004700000002 0.180616662207966 0.04795737099972021
12.4999978 0.1879498393906063 0.05171866723360314
12.5999818 0.1958123466926549 0.06482779114946643
12.6999702 0.19971477958611084 0.06441232521756066
12.8000319 0.20593608449827858 0.07018584771895345
12.900010099999996 0.21312261526125179 0.052433651434707206
12.999946499999997 0.21391335344120174 0.06045861539028025
13.100054999999998 0.2240382636131911 0.057353424964056064
13.1999943 0.2319059700501045 0.054086830475811656
13.3000391 0.2205748777580531 0.06729684778451293
13.399997899999999 0.2279639643934903 0.07474620179996055
13.4999663 0.2304588847841865 0.06489681658995138
13.600031799999998 0.2338335947123939 0.06268428832879534
13.699996599999999 0.23128414832035335 0.05974217256903303
13.800009999999999 0.22385558930728827 0.05602154508758878
13.899931399999998 0.23725473414622283 0.06505791735496509
14.0000609 0.23444774846238361 0.0633290791074846
14.1000188 0.23439650843341478 0.06166206473919231
14.199980699999998 0.23198058872995442 0.05711724776396855
14.300016499999998 0.23462636544662316 0.054239337179008515
14.3998958 0.22730705446997032 0.047210585663849655
14.500097799999997 0.2281417853297676 0.04434839417297324
14.599979499999998 0.23164539026121664 0.04289449810192306
14.699904699999998 0.22906934777406085 0.04035134292079356
14.800115299999996 0.2243011448494843 0.03809442638829054
14.899941599999998 0.22848110360453672 0.03863968356472871
15.000038999999996 0.22805817428463668 0.038431198153401624
15.100018399999996 0.2175989171418044 0.03594678749312691
15.200036699999998 0.21906856320377974 0.03637306779856829
15.299915899999998 0.22213010905643482 0.037161363448041114
15.400069800000002 0.21448185447782467 0.035105000173978974
15.500012199999997 0.21245232608685113 0.034297791710537935
15.600007399999999 0.21249429524367341 0.033841878457064115
15.700012 0.20295419434878212 0.03129741843546834
15.800021799999996 0.20318759740164857 0.03103631339634535
15.899971099999997 0.2012621217032635 0.030519424631460096
16.0000006 0.1954191341870051 0.02947765986692203
16.100046799999998 0.19588006571533048 0.03008340365858705
16.1999796 0.189068634080029 0.02958164779252196
16.300009899999996 0.20832641895076123 0.06270607771535114
16.400008399999997 0.2064278287612972 0.05708149400458784
16.4999511 0.19930009434843457 0.04951665819130842
16.600016 0.2023658607335453 0.04802323384224847
16.7000029 0.1975822938225161 0.04379441453766791
16.800025400000003 0.1991408573601861 0.0424784513245113
16.899922899999993 0.1919643139174816 0.03829965889437091
16.9999764 0.19159563175778532 0.036629597229479276
17.0999314 0.18392826944758778 0.03322180097220325
17.200029200000003 0.18027847953391973 0.031362222587583616
17.300034 0.17862440950598166 0.0299821642607307
17.399996100000003 0.17457425975110138 0.028190362800685875
17.500069100000005 0.1707971490996347 0.0267159925887924
17.600008900000002 0.16482268132860994 0.024854221341184715
17.699944700000003 0.16436118305911523 0.024201999767424848
17.7999862 0.15927684823049695 0.02278698653034085
17.9000654 0.15691635436401707 0.021910541154894228
17.999978899999995 0.15350444124227122 0.020952835570518958
18.1000503 0.15077174735254362 0.02015846372148671
18.2000226 0.14716848573494998 0.019305013485377134
18.2999833 0.14464795816858544 0.018667916664856503
18.4000245 0.1420843076768743 0.018075172897505026
18.4999629 0.13832143941449412 0.01736383061858483
18.600031599999998 0.13631240877272494 0.01692799809054181
18.6999887 0.13339957894430662 0.01640237674395138
18.7999572 0.13077843513371462 0.01594334182066418
18.9000371 0.12837468153683002 0.015533866290356194
18.9999787 0.12612824922730162 0.015160471910146175
19.100028900000005 0.12387372533083453 0.014801073267459268
19.1999937 0.12180846689755477 0.014475288683848187
19.300005899999995 0.11973762083253577 0.014158114091108065
19.3999583 0.11772364345786389 0.013855162677610755
19.500019200000004 0.11559913607854752 0.013546845953297849
19.6000189 0.11379518773725746 0.013285939362366118
19.699971300000005 0.11212983574500285 0.013047731669242557
19.800019300000002 0.1105711022072765 0.012828619481595178
19.8997943 0.10903403805352796 0.01261735754025341
20.0001223 0.10748211013447943 0.012409342098927037
20.1000475 0.10596318298129292 0.012209709429750061
20.1999092 0.10470406583981068 0.012043360328289739
20.2999263 0.10324322411717737 0.011857232949017627
20.4000545 0.10214100910811925 0.011714818934493257
20.50000779999999 0.10091511755944277 0.011560147681357406
20.5999398 0.09982621581086651 0.011423133971986129
20.700115500000003 0.09867331978757571 0.011279910123537329
20.7998208 0.09768570447062692 0.011157158192954592
20.9002056 0.09664433528758579 0.011028912711850723
20.9999425 0.09568180951268224 0.01091111000650426
21.1000537 0.09486969648060485 0.010811056946340948
21.1998753 0.0940740475911495 0.010713569639048083
21.3000527 0.09334958493849715 0.010625060662577027
21.399908899999996 0.09272487967231667 0.010548450194275963
21.4999882 0.0921219261155074 0.010474714068304209
21.6000929 0.09156439759848674 0.010406621991695142
21.6998259 0.09114156598187671 0.01035426332585122
21.800018099999996 0.09071124206307687 0.010301290586650429
21.900081599999996 0.09039836603603087 0.010262230800072832
21.9999606 0.0901127911451039 0.010226407545767134
22.1000364 0.08992089280759437 0.010201621656113359
22.20002 0.0897757134085936 0.010182359356523948
22.299977700000003 0.08968568713597024 0.01016981725408744
22.399978599999994 0.08979912054858004 0.010180575850850996
22.4999704 0.08980233672176177 0.010179166169022548
22.599940599999996 0.08997435944725697 0.010197347857468876
22.7000453 0.09018776774428636 0.010220538684577127
22.800106099999997 0.09027806110830672 0.010230249474010947
22.899896 0.09059459375184174 0.010266254327858668
22.9999581 0.09090885599419196 0.010302712236955471
23.0996775 0.08498316613847251 0.009556642962041787
23.2000015 0.08514892220618835 0.009575260380846601
23.2999586 0.08547209075306281 0.009611572480289304
23.4000201 0.08567598417146356 0.009634486498520488
23.5000422 0.085977269534658 0.009668395203771987
23.600058299999997 0.0860095508299661 0.009672070008429071
23.699919699999995 0.08611780214222893 0.009684419983892033
23.800027999999998 0.08640261644733667 0.009716466460429753
23.899958699999996 0.08657141953459077 0.009735685059505193
23.999884899999998 0.08658769421502387 0.009737578320255198
24.100128099999996 0.0865854686299854 0.009737673646493849
24.199968 0.08662162045908885 0.009741846842574332
24.2997218 0.08671891643739137 0.00975327759864303
24.4001067 0.08666019572640944 0.009746658034456991
24.499951199999995 0.08665701410128634 0.009746804080443807
24.599973199999994 0.08673149800086705 0.009755381814134058
24.7000675 0.08664106591636098 0.00974546295646248
24.8001755 0.0867397714730922 0.009756873111921702
24.899781 0.08670110323703621 0.009752921337704928
24.999883399999998 0.08675726878694039 0.009759456746714829
25.1001761 0.08674011987223328 0.00975762659337364
25.1999795 0.08682917756155431 0.009768035460742674
25.300004299999998 0.08688380497070095 0.009774345199872218
25.399772 0.08689404653152472 0.009775749010603248
25.5001703 0.08700169330626094 0.009787862022962814
25.600079999999995 0.08707030342989422 0.009795880844124878
25.6999123 0.08713170498080755 0.009802994201436668
25.7998735 0.08714779950270564 0.009804967842592154
25.899902799999992 0.08717259901072175 0.00980774601985373
26.0001031 0.0871559911349451 0.00980579244383223
26.099912699999994 0.08712412063300594 0.009802424023892304
26.199986799999998 0.08698424338768809 0.009786765260006583
26.299926899999992 0.08691937311491871 0.009779615608637778
26.400062899999998 0.08678130411499706 0.009764099258869757
26.499816599999992 0.08659652319810518 0.009743471807518738
26.599864499999992 0.08647277081885323 0.009729688696157705
26.7001465 0.08626406931189055 0.009706240677513609
26.8000136 0.08592554731356583 0.009668340373412737
26.899920999999996 0.08559481592371762 0.009631255962150646
26.9996826 0.0852585380186973 0.009593587353055604
27.100066799999993 0.08486454007108193 0.009549396466570421
27.1999307 0.08443556414860322 0.00950130708367248
27.2999244 0.0839725991778343 0.009449395535671687
27.400042499999994 0.0835804677714997 0.0094054663591347
27.499723399999993 0.08315807010002443 0.009358098311967943
27.600007899999998 0.08271607314202008 0.009308598383131484
27.700023199999997 0.08239639601148041 0.00927280979848125
27.799881899999995 0.08203562169217224 0.00923231133440551
27.8999543 0.08169795827734135 0.009194476553134304
27.9999811 0.08150675891922657 0.009173056308870737
28.0998888 0.0812649174814501 0.00914589077994077
28.199927299999995 0.08124752804490633 0.009143971272083575
28.300026099999993 0.08126995796193694 0.009146434905870632
28.3997836 0.08147760714491559 0.00916972356240922
28.5001142 0.08164456081815351 0.009188278764217572
28.599953 0.08182018064911467 0.009207859898159448
28.699820699999997 0.08204733704072574 0.00923306456091947
28.7998461 0.08232056193337517 0.009263595431016297
28.9001617 0.08254584861568941 0.009288439964356682
28.9998728 0.0826288051481373 0.009297423244858138
29.1000668 0.082795499369805 0.009315557342420044
29.1998407 0.08297287056557698 0.009335181692195047
29.299739999999996 0.08303321677467304 0.00934139559620564
29.3999721 0.08309179717663942 0.00934752963546518
29.4998256 0.08311675965262964 0.009349809209106445
29.5999301 0.08302972437959617 0.009339482256440476
29.700067599999993 0.08291459373059631 0.009325989160495624
29.7996514 0.08259829039997561 0.009290106537665143
29.899832100000005 0.08232256095322607 0.009258697313513883
30.000026800000004 0.08184240766639889 0.009204199792885066
30.100080899999995 0.08125237663364895 0.009137537859362685
30.200059399999997 0.0804284530325686 0.009044546768722085
30.299803999999995 0.08553121695151437 0.009618092187099254
30.399756499999995 0.08558723314260956 0.009624209908478782
30.5000667 0.08570987536790893 0.009637820539740893
30.599740199999996 0.085824411823557 0.009650446756208722
30.6999904 0.08595691803680991 0.009665284590151734
30.7999694 0.08610545720722228 0.009681911861752397
30.9000555 0.0862493724028384 0.009697988184595009
30.9996164 0.08621408038851949 0.009694153944925695
31.100453099999996 0.0864132640118318 0.009716350632186462
31.199641199999995 0.08654421776649891 0.009731432853331888
31.299704200000004 0.08670445103226182 0.009749584635177935
31.4003305 0.08690410285755845 0.009772089838269134
31.4994166 0.08708965965626375 0.009793346394981034
31.600109299999996 0.08719762137906814 0.009805552879640357
31.7002981 0.08735184949734785 0.00982322358508911
31.7998021 0.08749925503241975 0.009840265821043616
31.899849600000003 0.08763680102087898 0.009856050693941772
32.000026600000005 0.08784948577049459 0.009880457310677907
32.0998243 0.08801469801059188 0.009899554096260059
32.1998229 0.08821024703387913 0.009922093830976062
32.299849699999996 0.08845549454198166 0.009950285895546886
32.3995563 0.08860075838314249 0.009967334153703565
32.50031189999999 0.08885215276306002 0.009996184061834704
32.59995929999999 0.08901183028277937 0.010014917483811737
32.6995206 0.08916773210528754 0.010033300589379544
32.800131399999984 0.08942858636225598 0.010063378336458458
32.900125 0.08962266203742443 0.010086100390066821
32.9998403 0.08984628437798807 0.010112188865718316
33.09998280000001 0.09003782010077614 0.010134678441194134
33.1998342 0.09021568173206612 0.01015567971977962
33.2999275 0.09035378455500417 0.010172256261021783
33.3998057 0.09050380009790186 0.010190186247637144
33.4999181 0.09073830924210755 0.010217595376094719
33.59970989999999 0.09087761234165347 0.010234509498827612
33.7002836 0.091040097676292 0.010253826235195137
33.7996875 0.09126068593017471 0.010279874893969391
33.9000552 0.09133990272331428 0.010289944998076337
33.99969819999999 0.09150937781438481 0.010310364552969152
34.09992880000001 0.09165306398682031 0.01032760393673405
34.1998918 0.09177060814175683 0.010342108582558341
34.2996736 0.0919432567389395 0.01036288020996935
34.4001361 0.092054670040608 0.01037678489795056
34.49992439999999 0.09215272589230146 0.010389186935206282
34.59990199999999 0.0923404747601743 0.010411792088176233
34.6998704 0.09242284027462999 0.010422525960865951
34.800022299999995 0.09261734138167005 0.010445967644580787
34.89975879999999 0.09271326617788618 0.010458265317966831
34.9997683 0.09281951699939865 0.010471811953427944
35.100352599999994 0.09300454067933647 0.01049419839443563
35.1996943 0.0931817974028 0.010515914083169752
35.299803499999996 0.09328250323328022 0.010528912630911894
35.40007409999999 0.09335950015590648 0.010539232237770363
35.4997833 0.09354119010473473 0.010561430961181787
35.5999521 0.09362870334697236 0.010573057681547227
35.6997506 0.09375567068400187 0.010589114898142212
35.799796 0.09385856113537702 0.010602533489960186
35.8998772 0.0939839289448551 0.010618459991603643
35.99998999999999 0.09406115690198856 0.010628935028525811
36.0999172 0.09418816885233951 0.010645125422422666
36.19997250000001 0.09425895363012526 0.010654875069496403
36.2995072 0.09434234116105643 0.010666234490347275
36.4001321 0.0945157446098259 0.010687522853899638
36.4999013 0.0945493685270356 0.01069318941105128
36.59967150000001 0.09461564436621674 0.010702533114406478
36.7002088 0.09470643181058891 0.010714576891026345
36.799861299999996 0.094742946339937 0.01072068096940256
36.89983399999999 0.09483270079686276 0.010732634205787487
36.9994564 0.09478466617476465 0.01072911466235959
37.10018049999999 0.09491495249919348 0.010745652502198874
37.19987149999999 0.09488718342302198 0.010744521186193347
37.2998722 0.09500401591300868 0.010759778230585255
37.3998406 0.09503241375087136 0.010764924511301115
37.4991972 0.09502648972397883 0.010766343729546199
37.6007004 0.09510492709500061 0.010777152959184823
37.699851 0.09509389447098446 0.010778281663543674
37.8006934 0.09512384404888108 0.010783762636544628
37.900316 0.0951669367161175 0.010790912367262139
38.0007011 0.09513517149919025 0.01078961663807876
38.0996029 0.09519226996844758 0.010798579514403318
38.20069019999999 0.0951214760085631 0.010792840852699357
38.29931869999999 0.0950986405869493 0.010792856278956585
38.400023999999995 0.09510687055213214 0.010796307380128855
38.4998069 0.09500652414842158 0.010787546961174599
38.6005967 0.09504465427112038 0.010794458306573558
38.7011812 0.09499063687157892 0.010790978400655075
38.800323 0.09503237381677636 0.010798640363329776
38.900097699999996 0.09497513801324257 0.010795106959089864
39.000138299999996 0.09500806860887805 0.010801890751640631
39.0998203 0.09489959867603874 0.010792593071888821
39.2000132 0.0948741702009794 0.010792875389672055
39.300089899999996 0.0948806928261609 0.010796968280326497
39.3990298 0.09486800241711707 0.010798955710780213
39.500508999999994 0.09479090341061816 0.010793576868215292
39.5996932 0.09488438418185798 0.010807895483542529
39.700020499999994 0.0948857313124229 0.010811624883995506
39.7996927 0.09495041491842604 0.0108229293988329
39.8996063 0.09478986028806578 0.010808607605210295
39.9997615 0.09475556017175717 0.010808588656212918
40.1002893 0.09490576727894574 0.010829813441305378
40.1989467 0.09469361104323339 0.010809855666969884
40.3000813 0.09481950391004387 0.010828500875808259
40.3997255 0.09476440958713898 0.010826802228106391
40.4991936 0.09476887995333819 0.010831660526616755
40.6004996 0.09473948601849085 0.010832949495151612
40.699471 0.09481695564861535 0.010846570202794116
40.7998783 0.09478573385950796 0.010847835471484487
40.899962099999996 0.094968413865129 0.010873639590817755
40.9993019 0.09491172333414571 0.01087212076796985
41.0995395 0.09508691769770955 0.010897405089758169
41.20026850000001 0.09504271399613855 0.010897350538946575
41.2995411 0.09507392547504098 0.010906112889591424
41.399713399999996 0.09507279675560713 0.010911169348591512
41.4995284 0.09524506069528524 0.01093624140014959
41.5999673 0.09525524857495259 0.010943224449128796
41.699472699999994 0.09542605764488683 0.010968152745173345
41.8000263 0.0951987461694669 0.010947462045542177
41.89920119999999 0.09526440286702208 0.010959485381834036
42.00007109999999 0.10156463157418233 0.011469546918619657
43.00001329999999 0.10185714854438373 0.011494926137614998
44.0000339 0.10246471888404314 0.011556820071824351
44.9997147 0.10361261458359575 0.011680258141798724
46.0001603 0.1058498581293318 0.011926898403067729
46.9999564 0.10850961640814759 0.012221623253038274
47.99996560000001 0.11131780327535411 0.012534376362650791
48.99980769999999 0.11415021190192046 0.012851655299339643
50.00013199999999 0.11683078256135367 0.013154093413699438
50.9998594 0.11880478330779745 0.013378255732438052
52.00010079999999 0.1199080919842055 0.013500473963231134
52.999706999999994 0.12074445972322533 0.01358847215229512
53.9999131 0.12107442923790021 0.013619921334592623
54.999853399999985 0.12096155953367661 0.013602942818807027
56.00026749999999 0.12078189792084147 0.013579378517965169
57.0000333 0.12072753751264217 0.013570574928851649
57.999741499999985 0.12082518682148635 0.013579257651570073
58.9998386 0.12101638879460884 0.013598721503627337
59.99995919999999 0.12130814174512042 0.013629797751450654
60.99973760000001 0.12169547462992225 0.013671895042027609
62.000123299999984 0.12224195931245203 0.013732121686954752
63.000097199999985 0.12283314991247841 0.013797625657664033
63.9998926 0.1235115977683677 0.013873134650453279
64.9999632 0.12418801414137112 0.013948563662024103
65.9995278 0.12483815184536409 0.014021279224226047
67.0002642 0.12543989878351922 0.01408851885001199
67.9999608 0.12600401580787976 0.014151546342356975
68.99988969999998 0.12652030848710125 0.014209048392826993
69.9998964 0.12701280011470584 0.014263806407552537
70.9999513 0.1274081818121483 0.014307943235895597
71.9999365 0.1283315006193647 0.01441780534095897
73.00009439999997 0.12865795318560852 0.01445180180348358
73.99966120000002 0.12898564519544725 0.014487364389739958
74.99957549999998 0.1294130791872016 0.014535464243154515
76.00046720000002 0.1300173255099103 0.014601867318839291
77.00001619999999 0.13101335908777073 0.014712860786219813
78.0002186 0.13206485794521003 0.014830375617379104
78.99991030000001 0.13322641357128953 0.014960259463381522
79.9998243 0.13441876978361866 0.01509367810008724
81.0002852 0.13528251792104024 0.015190275512553862
81.9997105 0.1356727418461845 0.015233759975349759
82.9996647 0.13560630136941676 0.01522594073357709
83.9999688 0.13508438045684257 0.015167015212901765
85.00004069999999 0.13419300646908408 0.015066723509303968
86.0001405 0.13294715573020574 0.014926561753072361
87.00008930000001 0.13142055553050272 0.0147549462338768
87.99971579999998 0.1295803070499954 0.0145481599436718
89.00053079999999 0.1274761500453065 0.01431173731135792
90.00014169999999 0.12512335809662306 0.01404743560537132
90.9996473 0.1225916001390075 0.013763064370607479
92.00019289999997 0.11988753908552531 0.013459332768800195
92.99964910000001 0.11705255538298227 0.013140975348674425
94.0005088 0.11408822850688181 0.012808065956895272
94.9994687 0.11105157123637625 0.012467076389461996
96.0001448 0.1079498986685799 0.012118804149260256
96.999966 0.10482948416902282 0.01176844921270407
97.9999498 0.10171680498630513 0.011418969840171935
98.99959899999999 0.09863802567114793 0.011073307611720911
99.9999835 0.09564126928395811 0.010736875670561573
100.9999 0.09212137397081001 0.010341400069969225
101.999883 0.09159814067352959 0.010282664751755936
103.00043899999999 0.08963326393158148 0.010062083670907933
103.999714 0.08660194860185699 0.009721785769972137
105.00011599999999 0.0830290782736798 0.009320687192487825
105.999763 0.08001861052420409 0.008982731808597062
107.00035 0.0782463717906976 0.00878379457538847
108.00008 0.07667250131501623 0.008607090216912625
108.999141 0.07464206256636718 0.008379154618525415
110.000423 0.07295094364285136 0.008189366244467788
110.99944099999998 0.06909899158412865 0.007756900286616642
112.00011799999999 0.06607830816644653 0.007417824041061427
113.00095500000002 0.06383808560075636 0.007166321928075471
113.999878 0.06173915107552288 0.006930715069280172
114.99912 0.05972694726324442 0.006704833537537876
116.00063599999999 0.05789030648028672 0.006498656320915553
117.000072 0.056032785197517546 0.006290140642177607
117.999574 0.05402633460809889 0.0060649145094132505
119.000986 0.05198901255878978 0.005836225604404316
119.99963900000002 0.04997987948718067 0.005610681651132449
120.99993799999999 0.048290498216198074 0.005421063223784248
122.00000499999999 0.0467498045487648 0.005248136536209377
123.00007799999999 0.0449238089811897 0.005043133517013069
124.00060399999998 0.04333894829499316 0.004865249853524057
124.999389 0.0414825502903452 0.0046568608303749785
125.99965599999997 0.040155496935527835 0.004507903721364407
127.000168 0.03893627605535785 0.004371079765325325
128.00058499999997 0.037793210285106585 0.004242785910069907
128.99883299999996 0.03672744725237074 0.00412307883478126
130.000784 0.03569342305794205 0.004007101514934743
130.999175 0.034690825973489936 0.003894516184394104
131.99956399999994 0.0337010495871278 0.0037834315246655114
133.00075599999997 0.03272659453473677 0.0036740896589165057
133.99986499999997 0.03177013397628959 0.003566754012552693
135.00048199999998 0.030830846333787836 0.0034613104039545816
136.000147 0.02991178271361974 0.003358183345816387
136.99988499999998 0.029035919958202545 0.0032598693751371764
137.999823 0.0282081592190567 0.0031669760484107088
138.999585 0.027452403457820247 0.0030821741342398944
139.999262 0.026787978428089314 0.003007612671345425
141.001697 0.02619546600933347 0.002941173047855528
141.99911899999998 0.025667809373348793 0.0028819459047997073
143.000259 0.025177207681381136 0.0028269546750888195
143.999666 0.024722426624248665 0.002775953167552121
145.00031 0.024303921150153437 0.002729082612122933
145.999415 0.023925081941780738 0.0026866046778844417
146.999621 0.023574263973451526 0.0026473435012872846
147.99935500000004 0.023247649321901823 0.002610786367654443
149.000543 0.022946529477797142 0.002577123220942142
150.00029299999997 0.022664526936347705 0.002545622141314488
150.969478 0.02221631748999057 0.0024955078114045873
152.020993 0.02195781919127744 0.002466589756111918
153.006113 0.02169564879089098 0.0024373435829737
154.004454 0.02143214800145869 0.0024079502509474432
154.99957000000003 0.0212277478163526 0.0023852054173400996
155.99831299999997 0.021076572409536417 0.0023684229452326303
156.997954 0.020966211907917476 0.0023562443378852883
157.999887 0.020891614453947428 0.0023480852821652033
158.995346 0.020861858121449122 0.002344984690934393
159.99776400000002 0.020857150381076238 0.002344698591508612
160.99649099999993 0.020898712252055588 0.0023495824464096846
161.999893 0.02093419605869175 0.0023537919691755645
163.00491999999997 0.02088030497039855 0.0023480164151173807
164.003882 0.020818872841918936 0.0023414629641870096
165.003914 0.02079895578815707 0.0023396677807998876
165.998726 0.020817318664523146 0.0023422618641433515
166.99967499999997 0.02086544092181244 0.0023482109838511905
167.99743799999996 0.02092240948948658 0.0023551626944872525
168.99845499999998 0.0209901376595254 0.002363300380130781
169.99812199999997 0.02106597208461933 0.0023723233460459167
170.99552899999998 0.021174236637362114 0.002384937430386494
171.996262 0.021304765743959137 0.002399957135535514
173.00580499999998 0.021457842276121058 0.002417576124478679
174.004868 0.021610155138272608 0.002435260692022263
175.00285500000004 0.02179727803398952 0.002456959968735123
176.00008600000004 0.021971227516542582 0.0024772648301844705
177.00339499999998 0.02203612420251426 0.0024852764826807814
177.99543999999997 0.02210073404100681 0.002493199073143691
178.99653 0.02219338809514697 0.002504131045113804
180.00188 0.022325298435798988 0.0025194100382266494
180.99402399999997 0.022481816751031145 0.002537420806279135
181.99586600000004 0.022668694587640946 0.002558726253106662
182.997684 0.022847249657732414 0.002579070316339749
184.00429499999998 0.02303937283344308 0.0026010260414764197
185.005264 0.02322254140111053 0.0026219633505508715
186.006618 0.023376533972495558 0.002639761169247563
187.001242 0.023470894829023193 0.002650786346972364
187.999133 0.02360409879875381 0.002666043217669686
188.99549699999997 0.023770273428879652 0.0026850502959185124
190.00135700000004 0.023952343443554725 0.0027056543756770325
190.99703499999998 0.02414868175345782 0.002727942743906361
191.996097 0.02434822217016379 0.002750441961354525
192.99088299999997 0.024538094855362683 0.002771854729466284
194.00866 0.024740648733947566 0.0027947539543456087
195.001858 0.02492154531891745 0.0028151938138706242
196.003578 0.025123025555502086 0.0028380597138401692
197.003327 0.0252982534024003 0.00285803739943459
197.99921199999997 0.025474210959564553 0.0028780314158448426
198.99833699999996 0.025616344652468124 0.002894250748070092
199.999647 0.02578049277107027 0.0029128546278769313
200.997209 0.025907839797964013 0.0029272678782887823
201.993767 0.02607794899762206 0.0029464698659999178
202.99280999999996 0.026288329348988643 0.0029700160835066745
204.00613699999994 0.02647582075271674 0.0029909977169371117
205.00178500000004 0.026593812399077477 0.0030043385521727134
206.00369899999998 0.026757623369733613 0.0030226863820501998
207.009208 0.02691693876188137 0.003040622143895318
207.99583899999996 0.02708078087460281 0.003059177623264171
209.00256799999997 0.02721521157285549 0.0030742519704056487
209.99352399999998 0.02735734248929654 0.003090280372586194
211.00088899999997 0.027487678015067116 0.0031049700977826915
211.99647899999997 0.027644865399501502 0.0031226820983041
212.99031699999995 0.027817202977140704 0.0031420628717384468
213.99825 0.027978067841932845 0.0031601307895827583
215.007839 0.028123477096079888 0.003176487677536106
216.00018599999999 0.02827171572444097 0.003193367210104742
217.006757 0.02840033249251536 0.0032080514436636162
218.00325900000004 0.028522257000521627 0.00322213504612584
218.99933800000002 0.028660482278971368 0.0032379383752674565
219.998746 0.028759798059456675 0.003249406390511693
220.99721000000002 0.028860116596033703 0.0032608743025096046
221.997772 0.02893702514979466 0.00326966365752555
222.992638 0.02904953629938307 0.0032824116443780278
223.99058799999995 0.02914720043573803 0.0032933108805575442
225.01107900000002 0.029250790060141613 0.003304859657399569
226.004366 0.029319117151067692 0.003312665328090676
227.001867 0.0294060184499646 0.0033224753277347175
228.00393 0.029421071892772488 0.0033242278728584413
229.001849 0.029519365279113103 0.0033352936232364195
229.99736099999996 0.029548750461620026 0.003338541982150543
230.99308799999994 0.029588265504369132 0.003342826162118868
232.000538 0.029666029393255574 0.0033513469645877403
232.99677699999998 0.029719354974327643 0.003357087158397387
233.99015800000004 0.029793763167234828 0.003365165487355674
234.99900299999996 0.02987557497007931 0.003374067788109754
236.010332 0.02992586189008689 0.003379424013030251
237.004288 0.029973741053160332 0.003384606866279482
237.99870799999997 0.029977158719297525 0.003384735913927477
239.004961 0.029999672834353053 0.0033870143644108112
240.002344 0.03000332069051285 0.003387127245125398
240.99195499999996 0.029991193944035845 0.003385440810445854
241.999141 0.029975222036734087 0.003383360178471491
243.00096099999993 0.02998544871246435 0.0033841982162363562
243.99509899999998 0.03002174746980084 0.0033879722581474864
244.989379 0.03004323287609184 0.0033900632302915636
246.008101 0.030058765880303068 0.003391531955301699
247.00296299999997 0.03007971485613297 0.003393639977111944
248.01010800000003 0.030048601841239593 0.0033899476089986587
249.00032699999997 0.03003524242039007 0.003388275528177446
249.99913499999997 0.030022432599466752 0.0033866691139712185
250.99493999999996 0.030049917249637133 0.0033898623020629185
251.99763399999998 0.030076363665421466 0.0033929502329478442
253.001802 0.030124006850951617 0.0033984319990874464
254.002763 0.030139882816981517 0.0034003477321570153
254.995492 0.03016289985520505 0.003403071761304773
255.99932499999997 0.030167654348892965 0.003403766330508101
256.995835 0.030156585364312382 0.00340266756162191
258.00226599999996 0.03000425306279324 0.00351970221015014
258.996145 0.02998215968595378 0.0035167194279421025
259.997033 0.02987001126038007 0.003502597353238386
261.004066 0.029971398919902564 0.00351349841712071
261.991934 0.03002625924177438 0.003519042312358859
263.001421 0.02985773200151359 0.00349985663785066
264.00046499999996 0.029847675298272983 0.003497788101896101
264.997575 0.029787465672913852 0.0034906139237472315
266.001005 0.029799660630081878 0.0034901657890553947
267.001202 0.029638273863800153 0.0034715543883726313
267.998885 0.029874269963700417 0.0034966358849528828
269.00342800000004 0.029781379295194046 0.003485192466225507
270.00266 0.02979173432488555 0.003485636572630042
270.999124 0.029713238468582273 0.0034763276688380717
271.99605699999995 0.029786764921416964 0.003484627576018531
273.00475 0.029727793292259105 0.0034783211235583484
273.997009 0.029576025183695596 0.003461850423968789
274.99973 0.029660748017046993 0.0034729562100201325
275.999208 0.029627445967992973 0.0034711793431463785
276.99723599999993 0.029722832529538588 0.003485408109790908
278.00144400000005 0.029597617337521285 0.003473924275627296
278.998564 0.02958511186889888 0.003476893295197371
279.9989469999999 0.029739506917559666 0.0034991814367980358
281.0032499999999 0.029560502040363586 0.003485152729618504
282.00147899999996 0.029611610868240327 0.003500095135037039
282.99956 0.02947959492780333 0.0034949258601282103
283.999301 0.02945379114905473 0.0035069203509614072
284.997323 0.02944488798788372 0.003526780752286876
286.00041699999997 0.029206711073839434 0.0035345440357397637
286.9941119999999 0.029199975168040383 0.003604439858654891
288.00136399999997 0.027402260102194487 0.003619604101176685
288.994385 0.03125082241344934 0.005216469473475069
290.00265900000005 0.04108721999729214 0.010760761654169178
291.00629 0.03879232223438214 0.009070960002259671
292.0011 0.045397883512700764 0.010612247165717277
292.996699 0.052713469963654 0.01382653246793373
293.998557 0.06463212277347996 0.018157708150386358
294.995516 0.06676283062693994 0.018605740286396583
295.9997139999999 0.0712227569480636 0.017230136343210148
296.997877 0.07097468546993345 0.015176975613384845
298.003127 0.07120967066043361 0.013711515990639267
299.002196 0.07143641473384135 0.012839370595839318
299.99667499999987 0.06776092960407018 0.011674252247373092
300.99553 0.06836847148644211 0.011290424408047686
302.00142500000004 0.07000141702786591 0.011189757072826184
302.99681699999996 0.06827242786386736 0.010638052260283509
304.00246699999997 0.06899241981849924 0.010467397646915804
305.00667199999987 0.06801898836448979 0.010117004067790902
305.995545 0.06555178405058032 0.009577233508452337
306.99974599999996 0.06663637951492879 0.009511748702872863
308.00036599999993 0.06412049789443763 0.009005630096835747
308.99911199999997 0.06112281740573192 0.008460035695725945
309.9992869999999 0.06074042272170816 0.008253591379201541
311.009684 0.059044796056988806 0.00790004882593606
311.993472 0.057293163669136685 0.007552068574504353
313.00276 0.056228399702432354 0.00730653342946392
313.99728300000004 0.0552446292563354 0.007085957962324636
315.004207 0.05446160986866604 0.0069144618818423155
316.008309 0.05325423117619278 0.006715123042859005
316.994681 0.05274493591240457 0.0066138180296019585
318.000797 0.05212513126639835 0.006512168400466741
318.99297 0.05206520164527274 0.006486304105023604
320.020145 0.05383688906422808 0.0060907275850105615
325.000229 0.05316635637516309 0.006015133663845423
329.99438699999996 0.0529268797635989 0.005990391174925774
334.985429 0.05200126835158162 0.005885014248594972
339.9905729999999 0.05116603822477573 0.005788000740523536
345.01139899999987 0.050219045974595325 0.005679675588636753
350.01172599999995 0.04976231367704742 0.005628908161091
355.00949999999995 0.051271066402343225 0.005798150258280749
359.991479 0.052123163698451956 0.005891981219863361
364.969922 0.04893769082762537 0.005532210733808538
370.000425 0.049412120021766245 0.0055846047330999045
375.0472609999999 0.048870252592058065 0.005522955109256022
379.9836199999999 0.04838831747710305 0.005467484161291955
384.973373 0.04783604480854319 0.005403549972778874
389.99651199999994 0.04731630773496309 0.0053433386598628835
395.0140789999999 0.04667205669198707 0.005269709485783005
400.038301 0.045922560492989525 0.005184942424727833
404.972069 0.04515996617813085 0.005100091268703347
409.9932619999999 0.04523947845257776 0.005108412226261286
414.971212 0.04478184875966249 0.005057324986806528
420.031449 0.04433146587507464 0.005004245842992261
425.01166 0.04328252016249826 0.004883595008654103
429.975153 0.0423954303366591 0.004781832174207371
434.97595499999994 0.0417411546551482 0.004706703442124502
440.00783799999994 0.04123592309446953 0.004648727737796819
445.0445439999999 0.040648362923152506 0.004581941064302383
449.98771799999986 0.040024121136010116 0.004511097408800756
454.97967299999993 0.040002499415482465 0.004508385582170069
460.002793 0.04245465251235548 0.004783389149377767
464.9696799999999 0.043401744268337324 0.00488936320175591
470.02094700000004 0.04430648212838006 0.004990668854598381
475.01878 0.04486640223490923 0.005053347689488965
480.0188590000001 0.04952978378142225 0.005576752171596889
484.9759509999999 0.06008557364159227 0.006761734851506503
489.98115 0.06798407768427737 0.007648307188298255
494.989705 0.07629005461269392 0.008580680249918378
499.985308 0.08242342788108703 0.009269126451183274
505.01489900000007 0.08940452405693769 0.010052882858060583
510.03072799999995 0.09599915924734914 0.010793433762585243
514.988011 0.10280618917535314 0.011558062052443767
520.009689 0.10826780464975243 0.012171838426187596
524.972512 0.11202876791585055 0.01259498555175717
530.012566 0.1130934949723556 0.012715256397185834
534.977935 0.11221296829804554 0.012615194736756215
540.003514 0.11136654448515569 0.01251907845274807
545.024797 0.14132584434944337 0.01588248144515346
550.0236709999999 0.15426998339495868 0.01733697085223304
554.9685449999998 0.14128799969278114 0.01587818036174865
559.993059 0.13901330562191547 0.015620962797646925
564.9788349999999 0.14344627841342014 0.01611738800841499
569.9889039999999 0.14642461618582742 0.016450775234939714
575.02086 0.14672362449677678 0.016483607288061457
580.031737 0.1407641903204787 0.015814093757668492
584.9862499999999 0.13777367188662787 0.015478026236208862
590.003846 0.13614407408368134 0.015294601930620363
594.971279 0.1352284040814066 0.015191238787988639
600.0080559999999 0.13552033249993622 0.015223587353389098
604.9762579999999 0.13596461738907037 0.015272962453752295
610.0347620000001 0.13569501408220694 0.015242341910815402
615.009409 0.1344316388064204 0.01510027307321497
619.9941730000002 0.13309134796876007 0.014949564291456174
625.004716 0.13221180560953583 0.014850474663750042
629.9749060000001 0.1316499220432832 0.014786835709123806
634.992144 0.13132487953756758 0.014749502842269552
640.006405 0.1311432607383224 0.014728568717112872
645.01622 0.1308233177015531 0.01469242925961124
650.0082860000001 0.13028346073043792 0.014631627637383602
654.99548 0.12956741088537965 0.014550995939376877
660.0047299999999 0.1288534692112464 0.01447055257957649
664.968154 0.1282260785280498 0.014399895360792956
669.9859189999999 0.12789684375502022 0.014362725379575123
675.017386 0.1286152973280055 0.014443149929141898
680.010887 0.13181011315488375 0.014801641378590207
685.042555 0.129667198203087 0.014560920469214197
689.983495 0.13059657003287592 0.014665116120017078
694.9780789999998 0.1314758988494647 0.01476367527559008
699.9922759999997 0.13241444306588718 0.014868928141838553
704.989918 0.1328198840390538 0.014914300646307554
710.014895 0.13207923249344664 0.01483106925145832
715.020655 0.13225316129588915 0.014850471584124362
720.015315 0.13140181645664437 0.01475490838364898
724.986068 0.1312361628239268 0.014736211389375324
729.989553 0.13152084425190355 0.014768120022069849
734.973235 0.13158090232119704 0.014774803638420198
739.9908019999998 0.13184231819750178 0.01480406792344266
745.0204850000001 0.1315409311306207 0.014770160927128382
750.014201 0.1305638376543951 0.014660353475604015
755.0075880000002 0.12967377450862197 0.014560338752561389
760.009017 0.1287234275933662 0.014453584271180858
765.0024179999999 0.1278464524121361 0.014355102489242563
769.9940369999999 0.12713108368192555 0.0142747635619236
774.9859649999999 0.12630978597483822 0.014182507861316432
779.9868919999998 0.1257373459251516 0.01411816404572597
784.997673 0.12524808674941826 0.014063154247493838
790.0047399999999 0.12478545610511677 0.014011168787665894
795.010797 0.12434242684373287 0.013961392778855438
800.004566 0.12373707776822314 0.013893412420328944
805.0189489999999 0.12303533237214 0.013814621200169104
810.0071499999999 0.12239656059713379 0.013742906335233864
814.993589 0.12166751400508105 0.013661057837033749
819.991555 0.12112622509020561 0.013600283378190931
824.982511 0.12071864166818037 0.013554513899768021
829.987993 0.12050558664617082 0.013530582933013237
835.009146 0.12064131086325591 0.013545809321012858
839.997421 0.12123585848961196 0.013612544578202369
844.9938609999999 0.12115968124970299 0.013603983979807114
850.009814 0.1196895039318482 0.0134389336328826
855.017357 0.1183826637533359 0.013292227563947658
859.998457 0.11735889009437171 0.01317729710151809
864.991589 0.1164822886574883 0.013078882037484132
869.997566 0.11571911048078103 0.012993197766237386
875.0018830000001 0.11521314223380504 0.012936390165954196
879.9982679999999 0.11470255908799952 0.012879064598925202
884.9830099999998 0.11414843411738239 0.0128168436128094
890.008813 0.11352907453258569 0.012747312256702514
894.9945129999999 0.11295253195718984 0.012682573139524644
900.0001239999999 0.11235718262844342 0.012615731499134685
904.9867019999999 0.11161677672651285 0.012532609958652942
909.9989749999999 0.11076061109912094 0.012436490209654514
915.003631 0.10996937402776231 0.01234765792955714
919.9859649999999 0.10922114542124098 0.012263658601600303
924.999912 0.10851435673723085 0.012184327364127457
929.9790639999999 0.10784199686609607 0.012108853785063468
935.0041219999998 0.10720230082524261 0.012037047692832144
940.00293 0.10668127579325362 0.011978586126956755
944.9854729999998 0.10613732664011562 0.011917544829154695
949.987289 0.10546829844241012 0.01184245396883774
955.0048720000001 0.10480783595484684 0.011768330530271131
959.9846809999999 0.10423140751542462 0.011703642182725432
965.0081170000001 0.10363327429825506 0.01163651846336289
970.006191 0.10297921512723611 0.011563104538240979
974.992563 0.10233305388415018 0.011490580534770286
979.9846389999999 0.10168282174644087 0.011417598299124802
984.9882059999999 0.10108878067183934 0.011350928677498909
990.00764 0.1004802021696216 0.011282628196370641
994.9950699999999 0.09984592421090986 0.011211444499386646
1000.00254 0.09925824991420343 0.011145493176479835
1004.99903 0.09863894809643342 0.011075996390884175
1009.97857 0.09805366397027834 0.011010318021649727
1014.9879799999998 0.0974669713564291 0.010944482998061136
1020.01217 0.09689632282601064 0.010880449271221868
1024.99119 0.09635363262627569 0.010819552745622931
1029.99355 0.09580659726536248 0.01075817659679245
1035.0002699999998 0.0952464156277417 0.01069533290574851
1039.9915799999999 0.09470234889570173 0.010634296523034837
1044.9931600000002 0.09414331771363901 0.010571586419733329
1049.99879 0.09362637739001521 0.01051360909349954
1054.98307 0.0930194040587972 0.010445504529993948
1059.9898 0.09237623165664494 0.010373318875968708
1065.00186 0.09172895545008161 0.010300708135291861
1069.99179 0.0910470182041449 0.01022419839673612
1075.0480599999999 0.09035166851519989 0.010146192188182338
1079.96799 0.08966740466313675 0.010069443580842172
1085.0100199999997 0.08902450821846657 0.009997341496777003
1089.9840699999997 0.08826036032825968 0.00991161535792109
1095.0177900000003 0.08750408911663794 0.009826778877165912
1099.9901999999997 0.08675201384769395 0.009742426397287864
1104.99078 0.08606344543408365 0.009665193416727783
1110.0328299999999 0.08534847645075538 0.009585005848563458
1114.96937 0.08462744672160366 0.009504146686420883
1119.99826 0.0838979506305001 0.009422344723801459
1124.9956999999997 0.08319868971410045 0.009343930504351323
1130.00309 0.08251494908520818 0.009267268511212286
1135.00325 0.08180632616915856 0.009187823170414586
1139.97025 0.08110358281626948 0.00910904693205743
1145.0228499999998 0.08043401375551901 0.009034002791973667
1149.9846999999997 0.07973842771030963 0.008956053724662173
1154.99533 0.07902760151431333 0.00887641887694524
1160.00598 0.0781107110669174 0.008773706863109458
1164.99564 0.07733325952566474 0.008686757448759219
1170.0032699999997 0.07659701383571309 0.00860448218959598
1175.01652 0.07582546510359306 0.008518298260382466
1179.9861599999997 0.07505014004093602 0.008431749092323885
1185.0239699999997 0.074247584441317 0.00834221006739162
1189.9879699999997 0.07335737951708564 0.00824291247792821
1194.9803799999997 0.0725368012588798 0.008151531262416679
1200.02107 0.07133748869680655 0.008082007727253464
1204.99552 0.07070414515564219 0.008011805050091992
1210.01395 0.07017457550240504 0.007953400565391852
1214.9917699999999 0.0697050058494081 0.007901841104299551
1220.00911 0.06915807811084786 0.007841775332360548
1224.9807399999997 0.06868897823837342 0.007790608809020228
1230.0090999999998 0.0683257192325697 0.007751512861760046
1234.99822 0.06769873851008389 0.007682954072244028
1240.002 0.06723669978381364 0.007633154738251219
1245.00048 0.06682000299605997 0.0075886701896295105
1249.99478 0.06634949911752075 0.0075383934312690335
1255.0011299999999 0.06603132592737154 0.007505598568382171
1259.9819899999995 0.06550957722564858 0.007450302208058279
1264.9980599999994 0.06512193170364078 0.007410204366821519
1269.9937699999998 0.06464174773798305 0.007359720307069612
1274.98815 0.06413043674524664 0.007306010030914703
1280.01518 0.06375901818565721 0.007268370859624664
1284.99089 0.06345260249373363 0.007238127170814457
1290.0059200000003 0.06283015018107575 0.007172883946984132
1294.9724599999997 0.06245874104367252 0.007136396610864599
1299.9983399999999 0.061994180254699084 0.0070898444701036146
1304.96816 0.06172908063525687 0.007066103112554309
1310.0286 0.061190003997627036 0.007012166065224892
1315.00413 0.06090513632508221 0.006987344327599455
1319.98811 0.06049590696438585 0.006949170578399869
1324.97279 0.06025629792684334 0.006930870508344859
1330.0160099999998 0.059669882261184415 0.006874199126940108
1334.99193 0.05938066198668605 0.006851836976773485
1339.99798 0.05905812840237316 0.006826660593412321
1344.9628199999997 0.0586622579216884 0.006794123908052699
1350.02102 0.05841315839991637 0.006779289732637822
1354.99054 0.05794961670991118 0.006741714250844719
1360.01316 0.05752391059973492 0.006709843304410183
1364.9662599999997 0.05740300462961377 0.006713964836192343
1369.9728899999998 0.05706383388506844 0.006695334126031264
1375.05239 0.05673703566986176 0.006680297261786252
1379.9767399999998 0.05699202583368072 0.006733314469058693
1384.99976 0.056007510591014394 0.006649085721224754
1389.9801799999998 0.05566146329024422 0.0066399233593451325
1394.9871199999995 0.05594725851307288 0.006705742274992818
1400.03514 0.05564701251511023 0.006709135193514699
1404.99589 0.055595218458705534 0.006745055210712473
1409.96995 0.05526951429139869 0.006755092809458561
1415.0015099999998 0.05505957069481914 0.0067836818658146515
1419.9827799999998 0.05448952049257024 0.006779149306244926
1425.0233499999997 0.05451067591228718 0.006847363016950003
1429.9960700000001 0.05421148845016841 0.006889852742627645
1434.9938 0.055018088797491774 0.007065583542854472
1439.9886899999997 0.05423159730199414 0.00707409440844516
1445.02692 0.054476950688424314 0.007211223433415926
1449.97348 0.05430759384662307 0.007318713723604943
1454.98126 0.054435289826029756 0.007476181044476161
1460.00977 0.05458342250555664 0.0076545692946146104
1464.98516 0.05586203162765874 0.007991373773232774
1469.9923199999996 0.05517026453710465 0.008130880309818761
1475.0065499999998 0.055603272301036656 0.008426237031458892
1479.9819099999997 0.05641126156497296 0.008816347201253094
1485.0248 0.058363759212835646 0.009379017264641961
1490.00415 0.055204523823184005 0.009373289826914767