photon_energy_eV    total_yield    yield_error
5.10000126 -4.338623832213909e-05 6.935755314368294e-05
5.20000199 -0.00012038655489069511 0.00032696107208533045
5.30000824 -3.120745257783598e-05 2.855769698927337e-05
5.39998314 -5.861720888079007e-06 1.11750634784267e-05
5.49999553 -2.6791849021515654e-05 1.3661394753317494e-05
5.60000792 -1.4763086426186385e-05 8.993646277120145e-06
5.6999978 -3.985832085469663e-05 1.558960244918217e-05
5.80001462 -5.145741316637204e-05 1.385172507194589e-05
5.89998096 -5.247877389692282e-05 1.6153889147090678e-05
6.00002763 -2.2078649687490097e-05 4.719866773830822e-06
6.09999378 -3.720897422176119e-05 6.535830624376619e-06
6.19998788 -3.8542297517039e-05 5.86549169500642e-06
6.30002139 -3.498928304195409e-05 4.754678871707012e-06
6.39998379 -3.145923832165867e-05 3.597059206828189e-06
6.50000566 5.9448250673529105e-05 2.6487284837252342e-05
6.60000212 -2.919666264851014e-05 2.5561756336009227e-06
6.70001138 -3.465590930617629e-05 2.7571743148192103e-06
6.79999091 -1.847214087909082e-05 1.344905101376468e-06
6.8999832 -1.3110998495736713e-05 8.975696456536121e-07
7.00000799 -9.672725191395514e-06 6.289312914362209e-07
7.10001667 1.256986924947948e-05 1.9037826347362862e-05
7.20000041 3.209495272129379e-06 1.7518703981559845e-05
7.29998709 1.8507230237869654e-05 1.7156541558450282e-05
7.40002806 4.623056586118514e-05 1.8332464376228704e-05
7.49998454 5.975711210012279e-05 2.0056776357110553e-05
7.50000752 -3.560204600159898e-05 2.2796432365503773e-06
7.5999966 9.122992414412444e-05 1.5640387387062826e-05
7.6999932 0.00012004215621851454 1.5994270411798157e-05
7.80002056 0.00019526160921238257 1.8861822472394442e-05
7.89999762 0.0002494290296915955 2.1064238503225335e-05
7.99999188 0.0003311696654922735 2.4806002948370886e-05
8.1000026 0.00045875071989887577 3.163848164440251e-05
8.19999537 0.0006080993849193093 3.992183733797715e-05
8.29999332 0.0008310072899340376 5.321042919660023e-05
8.39998038 0.001096315291082678 7.019843012199743e-05
8.50003187 0.0014075423523550923 9.012668551578139e-05
8.59998675 0.0018187367041594253 0.00011645597071911952
8.70002524 0.002354358367620777 0.00015075249127315436
8.79999429 0.0029762838796200054 0.0001905751544707553
8.90000212 0.00377498759789945 0.00024171714584118382
9.00000528 0.004687675647205232 0.0003001576955384354
9.09996657 0.00583518472080505 0.0003736341271568465
9.20001496 0.007205831855641756 0.0004613983660572545
9.30001152 0.008824771299234535 0.0005650610699593044
9.40000309 0.010799524774948714 0.0006915069883923065
9.50000698 0.013076892821873248 0.0008373296937804823
9.5999998 0.015872051299715875 0.0010163071637498827
9.70000524 0.01908361219233466 0.0012219473976650707
9.80002039 0.022797733168167095 0.0014597671780761747
9.9000048 0.026980972969642907 0.0017276252197144105
9.99998267 0.03166228316526884 0.0020273753274799495
10.0999912 0.03680252379485959 0.002356511321095646
10.2000136 0.04231099624990014 0.00270922565597666
10.3000166 0.04797457796284559 0.0030718718293450843
10.3999669 0.05362331771269195 0.0034335676533770003
10.5000198 0.05938666008980968 0.0038026016260124637
10.5999963 0.06514474313989323 0.004171298837403876
10.7000143 0.07112741391167389 0.004554376679637575
10.8000025 0.07738714157405889 0.0049551948187850385
10.8999934 0.08377204863280485 0.005364028350201161
10.9999743 0.09093410489526992 0.005822623710641639
11.1000341 0.0987543730871308 0.006323365198666935
11.2000241 0.10664365044669212 0.006828525429435308
11.2999744 0.11498121173414136 0.007362389837042787
11.3999935 0.12353258482078779 0.007909944879787155
11.5000373 0.1322567217226282 0.008468562204255722
11.5999941 0.14088571622610382 0.00902108744275452
11.7000033 0.14883043982625063 0.009529797965192566
11.7999654 0.15164980268440587 0.009710325271704283
12.0000177 0.13726715108863702 0.008789386221390085
12.0999767 0.14970201896340432 0.009585606260172063
12.2000095 0.16108094612490703 0.010314213103210072
12.3000285 0.1727483195723271 0.011061289520293631
12.3999921 0.1870385607188492 0.011976311414734191
12.499985 0.19605871441835038 0.012553883062520645
12.6000337 0.20088722377300686 0.012863058515315367
12.6999571 0.2024931428031139 0.012965887505965697
12.7999516 0.20781185954778336 0.013306451546964028
12.9000373 0.21132626976146734 0.013531483599159242
13.000057 0.22035800245042522 0.014109796664026049
13.0999709 0.22712439328448358 0.014543057075521075
13.2000086 0.2341294283239462 0.014991598171973571
13.2999524 0.24467482042751754 0.015666832729689672
13.4000566 0.25291890977368886 0.01619471201276999
13.499996 0.2581569396805462 0.016530109575299958
13.6000015 0.2621206524040002 0.016783911025397648
13.7000119 0.26543455198016713 0.016996104132363375
13.7999478 0.2666091635514861 0.01707131597058219
13.8999787 0.2693444609313668 0.0172464604600792
13.9999808 0.27427570091093045 0.01756221388241662
14.100035 0.2766653461083532 0.017715225833241442
14.1999971 0.27879739414649624 0.01785174351792549
14.2999998 0.27997222833161317 0.01792696961038236
14.3999975 0.2800676581945247 0.0179330801030642
14.4999947 0.2818493417985647 0.01804716351774885
14.6000143 0.28221555755026245 0.018070612767307103
14.699993 0.2814779506405658 0.01802338288049534
14.79999 0.28027126635798577 0.017946117386728164
14.8999961 0.2795958231397664 0.017902867918312262
14.9999839 0.27728086022193077 0.01775463796663275
15.0999438 0.2736435724880225 0.017521737914157696
15.2000556 0.27067635553653363 0.017331743326359696
15.3000115 0.2686609531938277 0.017202694610472108
15.3999923 0.2661757306192795 0.017043562721447057
15.4999533 0.2628047496617825 0.016827714622718322
15.6000472 0.2594703742988236 0.016614210425685706
15.700012 0.2564776057121202 0.016422579734940226
15.8000014 0.2537007394239887 0.016244773536603776
15.8999711 0.24961693769101628 0.015983282638031115
16.0000215 0.24597167099884382 0.015749871682945556
16.1000468 0.24256556351415037 0.015531774389040133
16.1999367 0.23872396916363492 0.015285792330078428
16.3000099 0.23471219810375163 0.015028913644992724
16.4000084 0.23001716909683603 0.014728285104696408
16.4998621 0.222609395133467 0.014253956134593687
16.5000178 0.18379710797730583 0.011768757168595495
16.599971 0.18574739403812915 0.011893636408055346
16.7000029 0.187863303065191 0.012029120691809173
16.7999793 0.1886038331382417 0.012076537752402161
16.8999696 0.18776053474236146 0.012022540308421672
17.0000709 0.18694771887088024 0.011970494698349158
17.0999075 0.18646416534285384 0.011939532165195138
17.1999567 0.18384492159488083 0.011771818733931232
17.3000584 0.18233161697521238 0.01167491995904305
17.3999467 0.17905342749615977 0.01146501341396086
17.5000191 0.1747640958646351 0.011190362180638829
17.6000089 0.1714694781862575 0.010979403717543882
17.7000471 0.1671159133683081 0.01070063955349342
17.7999862 0.1638629176471757 0.010492346196030934
17.9000915 0.15917983916412173 0.010192482862624506
18.0000583 0.15558496081693451 0.009962298335869537
18.0998629 0.1515251569230787 0.00970234404874981
18.1999684 0.14729707483373514 0.009431614699708496
18.2999559 0.1432816507223633 0.009174502105197522
18.4000798 0.1388086530592456 0.008888090507690629
18.4999909 0.13505397555300394 0.00864767384225103
18.5999751 0.13165091434135676 0.008429771604993372
18.6999887 0.12746795480977882 0.008161931509384898
18.8000438 0.12398776494418343 0.007939090628592278
18.8999495 0.12096814555476965 0.007745740647590503
19.0000377 0.11759979750419329 0.0075300611371629505
19.0999991 0.11475979116045963 0.007348212002622709
19.1999636 0.1116332595615068 0.007148016300019165
19.2999755 0.10901973242171248 0.006980668910279109
19.3998661 0.10655057638085615 0.0068225657813670015
19.5001435 0.1037947980138532 0.006646109868819504
19.5999248 0.101510876398938 0.006499867530330899
19.700003 0.09954573372910261 0.006374037003738536
19.8000193 0.09727760829944836 0.006228806114616967
19.9000532 0.09544762766627776 0.0061116301811540924
19.9998609 0.09357937010205192 0.005992003328241476
20.1000805 0.09175061453343611 0.005874905837184034
20.2000092 0.09001576767837087 0.0057638214377250105
20.2998926 0.08839652067398941 0.005660139040323555
20.3998845 0.08673416865711492 0.005553696575419611
20.5000422 0.08507514919667554 0.005447467498244489
20.6001825 0.08356520481942134 0.005350783883852771
20.6999404 0.08220329953252736 0.005263579396336783
20.8000682 0.08081345496105773 0.005174585921718367
20.8999915 0.07945385488707658 0.005087529039849124
21.0000145 0.0781928037235119 0.005006782367148486
21.0999809 0.07696837216082068 0.004928380492987026
21.2000222 0.07578367230617875 0.004852522689453617
21.2999785 0.07461465170334602 0.004777668847893051
21.4000212 0.07352945052028345 0.004708182067915465
21.500026 0.07249497164977327 0.004641943100626705
21.600131 0.07150913899756796 0.004578819011132819
21.6998259 0.07054037492102315 0.004516787843744037
21.8000569 0.06962990419292474 0.004458489271878435
21.9000033 0.06878548114048726 0.004404419814741342
22.0000792 0.06797003785456454 0.004352205968057904
22.0999566 0.06722067883787913 0.004304223579235133
22.1999797 0.06650147405051297 0.004258172003178513
22.3000183 0.06580267908977519 0.004213427293677552
22.3998966 0.0651898238483705 0.004174185411174792
22.5000945 0.06458402781203612 0.0041353955383428564
22.5998571 0.06402410685401355 0.004099543103769248
22.7001295 0.0634680084992546 0.004063935435231712
22.8000212 0.0629703503665444 0.004032069766716589
22.899896 0.06249124074873908 0.004001391782655025
23.0000877 0.0620530050599687 0.0039733310070502875
23.0999827 0.061625840291738045 0.003945979116241937
23.1999136 0.06118694893334732 0.003917876357296822
23.300003 0.06071874671350821 0.0038878967874781054
23.4001096 0.06033402400435184 0.003863262514441206
23.5002227 0.057726525059295104 0.003696301117499472
23.6000128 0.05746660388776137 0.0036796580419667757
23.7001491 0.05713937415108666 0.0036587051153856697
23.7998891 0.05681964714477129 0.0036382325979506724
23.8999587 0.056509876370022694 0.0036183975903922613
23.999979 0.05622874715236259 0.0036003965373177615
24.0997959 0.05606658979022344 0.0035900133999598486
24.2002073 0.055707678497371044 0.0035670318639763328
24.2997218 0.055408263592215914 0.003547859955613858
24.400204 0.05508826171012665 0.003527369837541559
24.5000002 0.05473505280986103 0.003504753432839881
24.5998743 0.054484389190027044 0.0034887031298438645
24.7000675 0.05419689232626535 0.003470294348478481
24.8002257 0.05393427390491616 0.0034534785646891074
24.899781 0.0536903175084946 0.0034378577335410702
25.0000876 0.053408555318881536 0.0034198161504860342
25.1001246 0.052997799978028184 0.0033935149756993033
25.1997719 0.05286764227419448 0.0033851808162182417
25.3000043 0.05256030737101223 0.003365501780542488
25.4000356 0.05224775416236856 0.0033454886102849512
25.4999577 0.052027251736185796 0.0033313695659899153
25.60008 0.05177303517186491 0.0033150917635443155
25.7000742 0.05150652008046378 0.0032980264711303937
25.7997647 0.05125485212553911 0.0032819118593107603
25.9000672 0.05104898885646076 0.003268730178432433
26.0000478 0.050779816659090364 0.003251494748222179
26.0999684 0.050671125828729936 0.003244535139319503
26.1999307 0.050384075669034654 0.003226154960970465
26.30004 0.05022360969642415 0.0032158801253854095
26.4001768 0.049912458234066856 0.003195956710684082
26.4998166 0.049581013215406325 0.0031747338743604663
26.6001536 0.04941368159481236 0.0031640194228053247
26.6997387 0.04913811933400345 0.003146374828894252
26.8001309 0.048822509693202586 0.003126165951488457
26.899921 0.04861891514396794 0.0031131295395603214
27.00004 0.048305490194191544 0.003093060550635027
27.1000068 0.04808616331644467 0.003079016778166812
27.1998703 0.04776385543014539 0.0030583790037800257
27.300168 0.047537284736712766 0.0030438714007939216
27.3998584 0.047302206905199616 0.0030288190751874716
27.4999088 0.04701781860432213 0.003010609338965562
27.5999456 0.04669117917333468 0.0029896942103909913
27.7000232 0.04644989764237802 0.0029742446542018568
27.8000713 0.0461037178760869 0.002952078333681382
27.8999543 0.04595436115245755 0.002942514837110435
28.0001733 0.04570232861017805 0.002926376880309517
28.0999534 0.045430828161173636 0.002908992369254577
28.2001222 0.04522630596436558 0.0028958965588998307
28.2998953 0.04494517332163748 0.0028778952865139724
28.3996518 0.04472975278753917 0.002864101642082716
28.5001806 0.044565408388253805 0.0028535784660192113
28.6000867 0.04440548896319641 0.002843338626552998
28.7000899 0.04412950515679073 0.0028256670405536464
28.7998461 0.04410391126414648 0.00282402823181044
28.9000252 0.04391773566840509 0.0028121071771153375
29.0002164 0.04374802406427581 0.0028012403322575995
29.09979 0.04367386035413748 0.0027964915377583525
29.1999801 0.04357378364767454 0.0027900835019107994
29.3002311 0.04349796222179734 0.0027852285618132897
29.3996896 0.04336565756596562 0.0027767569303284766
29.5001811 0.04334905026292555 0.002775693544082334
29.5997153 0.0432971491801472 0.0027723702532714634
29.7000676 0.043186930367382595 0.0027653128057571227
29.8001593 0.04319890944041861 0.0027660798406861113
29.899613 0.043048743152334125 0.0027564645066973205