photon_energy_eV    total_yield    yield_error
4.0999996 5.068403675682861e-06 0.000564126169683601
4.19998932 -1.8847341108837652e-05 0.0006283672631648885
4.30000001 3.975279996972391e-05 0.0004783881657356894
4.39999777 -3.43253916848517e-05 0.0003550830754832569
4.50000329 -1.8013453377512151e-06 0.00026219459790470024
4.60000124 -1.7705008367195364e-06 0.000428296647729492
4.70000045 -0.00011900280055652026 0.002304052123176868
4.79999123 2.613550747547475e-05 0.00027047426874519107
4.90001097 1.7030652508782512e-06 0.00020271719852805895
4.99999214 -3.4081308551029282e-09 0.00013638674549981634
5.10000338 -5.8029966460295395e-06 0.00010566894361372299
5.20000199 1.1462074654804158e-05 0.00010040521445366896
5.29998988 -2.719202103150619e-06 9.066149654310059e-05
5.40000697 -6.992381426805236e-07 9.694981767585362e-05
5.49999306 1.1378408090415317e-05 0.00010671135022492316
5.6000028 -1.0751267572539012e-06 9.454761777741083e-05
5.70000842 1.5054613775694464e-05 0.0001175258981315656
5.80000362 2.2237959610990775e-05 0.00012138217022907977
5.89999518 1.4268892114884796e-05 0.00012891722044940551
5.99998939 2.3563567881533997e-05 0.00013709006509543214
6.10000898 4.166297566726993e-06 0.00013592058768916064
6.20000673 4.534092564742187e-05 0.00016196257938605853
6.29999868 5.8539126405724344e-05 0.00017213655049258425
6.39998379 3.626212617902662e-05 0.0001587117051170438
6.50000221 1.1447781228361005e-05 0.00015255055662857426
6.60001991 3.153537111719622e-05 0.00014635785243146107
6.6999857 1.553016289819846e-05 0.0001290247863149849
6.80000225 1.9793252397396984e-05 0.00012122830519913587
6.90000265 -1.4049095996985762e-05 9.497031089277998e-05
7.00000399 1.614815846922003e-05 9.303155449734927e-05
7.09999195 1.5448124485131976e-06 8.549136826509652e-05
7.19999617 1.2925105533366128e-05 7.890700483301656e-05
7.3000045 1.0879639889377896e-05 7.378583498433233e-05
7.40000569 3.465847232110004e-05 8.0665580219559e-05
7.59997773 -5.055149916278261e-07 4.996633730543054e-05
7.69998836 7.929121503397145e-06 4.881644911371035e-05
7.8000305 9.574808684904014e-06 4.6988093853026714e-05
7.89999252 2.0313612350693322e-05 4.7136641307066754e-05
7.99999711 2.6292140608885475e-05 4.745838221515643e-05
8.1000026 1.612833355700592e-05 4.4815956872189804e-05
8.19998988 -3.944487539849689e-06 4.040521918443333e-05
8.30000458 1.487231607753173e-05 4.2000886233599484e-05
8.39997462 1.4526122352098689e-05 4.0031599646416326e-05
8.50001415 3.139766797053219e-05 4.0690356026326643e-05
8.60001092 7.480088980438793e-06 3.591439294588991e-05
8.70001287 -4.666933895332254e-06 3.2988473524349726e-05
8.79998796 1.7686919271479464e-05 3.458879333375716e-05
8.9000086 1.7374291210752402e-06 3.1428679654027636e-05
9.00000528 4.596690807146824e-05 3.583532860068345e-05
9.09998687 2.970503307190891e-05 3.258466507915491e-05
9.20000113 3.65377094412703e-05 3.2174324003729405e-05
9.29998325 3.241799447967939e-05 3.0495945481614467e-05
9.39997421 2.5782312305052748e-05 2.8286644551368367e-05
9.50003647 1.1486710727662243e-05 2.54631523233074e-05
9.60001486 3.7243549320604834e-05 2.7653679847626868e-05
9.69998217 4.225439341054023e-05 2.7599311305407838e-05
9.8000047 5.566291092532749e-05 2.878300413456625e-05
9.89999679 5.882701920879808e-05 2.8862584087311767e-05
9.99999901 6.341731980289851e-05 2.9317990905428593e-05
10.0999745 8.166164160011004e-05 3.223810186028126e-05
10.1999456 8.013692715118893e-05 3.294817044872074e-05
10.3000513 0.00010230623411007772 3.682847181064135e-05
10.4000022 8.552812333085577e-05 3.500348054597099e-05
10.5000108 0.00011046111750059889 3.772577017620699e-05
10.599978 0.00011277616885771143 3.710691854169472e-05
10.7000236 0.00011151302020815394 3.623502861352085e-05
10.8000311 6.230454016211635e-05 2.945942892437073e-05
10.8999934 0.00010119409851833515 3.441079936115931e-05
11.0000138 0.00011987265562939143 3.7212405712239577e-05
11.0999837 0.0001397036786506377 4.019985600816407e-05
11.2000138 0.00014550155958692031 4.1766728896560506e-05
11.2999848 0.00012100734174561906 3.955836366470062e-05
11.3999723 0.000142916363072692 4.372102640723913e-05
11.4999941 0.00016656707722758566 4.8595524245278554e-05
11.6000381 0.00021282912066590334 5.869049949381046e-05
11.6999697 0.00025911792085833534 8.053418577816515e-05
11.8000223 0.00019830973111639814 0.0018952251088588585
11.8999954 0.0002954422425598275 0.00014807315391813348
12.0000059 0.0011413339854585815 0.000369522568108329
12.0999648 0.00034372722405554495 0.00037007599486426024
12.2000217 0.00013405037635684186 0.0005327858510482831
12.3000162 0.000527653399843847 0.001333406501693432
12.3999921 0.00026158421084790005 0.0024796668308585674
12.5000105 0.0007577036340390791 0.0034326801799145585
12.5999818 0.00041082943510725213 0.001660037220483642
12.7000098 0.0005214787315624616 0.001256022614993259
12.8000185 0.00046271161936527715 0.0010318413558542995
12.8999965 0.00039854762952440176 0.0010469193099811101
12.9999603 0.00029327884545390177 0.0016823771666410186
13.1000129 0.0003761773670207302 0.0027875874511149655
13.2000228 0.0006615319130438743 0.0024793893561565494
13.2999813 0.00039425830135959524 0.0006272340284142209
13.4000125 0.0003944350172869198 0.00045184860365287554
13.4999663 0.0003613639307962665 0.00035774898409504457
13.6000469 0.00043866080654306525 0.0003534371900277471
13.6999966 0.00039425094317450206 0.00032416895332423667
13.7999945 0.0004445476712118683 0.0003228391755736684
13.8999945 0.000500136410516753 0.00038711798121451527
14.0000289 0.0003100293078946818 0.0003304317887603297
14.1000025 0.0004786644636777828 0.0003634782827113594
14.1999148 0.00042733383354258474 0.0003183304506447884
14.3000833 0.0004686301180566319 0.00029955417109023996
14.3999975 0.0004573795780937077 0.0002497131173924157
14.4999947 0.0004466928922953555 0.0002214376760372915
14.5999446 0.00040724162156220673 0.0001961661403211599
14.699993 0.00044057765314381154 0.00018432811726069593
14.8000258 0.0004000413639388603 0.00016506190476062337
14.9000142 0.0004309138059519015 0.00016969433622743494
15.0000022 0.00038303252474185907 0.00016147421670906762
15.1000184 0.00042724077715761377 0.00016269376235624697
15.1999801 0.00038277826907634753 0.0001583183147591285
15.3000115 0.0004605380374745368 0.00017504934965945963
15.4000504 0.00045455806537385773 0.0001668860398105739
15.4999729 0.00042452572567099186 0.0001582741582092001
15.6000869 0.0004886456010970534 0.00016480159031298375
15.6999717 0.00044445384774201665 0.0001472303944076684
15.8000014 0.00047110646510610223 0.00014889600415808973
15.8999711 0.0004482059499249517 0.00014385177561189222
15.9999797 0.0004132155148816356 0.00013797027301417513
16.100068 0.0004409986584583924 0.00014980945856289004
16.200001 0.00037444349697137645 0.00014748454111807334
16.2999882 0.0003778070857478149 0.0001721236294799942
16.4000304 0.000681782346919474 0.0005407245896845267
16.4999956 0.0006110606928929688 0.0004458240234352247
16.600016 0.0005868956450583321 0.00041338034698318164
16.6999802 0.0005923091899447032 0.00037279762894513123
16.8000024 0.0006875838747532544 0.00037185646676253064
16.8999229 0.0006365596866367784 0.00032476095142672105
16.9999056 0.0006047959188483435 0.0002970689080175049
17.1001703 0.00063832421095597 0.0002744144963342481
17.1999567 0.00066031817311964 0.0002600032601392404
17.3000095 0.00046157432817139514 0.0002111218071858137
17.3998972 0.0004910445490958487 0.00019924407852744418
17.5000441 0.0005241428972907702 0.00019062777010634639
17.6001355 0.0004951820056930174 0.00017108706322748358
17.6998935 0.0005049644800929117 0.0001629955024546489
17.8000898 0.0005061908507562514 0.00015144186264700533
17.8999606 0.0004580036024578244 0.00013533971269800527
18.0000054 0.0004494827494666705 0.00012553759761391877
18.1000503 0.0004533154772696458 0.0001180880536331083
18.2000226 0.00043338283361775464 0.00010822786227735066
18.3000107 0.00041932803962843 0.00010031084470005592
18.3999138 0.0004374149737432535 9.730703062956206e-05
18.4999909 0.00043410453112938954 9.180226477521903e-05
18.6001164 0.000456804777427451 9.070351633584835e-05
18.6999315 0.00046122306208605404 8.755221285652711e-05
18.800015 0.00044444154630054593 8.23241254493965e-05
18.9000079 0.00044226032068324486 7.929683108280631e-05
19.0000672 0.0004526625877136729 7.80735366832654e-05
19.0999693 0.0004344410073178668 7.369168639809057e-05
19.2000238 0.00045173108610458974 7.369527495673318e-05
19.2999755 0.0004219057033332352 6.831340141436416e-05
19.3999891 0.00043333125907707665 6.793314154302361e-05
19.5000192 0.00042603520404158756 6.550415764126062e-05
19.5999875 0.0004026260802526926 6.136384481784268e-05
19.7000347 0.00041905871833148103 6.199041529027592e-05
19.7999553 0.0004177290546962919 6.0710876348666574e-05
19.8998267 0.0004117301954627711 5.9019152771905774e-05
20.000155 0.0003994000601540243 5.671774916381623e-05
20.1001465 0.00038791354827277656 5.4636613218942696e-05
20.1999425 0.00040685756009140847 5.6146900229740776e-05
20.2998589 0.00040123771193035205 5.491319551898108e-05
20.4000205 0.000401490296639171 5.44294181692546e-05
20.4999735 0.000392486653040397 5.2938452911508245e-05
20.6000438 0.00038837787487463923 5.205897381958582e-05
20.7000805 0.00039095823994399247 5.197944764978496e-05
20.7999268 0.0003849910739039037 5.096025978986282e-05
20.9001343 0.00037623977444761395 4.965132084627895e-05
20.9999785 0.0003680440042514891 4.8439295867170995e-05
21.1000537 0.00038066181453414285 4.961975802131201e-05
21.1999487 0.00036985574995163605 4.8153915925420054e-05
21.3000156 0.00036299201062040177 4.714742509263119e-05
21.4000212 0.00036207900898850006 4.684731944375831e-05
21.4999126 0.00036241811345451026 4.67046777576308e-05
21.6000929 0.0003648988493740647 4.682456777440036e-05
21.6999798 0.0003637156476457839 4.653753519979775e-05
21.8000181 0.000355525783774872 4.5470706422119724e-05
21.9000816 0.00035718004859242096 4.5530663005937945e-05
22.0000001 0.0003575505724261559 4.54588156904412e-05
22.1000364 0.00034883275707112084 4.4367257872145394e-05
22.20002 0.0003497823472781211 4.4384002619477207e-05
22.300059 0.0003518890357394399 4.4544713774265874e-05
22.3999786 0.0003496532945929831 4.422946750862077e-05
22.4999704 0.00034452448386083364 4.359969271804191e-05
22.5999406 0.0003481840151437253 4.398279413619189e-05
22.699919 0.0003408280017137569 4.313890782708195e-05
22.8001486 0.00034322478969815316 4.342101215344085e-05
22.899896 0.00034487517556663455 4.3645886927486166e-05
23.0997647 0.0002859820262733778 3.304798596577437e-05
23.1998696 0.0002854759195171732 3.299525357993354e-05
23.300003 0.0002866679983022451 3.313428663786124e-05
23.3998412 0.0002886223441362139 3.336069524459624e-05
23.5001325 0.00028850026895659427 3.3354868537556274e-05
23.6001038 0.00028900881708123616 3.341926785287688e-05
23.7000115 0.00029070562152918455 3.3620193086783934e-05
23.800028 0.00029048953855292275 3.3608941363831444e-05
23.8996786 0.0002897142849367193 3.353716811950838e-05
23.999979 0.000291220063825634 3.372239986063898e-05
24.100223 0.0002903594639113661 3.364471533656884e-05
24.2001594 0.0002912919054860272 3.376916720301885e-05
24.2998183 0.0002913474479192256 3.379817438104591e-05
24.4000094 0.00029206238123339717 3.390092644579593e-05
24.5001473 0.00029265218999852187 3.399200869692412e-05
24.6000226 0.00029356321818198766 3.411937989856126e-05
24.6999179 0.0002946782286602907 3.427051541634964e-05
24.8001252 0.0002961060479254535 3.4457055388710714e-05
24.8998316 0.0002963684258945651 3.4512615689933435e-05
24.9999855 0.0002970366734125058 3.4613300139331366e-05
25.1000731 0.00029775691252525066 3.4718895969873464e-05
25.2001351 0.0002988518320750481 3.486704724540736e-05
25.3000566 0.00029793177536860854 3.478748289715852e-05
25.3998247 0.0003023339893944701 3.530576556918825e-05
25.500064 0.00030123715209702 3.520445010981399e-05
25.60008 0.00030491422756798045 3.563977464267357e-05
25.7000202 0.00030678390030606037 3.587087171880751e-05
25.8001454 0.00030581320889184647 3.578186914095066e-05
25.8997931 0.00030736515741710434 3.5976187167543314e-05
26.0002135 0.000308795224058467 3.6154918815624475e-05
26.0998014 0.00030916015209532576 3.621523485612763e-05
26.2002112 0.00030997856278887017 3.632469126330652e-05
26.2999269 0.00031250926386988995 3.66274809350471e-05
26.4002337 0.0003115994947529037 3.654218545459088e-05
26.4996445 0.00030970342751370525 3.634632245461112e-05
26.5999802 0.0003116900210129561 3.6586435812101046e-05
26.7002047 0.00031045874748253507 3.646461954068425e-05
26.7999549 0.00031038757579953747 3.6473299766395396e-05
26.8998619 0.0003109807033339189 3.655684287836531e-05
27.0000995 0.00030898844959006337 3.634931230367003e-05
27.0999468 0.00030851945464771855 3.631367907249883e-05
27.1999307 0.00030726861787169643 3.618992885079982e-05
27.2999244 0.00030665491904686894 3.6138042410693716e-05
27.4002265 0.0003058143786388608 3.606047353890731e-05
27.499847 0.0003049198020978385 3.597668796713509e-05
27.6000079 0.0003026508243053352 3.573766428310403e-05
27.7000232 0.0003010413979372923 3.557170883859719e-05
27.7998819 0.00030002754028193195 3.5471316853572297e-05
27.9000815 0.00029823277194200435 3.528196297569745e-05
27.9999811 0.00029630433863614956 3.507557913471086e-05
28.1000179 0.0002941623801047503 3.4842770932597264e-05
28.2001222 0.0002935414441315295 3.4779109453684845e-05
28.2999607 0.00029502585469751136 3.494930961084621e-05
28.3999814 0.0002935321769966571 3.477685660005261e-05
28.5000478 0.0002945087410817823 3.488203999686184e-05
28.6001535 0.00029697684023526554 3.515176245137233e-05
28.6999553 0.0002945176776119679 3.4862520989094814e-05
28.7999139 0.00029315679976426234 3.4693176705438084e-05
28.9003664 0.00029339309056892847 3.4698150983980485e-05
29.0000103 0.0002965205139582785 3.502533506955046e-05
29.1000668 0.0002948263475714637 3.48063056631089e-05
29.2000498 0.0002937336190954388 3.4654225014889544e-05
29.3000206 0.00029613340561013 3.489168723375698e-05
29.400184 0.00029494275187067805 3.472617864853945e-05
29.4998967 0.00029548044620539564 3.4754596810456794e-05
29.5997153 0.00029587564798818554 3.4767691159914845e-05
29.6999955 0.0002954421110024073 3.468884246925692e-05
29.8005947 0.0002957817822469147 3.469801065344203e-05
29.8994669 0.0002971683738277191 3.482941750933634e-05
30.0002474 0.00029847178727974164 3.4951227847260656e-05
30.0998588 0.00029767850081373115 3.484178035312692e-05
30.1999849 0.00029860920756312785 3.492771324815236e-05
30.300104 0.0002979789360528081 3.484134203251025e-05
30.3999076 0.00029787973555738337 3.481865588824757e-05
30.5002187 0.00029939854269491357 3.498051746828924e-05
30.5998932 0.0003004956806922173 3.509779922852879e-05
30.7000674 0.0003014531088813516 3.520307367024856e-05
30.8001244 0.00030299877824685917 3.5377825819203694e-05
30.8997434 0.00030114346031254337 3.517366893373394e-05
31.0002446 0.0003025191418381614 3.5335240447825956e-05
31.100137 0.0003026707492343444 3.536336834979126e-05
31.2000389 0.00030398886164027 3.552664767145917e-05
31.3001845 0.0003047486485500902 3.5630535847612744e-05
31.4000888 0.00030683204995324384 3.588729322623469e-05
31.499822 0.0003050852324848472 3.571707811363826e-05
31.6002724 0.0003078592322336818 3.605845743956798e-05
31.6998054 0.0003082829097422906 3.614063982042222e-05
31.8001326 0.0003076300364427789 3.610510306606348e-05
31.9001822 0.0003084572507886246 3.624011914051329e-05
31.9999429 0.00031040882544102264 3.650720426046658e-05
32.1001611 0.0003089868659778735 3.639739162154463e-05
32.1998229 0.0003108514012033262 3.666241490790817e-05
32.3002759 0.00031133838308031376 3.677725388735373e-05
32.3999852 0.0003133620524221425 3.7069075923386556e-05
32.5001393 0.0003131739153243449 3.71155430821456e-05
32.600133 0.0003152162587600562 3.7418493540389506e-05
32.699608 0.0003143271969538142 3.73959128422113e-05
32.8003952 0.0003158492908024869 3.7647812299867975e-05
32.8996828 0.0003172336001696469 3.788904834261046e-05
33.0002852 0.0003182099596833502 3.808761418471494e-05
33.1000723 0.00031938213786606416 3.831225522902665e-05
33.1998342 0.0003195644808786976 3.8429814765457536e-05
33.3003805 0.0003174986533995815 3.8297863709084074e-05
33.3998969 0.00031841194469063545 3.85023405524812e-05
33.5001015 0.0003196519155367157 3.8745081882831125e-05
33.6001711 0.00031603583130997143 3.843820578552343e-05
33.7001908 0.0003191117504782215 3.889591047689964e-05
33.7997808 0.00031697913588451447 3.877210596703786e-05
33.9001491 0.00031837120343437657 3.9047548414599697e-05
33.9996982 0.00031785895146428514 3.911225137873923e-05
34.1000238 0.0003164785212811448 3.908148983825641e-05
34.200083 0.0003214241453608171 3.976658735492468e-05
34.2998659 0.00031716951698113185 3.9419350704046183e-05
34.4002328 0.00031600388885286986 3.9426582118961465e-05
34.4999244 0.00032139813650257766 4.0171530218187544e-05
34.6000976 0.00031544917086117735 3.964792654179733e-05
34.6996736 0.0003119015129204015 3.939430795375638e-05
34.8004182 0.00031383578636804603 3.976489211700975e-05
34.9002564 0.0003157107458958167 4.012933134769573e-05
34.9999685 0.0003151517318814848 4.022347170505325e-05
35.0996479 0.0003139629450148218 4.025131206135969e-05
35.2002005 0.0003240757125657341 4.155702083935798e-05
35.3002107 0.0003178528643417527 4.102398695716681e-05
35.4000741 0.0003090567262663432 4.020323198709762e-05
35.4999892 0.00030656840799075854 4.009683059069204e-05
35.5999521 0.00031653007865107955 4.139878055622895e-05
35.6997506 0.0003081798852251533 4.06361360519851e-05
35.8002149 0.00031227058701216215 4.128128846395551e-05
35.8998772 0.0003037656808096278 4.050693686031361e-05
36.0000959 0.00031338200709078305 4.178255069241162e-05
36.1000237 0.00030765472201799225 4.132188629707094e-05
36.1998654 0.0003068735084731991 4.142678324683503e-05
36.3004763 0.0003046978582724296 4.137522505102205e-05
36.3999156 0.0003080753680455195 4.194529348899429e-05
36.5000101 0.00031243767038306383 4.2635727154846875e-05
36.5999999 0.0003033526494831258 4.1803894733489365e-05
36.7000987 0.0003055465312389188 4.2252646458412735e-05
36.8003039 0.0003082838497585871 4.2758195162384015e-05
36.9000565 0.00030157963494112394 4.220381106843502e-05
37.0000157 0.00030005478451136403 4.2232458715497686e-05
37.0989434 0.0003064427627958423 4.316310795004947e-05
37.2010023 0.0003005596131056707 4.2707516390648466e-05
37.2999859 0.0003035871405463892 4.326797564884919e-05
37.3999549 0.0002988344785768087 4.2946789850662704e-05
37.5000015 0.00030272636878688543 4.360660233325931e-05
37.6002383 0.0003042723668935322 4.401550155235848e-05
37.699851 0.0003084321751399915 4.471703236713722e-05
37.8001096 0.0003031352386721164 4.435892668701192e-05
37.8992597 0.0003060720053947631 4.4938062800763866e-05
38.0001112 0.0002998478100207835 4.448352526522912e-05
38.1007891 0.00029619724386716637 4.433349989774015e-05
38.1997363 0.0003056345331197816 4.566537905308769e-05
38.3002775 0.00028972907977369597 4.414464970695128e-05
38.4003855 0.00029551476239819766 4.5086856958277216e-05
38.4996857 0.0003031169384729856 4.62258775355619e-05
38.6002314 0.0003116860417549003 4.7496790794628626e-05
38.6999574 0.00031140046696804413 4.776441273560745e-05
38.799831 0.0002886534308866191 4.5499325271903094e-05
38.8999741 0.00029734066844360184 4.681178034388317e-05
39.0006355 0.00028837013474653915 4.609871235995224e-05
39.0995705 0.0003029663892018663 4.8076519741361106e-05
39.2005155 0.0002952909579281704 4.756230953024321e-05
39.2995851 0.00030996745008436157 4.959060897025801e-05
39.3999177 0.00029553072496707504 4.833427959197977e-05
39.5008915 0.0002799762334498329 4.6952775767007674e-05
39.5991806 0.00029293800952179933 4.883295741088596e-05
39.7006645 0.00030337256517708975 5.0422775383706826e-05
39.7998221 0.000306509573179102 5.120667225118674e-05
39.9002568 0.00029481928608890575 5.0310808165306884e-05
40.0004152 0.0003130987357493156 5.283300240768822e-05
40.0997637 0.00029239821619142167 5.09435621502894e-05
40.2002672 0.00028833256931387873 5.0945869143960213e-05
40.2999486 0.0003026950730405469 5.307193368296524e-05
40.4001256 0.00029135170602142635 5.229567595055217e-05
40.5002658 0.0002891468802794324 5.2545628843211985e-05
40.5992873 0.0002885761096775859 5.3017085374060303e-05
40.7006892 0.000297705984654426 5.459647424921762e-05
40.7997423 0.0003075281466646712 5.625263784804073e-05
40.8995521 0.00030946535234736833 5.7066298933120904e-05
41.0005381 0.0002862637559939946 5.496814230629009e-05
41.0999536 0.00029424566794705384 5.6499458494078196e-05
41.2006846 0.00029508137831712366 5.716502604491359e-05
41.3000986 0.00030338614461012037 5.874227078232548e-05
41.4001335 0.00029243004823079066 5.807399901204911e-05
41.500232 0.0003117344838200187 6.089398091499189e-05
41.6002501 0.0002918338714902871 5.928907372129787e-05
41.7001831 0.00030481819138565656 6.139283320211137e-05
41.799598 0.00029782859517053334 6.119596640517945e-05
41.8999184 0.00028481659310750383 6.033932564061574e-05
43.0001214 0.0003417508681444795 4.425798237630849e-05
44.0000085 0.00032663450207904 4.2051511475547e-05
44.999981 0.00031958846123178545 4.080055875512276e-05
45.9999233 0.0003129646398057722 3.961908175754153e-05
47.0002344 0.0003079762723168708 3.867679877342746e-05
47.9998748 0.00030440781405907577 3.8017746758904285e-05
48.9999023 0.000298404528465432 3.726245849064592e-05
50.0000688 0.0003006222368182639 3.7664206587538374e-05
51.0000132 0.0002967430910173354 3.750492763218684e-05
52.0000618 0.0002960619858955985 3.732215859205367e-05
52.9996661 0.00029022652648602105 3.612036842355156e-05
54.0001137 0.0002842694643132757 3.4919918428671855e-05
54.9999425 0.00028291677580715265 3.4370108390787425e-05
56.0002846 0.0002830902524163683 3.4078068378202346e-05
56.9999354 0.00028141690668613637 3.363666286943216e-05
57.999961 0.0002843345911398289 3.3747344701760923e-05
58.9995642 0.00028603185390022674 3.3741018956325795e-05
60.0001321 0.00028461795842733064 3.341321956738722e-05
61.0003662 0.0002851356980309834 3.3333462729366855e-05
62.0000633 0.00028574131609268843 3.328957379636218e-05
62.9998162 0.0002874608926206076 3.339459867075704e-05
63.9996344 0.0002902574741240545 3.364297712508927e-05
64.9998961 0.00029202369793693056 3.3794567720845746e-05
66.0000961 0.00029390287325729435 3.397665560741597e-05
67.0000481 0.0002976553895891782 3.437915272763211e-05
68.0003087 0.00030117018178978246 3.474784907418765e-05
68.9998125 0.0003026106218875794 3.4865263304913035e-05
69.999993 0.00030625757553116775 3.522011579134628e-05
72.0001239 0.0003220402475531414 3.809239320248032e-05
72.9991664 0.000319793105178895 3.741521181960899e-05
73.9997862 0.00032348452960122173 3.765063849292501e-05
75.0002234 0.00033079454742747914 3.8479007454247975e-05
76.0005637 0.0003334468617711906 3.859585204982299e-05
76.9999167 0.00033680644948101706 3.8851733408218255e-05
78.0004584 0.00033965279562871983 3.90931749437598e-05
78.9996644 0.00034336393813503294 3.943594305041084e-05
79.9999504 0.00034653314629724504 3.9728298182033714e-05
80.9997857 0.0003507680052382293 4.015108671434523e-05
81.9998607 0.00035484644763448457 4.05632200459511e-05
82.999529 0.00035710842586605436 4.0770613830121726e-05
84.0003859 0.0003618609736509088 4.125798140524405e-05
84.9994712 0.0003652956208078012 4.160318786727481e-05
86.0003041 0.00036860512885751346 4.193763102395684e-05
87.0002205 0.00037181100678753516 4.2263134495766824e-05
87.9998505 0.00037548501287221545 4.2645805887825395e-05
89.0000805 0.00037827591003844143 4.293163695407144e-05
89.9995393 0.0003801140006509856 4.3107188141894756e-05
91.0001007 0.000383042331825492 4.3406550901647086e-05
92.0001748 0.0003850263257103214 4.3605583692562505e-05
93.0000081 0.0003864359171519747 4.374269214104097e-05
93.9998123 0.00038772776640917417 4.3866171847453e-05
94.9996646 0.0003889470471612109 4.39845187501498e-05
95.9997635 0.0003899264241861151 4.4080255054305026e-05
96.9990752 0.0003908063704096374 4.4166885524944486e-05
98.0012384 0.0003911251809652156 4.4191340602640944e-05
98.9994059 0.00039162358309153487 4.423798872165191e-05
101.000101 0.00038738210600838027 4.367091553869338e-05
102.000462 0.00039698619035837186 4.47487206086357e-05
103.000038 0.0004007412312857077 4.516600499414906e-05
103.999092 0.00039842661656594474 4.489997045947734e-05
105.000732 0.0003937996792734425 4.43734979074845e-05
106.000427 0.0004016121841096918 4.524418536339544e-05
106.999484 0.00043426969263570745 4.890670230502354e-05
108.000044 0.00045457960907417373 5.118303176760606e-05
108.999375 0.0004645845514437418 5.2303339019112077e-05
109.999027 0.00046933899934813834 5.283447535430513e-05
111.000637 0.0004482476248594244 5.0459720488702885e-05
112.00063 0.00043305855778315853 4.874971412971609e-05
112.99948 0.00043089109867461886 4.8502802118807685e-05
113.999604 0.0004326001364242801 4.8692199851490704e-05
115.000405 0.00043482984582618933 4.894048315081913e-05
116.000636 0.00043767181580393807 4.925760703521471e-05
116.999802 0.0004383077825060319 4.9327437038543786e-05
117.999849 0.00043332654965999655 4.876686710108582e-05
119.000149 0.00042694381682060507 4.8049068125936086e-05
120.000224 0.0004214708586415774 4.7434235947820506e-05
120.999938 0.00042119230775729467 4.740342416744547e-05
121.999711 0.0004236509008267315 4.768048747375542e-05
123.000095 0.00042475663707195355 4.7804737596162965e-05
123.999106 0.0004294183725706739 4.832895140223591e-05
125.000605 0.0004294669581492846 4.83352214430969e-05
125.999953 0.00043494090614180496 4.895126437284026e-05
127.000168 0.0004391235669718001 4.9423144574017435e-05
128.000585 0.00044207841634369877 4.975736871886055e-05
128.998505 0.0004443361275530679 5.001239927203121e-05
129.999135 0.0004448400467831387 5.007256842764052e-05
131.000496 0.0004439574349133112 4.9976827388979084e-05
131.99958 0.00044237064111299205 4.9802090738218095e-05
132.999346 0.00043955145546292404 4.9489742452338785e-05
134.002357 0.0004354282418588194 4.90327059659971e-05
134.998717 0.00043196836606169134 4.86480437320167e-05
136.001195 0.00042678140642722796 4.8072442728414174e-05
136.999175 0.00042038064417762973 4.73594191796297e-05
138.000169 0.0004152735256489337 4.6793205451360254e-05
139.000727 0.00040937571856802503 4.613921432350828e-05
139.999276 0.00040262347582126874 4.538987581861406e-05
141.000522 0.00039673075446042976 4.4739459192496574e-05
142.000283 0.0003903909699607496 4.4040529468424445e-05
143.001038 0.0003857810999426151 4.353857171839943e-05
143.999257 0.000378809498783394 4.277350657223055e-05
145.001125 0.0003729353763465539 4.2136168902256864e-05
145.999415 0.0003675044539432059 4.155081872675944e-05
147.000034 0.00036390671181111336 4.1176264254775336e-05
147.999787 0.00035741974141059333 4.048108399609075e-05
148.999668 0.00035359218583739816 4.0088384019126224e-05
149.999862 0.0003496900392831495 3.9691975386940585e-05
150.982535 0.0003426565490372282 3.8966335457161085e-05
152.01716 0.00033949796891032916 3.864827180068352e-05
152.999427 0.00033522375908710334 3.8214775613156516e-05
154.004454 0.000330238237885846 3.770928214208615e-05
155.002731 0.00032396170759080414 3.7065067137313475e-05
155.997877 0.0003219195901315247 3.689418088013802e-05
156.99841 0.0003167034514840642 3.6369906285770114e-05
157.998506 0.0003145031128490812 3.618639111593077e-05
158.996292 0.0003225568891454515 3.716131497109616e-05
159.997277 0.00031858664411314356 3.6788920548634804e-05
160.996942 0.00031060669283922615 3.5960227663571624e-05
161.997538 0.0003071933741435726 3.564253447421236e-05
163.006292 0.00030134020826677187 3.506885845797923e-05
164.003489 0.0003026743394475453 3.5319881761322776e-05
165.004887 0.0002924033338593569 3.429917070864866e-05
165.998726 0.00029421412112649046 3.465483710148669e-05
166.998639 0.000293372834817515 3.4729532491244856e-05
167.99801 0.00030088454854102105 3.5730879072763176e-05
168.999508 0.00028739022792388414 3.437482353102017e-05
169.995016 0.0002880091834927202 3.460258596729024e-05
170.996572 0.0002815297771698606 3.4020720835243345e-05
171.996262 0.0002785002947125841 3.379530674670604e-05
173.004201 0.0002739551611521214 3.3422857412989904e-05
174.007063 0.00028586929411550415 3.493625283629096e-05
175.002211 0.0002810064672238163 3.460150798978833e-05
176.002285 0.000286046569736302 3.5405188890668126e-05
176.999588 0.00027684625367054293 3.458881383963945e-05
177.99984 0.0002647311522722191 3.341610196127633e-05
178.995455 0.0002716665786893995 3.435951992064969e-05
180.001846 0.0002779645236314727 3.521416597439955e-05
180.995114 0.0002734986472149357 3.484529157212892e-05
181.996485 0.0002654033495666492 3.404029121450086e-05
182.995956 0.0002690910828150967 3.4537581851479004e-05
184.008704 0.00026937775183554256 3.46874511693538e-05
185.003587 0.0002847995220298739 3.654505301017855e-05
186.004289 0.0002719559581392234 3.523282578179322e-05
187.001321 0.00026225933437190883 3.427055089619481e-05
187.996813 0.0002702418087019841 3.5272228945962154e-05
188.997259 0.0002533589032044681 3.34647334245282e-05
190.001934 0.00025933813703987697 3.420788172880589e-05
190.998281 0.0002576839311892607 3.408225501930765e-05
191.99363 0.0002699407317500735 3.550256139733094e-05
192.992147 0.00025789094534193807 3.416873018444147e-05
194.006841 0.00024775222523227967 3.30678361853375e-05
195.003094 0.00023906441757251095 3.21503538549578e-05
196.00298 0.0002528637238291611 3.377516955702757e-05
197.005274 0.0002400522895743043 3.2421642868588245e-05
197.994783 0.00024211636923868922 3.273001578065839e-05
199.001478 0.0002597342272065247 3.4774676616345244e-05
200.000921 0.00024411277268916279 3.3073432212627376e-05
200.997311 0.0002309467238789015 3.163609525081616e-05
201.996138 0.0002560401008022509 3.447756761503766e-05
202.990216 0.00025196651634896175 3.4016514214197055e-05
204.005565 0.00026745947175081734 3.575200928085467e-05
205.006351 0.00024422834820767546 3.314876294289304e-05
206.001803 0.00023425552886118884 3.20401907016479e-05
207.006667 0.00024804921081833845 3.3605946001843295e-05
207.997116 0.0002231122475965998 3.082233425839377e-05
209.002568 0.00024207717938983734 3.29649831944996e-05
209.992115 0.0002591962088102623 3.490233549221104e-05
211.002246 0.00022278467109265173 3.082806798146039e-05
211.997253 0.00020743321413240276 2.9119414559986447e-05
212.991627 0.0002563643230092108 3.4624914461926625e-05
213.997529 0.00023818893364550186 3.2579005090495904e-05
215.007904 0.0002097707714793534 2.940993235009535e-05
216.002908 0.0002471874017666044 3.3661519853133294e-05
217.008158 0.0002255326580085159 3.13153814239285e-05
218.000443 0.00023481258333781437 3.2457723444548534e-05
218.999407 0.00022374336581161086 3.1310743475006105e-05
219.998676 0.00021095949722402374 2.9956359857701213e-05
220.996065 0.00021391087479731666 3.035404605409909e-05
221.997484 0.0002585229286348386 3.5414477672765346e-05
222.994154 0.00021808410511829597 3.090288012991333e-05
223.991424 0.00022370766993064632 3.152773634751185e-05
225.006093 0.00019295790710404629 2.8070915221580035e-05
226.008062 0.00022858426936875264 3.208922949975976e-05
227.004574 0.00020984631313903198 3.0015638312369642e-05
228.00331 0.00021295849001064557 3.0392727883422162e-05
229.000366 0.00021032147320197228 3.010633987978536e-05
229.998932 0.00019833331842175253 2.8754326126286396e-05
230.992923 0.00020616727774003143 2.96016279897163e-05
232.002834 0.00019043893952440003 2.7775820918958493e-05
232.996862 0.00017977720762562678 2.6510680382961605e-05
233.990244 0.00017963284245315746 2.641421295484909e-05
235.001243 0.00020804562885376175 2.9519426484158397e-05
236.005203 0.00015534393704319928 2.3515533125281095e-05
237.012417 0.000186028484515421 2.688041501327297e-05
237.995265 0.00018598066620039764 2.6808299845284715e-05
239.002686 0.00016304033694166634 2.41595660646193e-05
240.003804 0.00019444555932407099 2.760875444259365e-05
240.99186 0.0001774222813907789 2.5614925678904306e-05
242.001441 0.00017094755362344924 2.4802998337490683e-05
242.998848 0.00017327934421518867 2.4976181043672088e-05
243.995099 0.000151280716264436 2.241589839682568e-05
244.991062 0.00013955245293228988 2.1005089519633873e-05
246.01182 0.00015711894331862458 2.2894290791111545e-05
247.003066 0.000157886755960761 2.2907513663215023e-05
248.003916 0.0001367952583841463 2.0478512309209442e-05
249.001183 0.00014687490353594785 2.1555794340579556e-05
249.999887 0.00014883833090655263 2.172576670340779e-05
250.993533 0.00015265471994448197 2.2186073627849478e-05
252.000138 0.00014619318286949862 2.1495685593540256e-05
252.998953 0.00013331440588890825 2.0088393154092857e-05
254.002873 0.00012734712574811422 1.9460094101572163e-05
254.998159 0.00013495704871763345 2.0358725158506804e-05
255.99843 0.00013320370114765996 2.020964424791759e-05
256.997412 0.00013508344404889857 2.04709715787298e-05
258.005099 0.0006195623268424713 0.00018212993910126832
258.995119 0.0005154759230273706 0.00017010696902430562
260.000707 0.0005292358962572161 0.00017159260964764314
260.999788 0.00047232169750221147 0.00016477258150036743
261.997638 0.0004739388524082091 0.0001645524784562306
262.998961 0.0006050535377234755 0.00017885314501662827
263.995869 0.0004805971810444264 0.0001641651894614366
265.000185 0.0004073883698180901 0.0001553695724821685
266.000886 0.0005431729433378558 0.00017019795049154026
267.001923 0.0006378007635302017 0.0001800903899779208
268.002994 0.0005423909176094571 0.00016879829817581505
269.001361 0.0004925883015587555 0.00016256991503754722
270.002904 0.0004659572212440268 0.00015910700694518018
270.999741 0.00048771486772567456 0.00016135754173768875
272.000023 0.00039473468151778306 0.00015107354713441288
272.999638 0.0004010733848074891 0.00015200835843296945
273.999267 0.0005204978537559332 0.0001660417527147262
275.003013 0.0004319303443378499 0.0001572475020415851
275.996667 0.0005511364201855882 0.00017238202906734364
276.998897 0.0005809114375787828 0.00017790178839711786
277.999644 0.0004232711261942798 0.0001628062419227865
279.001538 0.00047024080276989236 0.00017160621329206777
280.00194 0.0004733036128347191 0.00017607728664407365
281.002203 0.0006942823751069675 0.00020610257653914325
282.001479 0.0006231086583293181 0.0002043002822771986
283.001679 0.0007130984367495484 0.0002225921097478628
283.998901 0.0006073769023613399 0.00022224677105294862
284.993439 0.0007350930508222673 0.0002528795986475428
285.999474 0.00032714240235884843 0.00023257238682563086
286.990995 0.0010013127231407785 0.00036695194007475303
288.00559 0.001127853866282117 0.0005761764632734736
289.001651 0.0024666375232381974 0.0018509826217892862
289.998523 0.005329571899659369 0.005751262567202022
291.004349 0.005808643734685892 0.004473456672178469
291.998727 0.005054507056738255 0.004850477642448065
292.999085 0.007984422396894455 0.0066868960675145455
293.995172 0.004893092222176001 0.007438934139235936
294.995801 0.008020358946494404 0.007960894582800821
295.997575 0.009374326516038067 0.006884629275469323
296.996874 0.008855217948290629 0.005643860351602354
298.00399 0.007888377965645163 0.004582164986545085
299.006544 0.006500623774047399 0.0037974197003625065
299.998714 0.008396338977888695 0.003629558290121568
300.993628 0.005812872201951893 0.0029728390527869034
301.998185 0.00608475742125502 0.0028000220111654575
302.996667 0.0075375379222300766 0.0027803426075960814
304.002467 0.007066909983359888 0.0025501762111730455
305.00787 0.006707217877999745 0.0023599168443055223
305.999448 0.005294142718849099 0.002035982792388372
307.001111 0.0062414133068170756 0.0020259293666523774
307.997022 0.005455593462207086 0.0018026684827932363
308.996664 0.005232587070585136 0.0016581096824483986
310.00421 0.00486728454050871 0.0015089421022549173
311.00721 0.004721248871939829 0.001392649052860447
311.994557 0.004321903970736247 0.0012519821008511371
313.000578 0.003815334773521034 0.0011118815774293434
314.001052 0.004057029813996046 0.0010704866788742789
314.997112 0.0035608319982216173 0.0009577135465299372
316.010686 0.0035785374251290606 0.0009192182990859948
316.993568 0.0033258627206612205 0.000860119266354004
318.000469 0.003126718892786268 0.0008159313775297516
318.994259 0.003096449173224526 0.00079922003767784
320.016922 0.0013107132919091468 0.0001681192860336205
324.984464 0.0012119645875965784 0.00015698455520924114
330.0022 0.0011839151022273579 0.00015481574060832465
334.984216 0.0011289390565883818 0.00014820806912230395
339.996092 0.0011159848418056152 0.0001453779697243736
345.007594 0.001079061471322535 0.00014036066199070744
350.011529 0.0010482373553361412 0.0001372415998663792
355.012542 0.0010824694431863003 0.00014091749063032817
359.995706 0.0012496421871368486 0.00015893707627404573
364.973075 0.0010465104543102613 0.0001353268123534498
370.006396 0.00107109318816052 0.00013773137222612347
375.043285 0.0010792431598031335 0.00013831780663660522
379.984805 0.0010848928685439473 0.00013838456557036135
384.969293 0.0010558491840763763 0.00013427631353027917
390.004069 0.0010608983926740257 0.000134045642102976
395.005456 0.00103712568641325 0.00013081802231440815
400.048357 0.0010382550336638862 0.00013063934343800055
404.968218 0.0010254907642166659 0.00012951345644518527
409.989218 0.001034022030662732 0.00013035750625232841
414.970925 0.0010452325246005619 0.00013168406550754158
420.039885 0.0010661303558472778 0.00013292717663273643
425.011358 0.001059716066238017 0.00013085911425505506
429.973862 0.0010197231417903004 0.0001253592719655031
434.972405 0.0009939499009584646 0.0001217004913581333
440.000332 0.0009894248208540137 0.00012061004245287415
445.040273 0.0009531807211977368 0.00011615608463424496
449.999678 0.0009571511329058869 0.00011625512576527596
454.988432 0.0009437475218748013 0.00011461548738868018
459.994273 0.0009501827351125275 0.0001151689505086624
464.96968 0.0009306130847915552 0.00011279997844518826
470.017453 0.0009225886256530394 0.00011175950774932702
475.02484 0.0009203417673063744 0.00011141578319421764
480.022438 0.0009053220309252347 0.00010962366470324219
484.987201 0.0009029409379871656 0.00010920104603460709
489.975661 0.0009050597297878451 0.0001092863160744883
494.992777 0.000889153487215794 0.0001073664911694887
499.978869 0.0008794234440590705 0.00010614629961204729
505.019946 0.0008796550741102988 0.00010609172216201583
510.022234 0.0008838290666753008 0.00010658457807994766
515.002375 0.0008801851711039032 0.00010627898332880609
520.004747 0.0008835703159664204 0.00010684574107155491
524.971004 0.0008912055254035176 0.0001080061078766347
529.993816 0.0009055796406188684 0.00010999890874392402
534.999324 0.0008923817723289281 0.00010823963871628125
540.017615 0.0008823382210108548 0.0001067196770827115
545.039502 0.001213213401372706 0.00014366671065451988
549.997063 0.0016715621369780057 0.00019548183849708566
554.981927 0.001486152621213138 0.0001742370948435613
559.980597 0.0012576768014165515 0.0001478659128274146
564.978312 0.00117839242008731 0.00013848385532693258
569.989435 0.0011372704980587452 0.0001334900477833813
575.014501 0.0011139564298941367 0.00013056203419631345
580.029605 0.0010614516650401381 0.00012449356408742476
585.000799 0.001019970764627608 0.00011971164847414682
589.998963 0.0010136141849003877 0.00011882761245789034
594.966942 0.0009728275549944071 0.00011404903575653157
600.004699 0.0009627985383909305 0.00011275005942369909
604.989002 0.0009282592441839713 0.0001086822271981229
610.020345 0.0009156910041290991 0.0001071265899072341
615.016035 0.0009013508369241242 0.00010541978869476419
619.98848 0.0008944172792118378 0.00010457017705749502
624.986916 0.0008869718506202811 0.0001036143740086022
629.992482 0.0008718436727794943 0.00010168019656109518
634.980952 0.0008529564394916943 9.921797132980204e-05
640.002142 0.0008376873178496195 9.729857020904814e-05
645.022088 0.0008233614642403754 9.5593268951761e-05
650.006032 0.0008153446677540775 9.461314993102861e-05
655.005925 0.0008078750758779058 9.367532299428808e-05
660.005553 0.0007913566951469849 9.171026653264105e-05
664.959105 0.0007786322198911382 9.018509150389446e-05
669.982913 0.0007705368872339723 8.919061487766614e-05
675.018897 0.0007536518296334364 8.721452718537243e-05
680.004823 0.000742820690576433 8.592528106850757e-05
685.028195 0.0007346628782052826 8.494767424198243e-05
689.991071 0.0007247459479711479 8.37777631234833e-05
694.977272 0.000729619261326309 8.427118756789284e-05
699.988589 0.0008686750909500277 9.98331493946255e-05
704.992167 0.0008788224541955571 0.00010092271220391502
710.034535 0.0007878624489672393 9.066311238127999e-05
715.001556 0.000744799518820427 8.579771247384466e-05
720.017066 0.0008064512948518783 9.271936114739964e-05
724.982959 0.0007537626112927194 8.675849344596681e-05
729.994876 0.000750959225809002 8.642916071705931e-05
734.975434 0.0007486902823142162 8.61531068845665e-05
739.990802 0.0007264800508334683 8.363137987158005e-05
745.021433 0.000721118185219686 8.299797834479845e-05
750.01636 0.0007175564355480381 8.254552758341842e-05
755.004242 0.0007195438089837689 8.272667010110597e-05
760.005867 0.0007196945431727543 8.27173043764073e-05
764.999095 0.0007264136287974528 8.346057486561761e-05
769.985524 0.0007277451076657728 8.359573620453713e-05
774.981643 0.0007295017024417529 8.376637131776442e-05
779.984813 0.0007342725070754182 8.426556950850137e-05
785.000883 0.0007369273479500328 8.453083629390552e-05
789.995081 0.0007461479566907153 8.554404269946596e-05
795.001115 0.0007506648502164486 8.603577676672688e-05
800.014244 0.0007581416224120306 8.686410538393461e-05
805.018949 0.0007619511577802861 8.728492711688143e-05
810.006033 0.0007736229752131916 8.859318454741803e-05
814.99046 0.0007802839729487259 8.9337783306644e-05
819.995963 0.0007964901711227573 9.114967280567487e-05
824.994238 0.0008027387855109371 9.18405893358732e-05
829.987055 0.0008147346228846712 9.318277475819436e-05
835.012158 0.0008274927729455448 9.461269772451424e-05
839.992356 0.0008349486190744323 9.544776143081141e-05
845.006311 0.0008436387516662681 9.642061570582797e-05
850.003624 0.0008570440710728856 9.791890356861299e-05
855.016129 0.0008652050411891366 9.883341071602878e-05
859.999693 0.0008813749152794517 0.00010064570651546947
864.997084 0.0008995927455074122 0.00010268735744353839
870.007767 0.000906180676848301 0.00010342215605436705
875.007479 0.0009174123969409806 0.00010467944474820497
879.992263 0.0009271089631050942 0.00010576410579221522
884.992195 0.0009388615901600059 0.00010707840092341286
890.005294 0.0009506360437765104 0.00010839528271201448
894.998061 0.0009588198789006925 0.00010930966548860442
900.010858 0.0009684637161836528 0.0001103879695189164
904.986358 0.0009747604531308088 0.00011109178117551265
910.001627 0.0009818189458448581 0.00011188199245106124
914.997632 0.000988817296934981 0.00011266576321923012
920.00377 0.0009989495266494064 0.00011380259739142114
924.990809 0.0010045447223066821 0.0001144312790692653
929.997131 0.0010116725085026132 0.00011523475838321441
935.001707 0.0010184683840794592 0.00011600296586905656
939.993925 0.0010441835737443502 0.00011890105339004678
944.987175 0.0010451282183580205 0.00011901739849770462
950.00386 0.0010444095763377209 0.00011894163915213741
954.987052 0.001057857950478932 0.0001204600297096738
960.010248 0.001072841749118029 0.0001221521854915422
965.001593 0.0010823368619523386 0.00012322734387242186
970.002464 0.0010853948778404836 0.0001235760002725405
974.999203 0.0010949198964406292 0.0001246506886216754
979.995149 0.0011038420238956785 0.00012565815252644024
985.003173 0.0011123301398411048 0.00012661869288734028
989.999605 0.001115165770792429 0.00012694571540817714
995.006116 0.0011192030662486986 0.00012740695141609263
1000.01766 0.0011243112253695924 0.00012798995842415033
1004.99501 0.0011285427329311513 0.00012847599346089988
1009.97857 0.0011353692335556132 0.0001292542514041338
1015.0037 0.0011427645824464126 0.00013009640928597873
1020.00217 0.0011465950473515153 0.00013053835778376884
1024.99539 0.001149232078434625 0.000130846926695663
1030.00965 0.001156138535157037 0.0001316375452787139
1034.99292 0.0011632461479719695 0.00013245387467443993
1040.00192 0.0011721828332357373 0.0001334779334574328
1044.99174 0.0011812712255499346 0.00013452028834847813
1049.99879 0.0011903625402181258 0.0001355648421916208
1055.02067 0.0011948915091473029 0.00013608548708404964
1059.9567 0.0011961444886292784 0.00013624107500448962
1065.023 0.001203028857896742 0.00013703261512742365
1069.98436 0.0012096722984069246 0.00013779914126486257
1075.0164 0.001216967779033294 0.0001386435389145702
1079.99349 0.0012225739915096203 0.0001393031085396435
1085.02843 0.001235530594802537 0.0001407878458962433
1089.99347 0.0012339463357458882 0.00014063797130695798
1094.9995 0.001248203266143127 0.00014226793633325408
1100.00086 0.0012488175295189518 0.0001423688618775545
1104.99238 0.0012572789350425901 0.0001433518858774921
1110.02981 0.001264509320451925 0.00014420004948061425
1114.97561 0.0012726285664890686 0.00014514962346931758
1120.02426 0.0012784661973401661 0.0001458450214994244
1124.98361 0.0012872681615696243 0.00014687136589935774
1130.00148 0.001291494793510508 0.0001473869150511104
1135.00022 0.001299293394331996 0.00014831166424290068
1139.97347 0.0013087422545507118 0.00014942628655246362
1145.05027 0.001316321562335357 0.00015033635052071545
1149.96173 0.0013256030798456371 0.00015144384838825764
1154.98021 0.0013410666469081105 0.00015325647567230235
1160.02572 0.0013741259410450662 0.0001570722159340276
1164.97732 0.0014203267174335153 0.00016241370261065833
1170.02921 0.0014654962952079552 0.00016766516440455976
1175.01493 0.0015158501788734599 0.00017352412015312181
1179.97393 0.0015698621780311428 0.00017982463232901302
1185.02111 0.0016255450199937577 0.00018634298550880798
1190.0016 0.0016873596570872054 0.00019358993330743481
1194.98182 0.0017577531180502691 0.0002018477768662975
1195.00749 0.0030994872919304322 0.0004086333777454364
1199.99989 0.003209366355146054 0.0004239191112650275
1205.00927 0.0033092775515791407 0.00043602429670507384
1210.00774 0.003377779719488912 0.00044469648398143025
1214.99646 0.003525898553485182 0.00046243476022049995
1220.00282 0.003556730317302197 0.00046714634995847343
1224.99503 0.003657030274037206 0.00047977503091732626
1230.0043 0.0036779350654254942 0.0004836519579679712
1234.99011 0.0037724998899741104 0.000495960068288804
1240.00357 0.0037781679099093395 0.0004984726146406405
1244.98573 0.0038598061471014195 0.0005097195791011852
1250.01303 0.004035356451991953 0.0005317335804136141
1255.00113 0.003951721060698297 0.0005249305465600479
1259.99393 0.004114748093079881 0.0005461996138139232
1264.98758 0.004131432067546795 0.0005511658939442837
1270.00595 0.0041589461466304215 0.0005573546903174885
1274.98815 0.004311651641609206 0.0005778547222399564
1280.0224 0.004398714993582081 0.0005912886475419535
1284.96469 0.004349976874451947 0.000589783656073549
1290.01807 0.004484758989256568 0.0006092265635280926
1294.98151 0.004522342411464671 0.000618102626625554
1300.01284 0.0044381066870581255 0.0006136797835239798
1304.97737 0.004605221340896949 0.0006378998639775974
1310.01931 0.0046751375141424875 0.0006516963819818935
1315.00253 0.0047176985875076495 0.0006628768005973612
1319.99131 0.004814031736865657 0.0006807171343780222
1324.9879 0.004866112945306328 0.0006942735193133638
1330.00078 0.004995188431093382 0.000717125633702544
1334.98872 0.0049625473290590555 0.0007225226102061337
1339.99141 0.00504386390422615 0.0007415589480650515
1345.02114 0.005155204030701137 0.0007649144211224007
1349.98954 0.005196017928222296 0.0007813351080664586
1354.98732 0.005088238167611937 0.0007821013381543549
1359.99877 0.0054123367895471276 0.0008331927774686743
1364.98078 0.005319399085379918 0.0008383930307490343
1370.01023 0.005397221369411823 0.00086464484485898
1374.9744 0.0055809092529682525 0.0009048512922301992
1380.01138 0.005997745050352627 0.0009737671989375203
1385.01803 0.0054164452701101415 0.000932136356584473
1389.98793 0.0057626573287659225 0.0009976325946192935
1394.99653 0.00588937458251419 0.0010419090325740675
1399.97754 0.005705158675132784 0.0010544315837030473
1405.02721 0.006638634667789945 0.001197390004494193
1409.99195 0.006238187534199645 0.001194054670804732
1414.96974 0.006705437796945816 0.0012936738202301264
1420.00036 0.006019906967306415 0.0012699515030463425
1425.0105 0.00620291209072518 0.0013485237372025095
1429.96687 0.006628632279715937 0.001463788727028392
1435.01665 0.007239577242885873 0.0016081888994394172
1439.98706 0.007318848698262791 0.0017031707580628182
1444.99041 0.007051046727197937 0.0017708741433846839
1449.99692 0.006790271319379335 0.0018543752701384558
1455.00142 0.007464593589779823 0.0020596542408003525
1460.00139 0.0076901259037246905 0.0022286222127906184
1464.9816 0.008461459039899312 0.002488444051876719
1469.99918 0.00807050015493703 0.002638841517441552
1475.02401 0.007375056101091012 0.002774748281720662
1480.00114 0.007868701127576818 0.0030996312067224437
1484.98769 0.005513142276388934 0.0031148952627472856
1490.00252 0.008288125633926823 0.00377073244353627
1495.0039 0.009366674278143772 0.004272992259055078