photon_energy_eV    total_yield    yield_error
5.00000439 4.5171044428424506e-05 4.119513307376866e-05
5.09999275 3.0104931830769283e-05 3.292011409361764e-05
5.20000861 2.5117454562647387e-05 2.6820073384552715e-05
5.30000595 3.0559140672309444e-05 2.4163890363678614e-05
5.39998314 8.988980456475058e-06 1.6934732307641567e-05
5.49998564 1.9782745579477878e-05 1.4304529111378449e-05
5.60001561 1.6873898363529288e-05 1.2394146775249273e-05
5.70000576 2.2030418956038577e-05 1.578538679692874e-05
5.80000637 4.063364382053577e-05 2.188123789191434e-05
5.89997811 2.315915239631347e-05 1.636549480133822e-05
6.00000116 3.611089695937985e-05 1.5939650626047973e-05
6.09999378 3.9644646975627106e-05 2.007706263980564e-05
6.19998788 4.829340589806231e-05 2.0347713471999075e-05
6.30000517 2.9959345071298703e-05 1.8264869294114122e-05
6.39998714 3.514226391617827e-05 1.9806829919532477e-05
6.49999531 4.1779805421498194e-05 2.2094295970988883e-05
6.60001279 4.288646857484092e-05 2.17606386398259e-05
6.70000771 5.378614748863961e-05 1.9890237371767415e-05
6.79998713 3.634930433959086e-05 2.0928677610889447e-05
6.90000265 2.5422907852259306e-05 1.919563512272815e-05
6.99999998 4.680166509880825e-05 1.9268678177791193e-05
7.10000843 4.279789459089831e-05 1.845968957361084e-05
7.19999617 1.6794444242518296e-05 1.7407657002451437e-05
7.29999144 3.926754885823442e-05 1.6936972464850154e-05
7.40002806 3.6839234563401076e-05 1.7581091293174887e-05
7.49999833 3.832607156865371e-05 1.914301948367335e-05
7.50000292 5.990081891536258e-05 1.5398220253943136e-05
7.5999966 4.6078465059602646e-05 1.4747994355629209e-05
7.69997867 6.615467347119983e-05 1.4945836349162976e-05
7.8000305 8.11138643740841e-05 1.514281010344863e-05
7.89998742 0.00010216690013538893 1.582101040647009e-05
7.99998142 0.00013294640588731673 1.6533660416209e-05
8.10002405 0.0001912668180680186 1.875579664303339e-05
8.19997889 0.00025660664018487174 2.153268710965622e-05
8.29999332 0.00037160897682517446 2.714928151387517e-05
8.40000921 0.0005220977793391139 3.516640044486669e-05
8.50003777 0.000711884784702598 4.589273360964191e-05
8.59998675 0.0009803610722635841 6.277373743246611e-05
8.70002524 0.0013642167194697625 8.735249141547965e-05
8.79996265 0.0018222893106036393 0.0001166834485234096
8.90002154 0.002500923115499061 0.00016013721416808109
9.00000528 0.003370677279996206 0.00021582865388107938
9.09998687 0.0045133214594609665 0.0002889935802840031
9.20000113 0.0059344793204356774 0.0003799920837322571
9.30001152 0.007753738014320987 0.0004964814781020316
9.39999587 0.009977198646862058 0.0006388524247740467
9.4999996 0.01268463751559106 0.0008122130991913111
9.59999227 0.0159132836603453 0.001018947323027011
9.70001293 0.01969919773765333 0.001261364104919504
9.80002824 0.023975426246268774 0.0015351763290026722
9.89998878 0.02874183007127653 0.0018403750875756705
10.0000154 0.03390494738010038 0.002170975903384061
10.0999495 0.039490058645879476 0.002528597516530755
10.2000306 0.04527879821085922 0.002899257702657838
10.2999906 0.0511656847590445 0.0032762023620548637
10.3999757 0.05697090053247579 0.0036479175402787177
10.5000288 0.0627854078939056 0.004020227670425747
10.5999871 0.06845692218613099 0.0043833817767007
10.700033 0.07437224287301383 0.004762147109324373
10.8000025 0.08048850351382454 0.005153778876840689
10.9000031 0.08690030483759055 0.005564334481458792
11.0000138 0.09376068373222048 0.006003613065240568
11.0999938 0.10124964414921724 0.00648314050483304
11.2000138 0.10897333681426251 0.006977698141893376
11.299964 0.11690849569516644 0.007485796223475342
11.4000041 0.12516330054715422 0.008014361633705752
11.5000157 0.13401028284037822 0.008580844901204572
11.5999721 0.14269871281188462 0.009137175866562479
11.700048 0.15072359277230252 0.009651018900332889
11.7999654 0.1531936838334573 0.009809181899756353
11.9999941 0.1313676645194589 0.008411634766994944
12.1000007 0.1447374739082326 0.009267720272466088
12.199973 0.15621149507036214 0.010002416102506578
12.3000409 0.16754258842584907 0.010727960087517906
12.3999921 0.18102783509859793 0.011591437185698295
12.4999978 0.1912474068703339 0.012245809062776164
12.6000208 0.19461874783377445 0.012461680213132728
12.6999307 0.19598178051260776 0.012548956888955234
12.8000721 0.20110144506321065 0.012876775370670147
12.8999557 0.20605921754134499 0.013194227701854343
13.000057 0.21588181789296337 0.013823181005714983
13.0999709 0.22337107125444292 0.014302727202906634
13.1999516 0.2312540493468254 0.014807484083771498
13.3000247 0.24232316079704525 0.015516253041908979
13.4000272 0.25159898495187405 0.016110195586588473
13.4999514 0.2573548492192731 0.01647875072656804
13.6000166 0.26248471925246947 0.016807222678012438
13.7000579 0.2665278836980355 0.017066111520585743
13.7999478 0.26881900143947096 0.01721281463599572
13.8999945 0.27182860957395394 0.017405523583906558
13.9999968 0.2775851424011409 0.017774121532599944
14.1000188 0.2801594205020616 0.01793895575761892
14.1999312 0.2826070685100824 0.018095681700467544
14.3000833 0.28432563033271396 0.018205723349067733
14.3999297 0.284970200593966 0.018246995983693247
14.5000806 0.2867326041785339 0.0183598448747781
14.5999795 0.2879488346535848 0.018437721623109124
14.7000459 0.2866834003867399 0.01835669429486
14.7999184 0.28641440893227715 0.018339470437842672
14.9001049 0.28457272402827133 0.01822154506537713
14.9999471 0.2831881392289579 0.018132888380504485
15.0999997 0.2799920481071688 0.01792823869523477
15.1999801 0.2768973208682421 0.017730079465316614
15.2999924 0.27502814030762457 0.017610393511798335
15.4000117 0.2729815840336456 0.01747934997098648
15.4999729 0.2701145355527669 0.017295769294808385
15.600067 0.26705003128574883 0.01709954527932979
15.6999516 0.2642114131057513 0.016917785030638195
15.8000014 0.2619239778662316 0.016771317710400926
15.8999918 0.2586310963460902 0.016560470415674804
16.0000633 0.2550026387605751 0.01632813576857172
16.1000256 0.25205122312400235 0.016139152958598944
16.1999367 0.24790263316716551 0.01587351358956102
16.3000533 0.24445673693292613 0.015652868572589653
16.3999645 0.23948209403446666 0.015334336007432661
16.600016 0.21038912902853524 0.013471477313750008
16.7000257 0.21237004950714933 0.01359831811304042
16.8000024 0.21233133778562419 0.013595839353416716
16.8998996 0.2109862397219528 0.013509711053284532
17.0001417 0.21026721298667567 0.01346367087812438
17.0999553 0.20945500008628132 0.013411663877039674
17.1998841 0.20684800803565892 0.013244734937178322
17.3000584 0.2049920761944013 0.013125897315620522
17.4000209 0.20142822074336694 0.012897699223448269
17.5000191 0.19696928603640287 0.01261218809449535
17.6000342 0.19331631214818926 0.012378283638072049
17.7000215 0.1890196832585419 0.0121031651522465
17.8000121 0.1853314841728257 0.011867005182664224
17.9000392 0.180654851347866 0.01156755457275349
17.9999789 0.17645032348145032 0.011298333429869412
18.0999968 0.17241525072949385 0.01103996270849084
18.1999414 0.1679026270302157 0.01075101380665822
18.300038 0.163869369010835 0.01049275928486105
18.4000245 0.15948041475149163 0.010211729090911193
18.4999349 0.15551561876902037 0.009957858278392812
18.6000882 0.1519218333558634 0.009727743733561632
18.6999887 0.1475854184415749 0.009450077699149172
18.7999572 0.14378356481402918 0.009206640288052072
18.8999787 0.14077992836809683 0.009014313714778212
19.0000377 0.13722156736049032 0.008786467438644798
19.0999991 0.13432670410479305 0.00860110574787871
19.2000238 0.13107184370919725 0.00839269299299371
19.2999146 0.1283340440070552 0.00821738827669349
19.4000506 0.1258858070141334 0.008060624620409917
19.4999881 0.12314102001336925 0.007884872498698082
19.5999248 0.12080902855300144 0.007735552188284405
19.6999396 0.11882560654317245 0.0076085512128424675
19.8000193 0.11652413372260731 0.007461185048850932
19.9000532 0.11459304280592858 0.007337534898318213
19.9998609 0.11263461881728667 0.007212134577229784
20.1001135 0.11084852333550821 0.007097768664532334
20.2000092 0.10900026517610209 0.0069794223983570694
20.2998589 0.10727448585397639 0.006868918604297436
20.3998845 0.10551559389781466 0.006756294567142188
20.5001452 0.10376852086220532 0.006644427310153431
20.6000091 0.10218297265233565 0.006542902688431084
20.6999404 0.10062255882978612 0.006442987452755162
20.8001036 0.0990907932574058 0.006344906600129427
20.8999915 0.09754315474648556 0.006245809383528847
21.0000145 0.09607008925216187 0.006151487169828548
21.0999445 0.0946421039982616 0.0060600514999290915
21.1999854 0.09324562134458167 0.005970632980659766
21.3000527 0.09189599131837646 0.005884214493336149
21.4000212 0.09053811199213199 0.0057972677930823
21.5000637 0.08924014064988348 0.005714157075471854
21.6000167 0.08800683184180358 0.005635186780259295
21.6999413 0.086787187359429 0.005557091428797858
21.8000958 0.08562157200081288 0.005482455629255068
21.8999641 0.08451367213604447 0.005411515424487596
22.0000397 0.08343915562055694 0.005342712797049194
22.0999166 0.08243203557421312 0.005278225649261708
22.20002 0.08149575029967927 0.005218274139916517
22.3000996 0.08061938003228876 0.00516215906291558
22.3999786 0.07982361516480713 0.005111205249812889
22.4999704 0.07908051502420856 0.005063623624601823
22.5999824 0.07843177046199469 0.00502208370429968
22.7000453 0.07780077951439335 0.004981680569997811
22.8001061 0.07725673005738139 0.004946844407352257
22.8998532 0.07672421967709857 0.004912747106125521
23.000131 0.07628106096262341 0.004884371103068667
23.0999827 0.07588922643612202 0.004859281451531626
23.1999136 0.075483454942585 0.004833299398680364
23.300003 0.07511589964897174 0.004809764376589046
23.3997964 0.0748340119064254 0.004791714754223709
23.5001325 0.06951326297038563 0.004451020589487196
23.6001038 0.06913530220107675 0.004426819291859591
23.6999197 0.06911282185287157 0.004425379847235006
23.800028 0.06897815627094604 0.004416757042719253
23.9000053 0.06878586698658962 0.00440444452094664
23.9998849 0.06843471795641347 0.00438196001228592
24.0999857 0.06825384356704213 0.004370378400420776
24.2002073 0.06791433194958439 0.004348639049754439
24.2999148 0.06761830572513629 0.004329684122827646
24.4000581 0.06750434642069808 0.004322387166984352
24.4998531 0.0673342285771504 0.004311494310111953
24.6001215 0.06716306098178704 0.004300534236326611
24.7001173 0.06640206882396739 0.004251806963024298
24.8000749 0.06622432420187142 0.004240425754046137
24.8998316 0.06583650363763836 0.004215593121499981
25.0000366 0.06555635210697527 0.004197654670938553
25.1002276 0.06522449127119713 0.004176405209328296
25.1996162 0.06500971774885887 0.004162652993863867
25.3001089 0.0647075090007588 0.0041433021922666294
25.3998247 0.06467917613195201 0.004141488003476901
25.5001703 0.0643894851749223 0.00412293873159368
25.60008 0.06409287679487244 0.00410394652852045
25.7001821 0.06400080781621799 0.004098051237433072
25.7997103 0.0632333288097176 0.004048908603150636
25.8999576 0.06328107597178037 0.004051965913257364
26.0002135 0.06292469197399794 0.004029146203117024
26.100024 0.06273935063400511 0.004017278566853961
26.1998746 0.06269174574281948 0.00401423036652825
26.30004 0.06221429500169989 0.003983658602401819
26.4000059 0.062121955108234886 0.003977745964302542
26.4999888 0.06198857597608838 0.003969205532764392
26.6000958 0.06162408000607303 0.0039458664029638725
26.6998552 0.06121999163603024 0.003919992122601015
26.8000723 0.06086411123064937 0.0038972046581077988
26.8998619 0.0608963340666463 0.0038992679263295063
27.00004 0.06046133657621523 0.00387141449658749
27.1001268 0.06023440240299655 0.0038568836195391064
27.1999307 0.06012984623723988 0.0038501887583478104
27.2999853 0.05967865724970976 0.003821298566930642
27.3999811 0.059405148393979604 0.0038037854550978588
27.4999088 0.05927909549576663 0.003795714131420398
27.5999456 0.05908058427325406 0.00378300321121767
27.6999605 0.058815059058857325 0.003766001301858138
27.8000082 0.05839327957888644 0.003738994237747604
27.9000815 0.05799677488299509 0.0037136055494624257
28.0000451 0.05806413409564078 0.003717918643533486
28.0999534 0.05769914283628917 0.0036945477997414318
28.2001222 0.057409877213069845 0.0036760257625105134
28.2998298 0.05715069299488384 0.0036594298750162444
28.4000473 0.056854176749475335 0.003640443571438567
28.5000478 0.05643202134544263 0.003613412436443316
28.599953 0.056296483238875546 0.0036047337630907617
28.6994842 0.05608572109589028 0.003591238401229939
28.8005239 0.05606242995381268 0.0035897470404663927
28.9000935 0.05591204253288521 0.003580117547066936
29.0000103 0.05547574897999791 0.003552181128835653
29.0995824 0.05558366455019096 0.003559091096866648
29.2003981 0.05520628172838328 0.003534926805935572
29.3001609 0.05501398984397297 0.0035226141176782793
29.3997602 0.054878029870161646 0.0035139084316419588
29.4999678 0.054695166612594937 0.003502199470075346
29.6000017 0.05454229442390034 0.003492410873908748
29.7000676 0.05443489339983432 0.0034855338529055256
29.799869 0.05447095181583048 0.00348784271807981
29.9001243 0.05415186039605259 0.0034674108980404434