photon_energy_eV    total_yield    yield_error
5.00000031 3.166955402596313e-05 4.078978857977725e-05
5.09998638 2.0053595331821867e-05 2.336159319712095e-05
5.20002187 4.970275539171923e-05 6.791049623714542e-05
5.30000824 1.2472326154791158e-05 1.2791903381955386e-05
5.39998076 7.016726279444619e-06 1.4040490684059798e-05
5.50001036 2.699977900656424e-05 2.014549751183772e-05
5.60000024 8.644434839557666e-06 9.203728622923672e-06
5.70000311 2.1964582044526466e-05 1.685636951446076e-05
5.80000637 2.34620558494735e-05 1.9303932235518233e-05
5.89998096 2.2418392551788467e-05 1.28365515612828e-05
6.00002175 1.9229188409683832e-05 1.4527675012159136e-05
6.09999378 3.176288459084376e-05 2.1363170673913013e-05
6.20000987 2.619181149598148e-05 1.8770301051817547e-05
6.29999868 3.0602607202229614e-05 2.155245814531297e-05
6.50000566 3.6794203855656606e-05 2.2262207974577567e-05
6.599995 3.638820463682312e-05 2.2996413837006647e-05
6.70000771 4.130524545570641e-05 2.152035993151775e-05
6.79998713 3.9232797312341414e-05 2.0397617555061265e-05
6.89999098 6.164800441006489e-05 1.990291712335852e-05
7.000016 5.129494550628455e-05 2.0201550718028372e-05
7.10000843 5.874967977591367e-05 1.8588612560484896e-05
7.19999193 6.918828819537443e-05 1.8280882724288302e-05
7.29999144 6.75752308525575e-05 1.6915009661566035e-05
7.40000569 7.767870702324664e-05 1.8182794908823792e-05
7.50000752 0.00011186373679918549 1.6429222672625206e-05
7.60000604 0.00011613055207437409 1.6212505299460114e-05
7.69999804 0.00014729240890361763 1.702530756558008e-05
7.79999073 0.00019440529498812004 1.8682626530242138e-05
7.89999762 0.0002499774419316933 2.0965433266665136e-05
8.0000128 0.00030893310815459986 2.370957929152924e-05
8.1000026 0.0004192957070834435 2.947018195953936e-05
8.19999537 0.0005547149805899015 3.6898633238189944e-05
8.30000458 0.0007122927923897831 4.587240848465159e-05
8.39996885 0.0009584421501763212 6.137024161971256e-05
8.50004958 0.001248470586409656 7.994112271561673e-05
8.59998675 0.0016050801344675834 0.00010277527512031359
8.70001905 0.002080636062616811 0.0001332257120181855
8.79999429 0.0026286992413764344 0.0001683188782537879
8.90001507 0.0033802059853530156 0.0002164387887232948
9.00000528 0.004236855769679009 0.0002712911386933887
9.0999801 0.005326054974166664 0.00034103391694986345
9.20000805 0.006626557148172056 0.0004243066868619439
9.29999739 0.00818541044754773 0.0005241220003002895
9.39997421 0.010077764224659624 0.000645291763660517
9.50003647 0.012303990583800254 0.0007878398032427695
9.59998474 0.015004750365716121 0.000960772807433463
9.69998986 0.01820858999619995 0.001165918639341452
9.80002824 0.021877304190327344 0.0014008309671077622
9.9000048 0.025989868150545284 0.0016641635468244056
9.99998267 0.030600105858996786 0.0019593627949375325
10.1000079 0.035756955126088785 0.0022895622602465784
10.1999711 0.04130312274833723 0.0026446902635154225
10.3000253 0.047040868964299536 0.0030120852821520906
10.4000111 0.052782783834289665 0.0033797472248851892
10.4999658 0.05867912342388352 0.0037572971742678217
10.6000514 0.06468484954649352 0.004141851279258499
10.7000049 0.07089451202131732 0.0045394636822467145
10.8000216 0.07738071380004066 0.004954783240428949
10.9000031 0.0840880873355059 0.005384264700973481
10.9999842 0.09147999186746018 0.005857577531666942
11.1000039 0.09918779705210537 0.006351117873619065
11.1999933 0.10734617781263597 0.006873509129478657
11.2999953 0.11573444238784464 0.007410620131593838
11.4000148 0.12462337883356088 0.007979789775599495
11.5000481 0.13376082232809935 0.00856487163468002
11.5999501 0.14266443227127168 0.009134980840957768
11.7000592 0.1509499750118822 0.00966551443638466
11.7999426 0.1548303951254606 0.009913982557191416
12.0000294 0.1388649152490763 0.008891693045604188
12.0999767 0.1504147106672322 0.009631240795398037
12.2000217 0.16230546709357152 0.010392620702147073
12.2999791 0.17549961404574566 0.011237458323564245
12.4000173 0.18948295535422544 0.012132829040090476
12.499985 0.19921994863918474 0.012756300817116909
12.6000467 0.20372776819322042 0.013044942103561108
12.6999966 0.20458718460672204 0.013099971604234505
12.7999382 0.20989187565220002 0.013439637562288437
12.9000373 0.21466191441109586 0.013745069070194236
12.999905 0.2231755266760092 0.014290206240609957
13.1001111 0.2308420926857469 0.014781105986958261
13.1999089 0.2382470024752433 0.015255251560449544
13.300068 0.24919352930492789 0.015956171273038167
13.3999979 0.25850692166981787 0.016552519356881654
13.4999812 0.2639085522911745 0.016898392476414333
13.6000166 0.2687858512832755 0.017210691990309626
13.7000119 0.27247808628253917 0.017447110384450456
13.7999945 0.2728526325622081 0.017471093048064337
13.9000261 0.2772233709004007 0.01775095685395192
13.9999808 0.2825584477653573 0.01809256845377763
14.1000188 0.28524042131933985 0.018264298552454223
14.1999642 0.28706547780858704 0.018381159186864053
14.2999998 0.2885028088271747 0.01847319327768738
14.4000314 0.2890604452987795 0.018508899433757473
14.4999775 0.2909584135670331 0.018630428699960806
14.5999795 0.29184011273114774 0.01868688499283947
14.7000106 0.29118719588841097 0.018645077916231913
14.7999363 0.29073524929743877 0.018616139214525117
14.9000142 0.2891797540682563 0.018516538922493227
15.0000574 0.2874824764355167 0.01840786012701475
15.0999811 0.2844228136403603 0.018211946116994372
15.2000556 0.28114669770149214 0.018002172343266305
15.299935 0.27910331716974873 0.017871332149175263
15.4000504 0.27710198379004297 0.017743184286467487
15.4999533 0.27414341786699203 0.017553743634768186
15.5999875 0.2709737020565294 0.01735078279345071
15.700012 0.2680832040147818 0.017165700612757042
15.799981 0.26538991202829737 0.016993245780785624
15.9000331 0.26179360520876366 0.016762969787171608
16.0000215 0.25796385009031914 0.016517745808948166
16.1000256 0.2550615625293165 0.016331908730689605
16.1999152 0.2506987567409734 0.016052552855824086
16.3000533 0.2473799477666631 0.01584004539399593
16.3999864 0.24224772877117443 0.015511423035577657
16.6001286 0.19766978771368465 0.012657042087177002
16.6999574 0.2003980194707554 0.012831734156067339
16.7999562 0.20140490097390065 0.01289620602963746
16.8999929 0.20005835285554863 0.012809984880702566
17.0000709 0.1992868812699044 0.012760586596617272
17.1000509 0.19893178849747079 0.012737849565240204
17.1999083 0.19645491654911296 0.01257925237718473
17.3000095 0.19482290083477127 0.012474752383421002
17.3999714 0.19165458305308003 0.012271881059622637
17.4999941 0.18706247456934197 0.011977842648291194
17.6000089 0.18425841457162473 0.011798295202945203
17.7000727 0.17972261932973857 0.011507862598451666
17.8000121 0.17644598478645876 0.011298055617838818
17.8999868 0.17171211563774436 0.01099494009500913
17.9999789 0.16782858462323827 0.010746272779351067
18.1000503 0.16385121876411513 0.010491597102014175
18.2000496 0.15931853288801004 0.010201363594074597
18.2999559 0.1554383804288086 0.009952912611510122
18.4000522 0.1508366062915898 0.009658255296377947
18.4999909 0.14686701703536914 0.009404077564586354
18.6000599 0.14329726949779906 0.00917550219479304
18.7000172 0.13906245977565454 0.008904342067065241
18.7999572 0.1353143538894246 0.008664346190619406
18.8999787 0.13246235618824967 0.008481729234564445
19.0000377 0.12887364458357387 0.008251939571993884
19.0999395 0.12591229051800248 0.008062320392065078
19.1999937 0.12263735131276815 0.007852621966053528
19.3000363 0.11997389187353878 0.00768207734914604
19.3999276 0.11742808017157283 0.007519065863018058
19.4999881 0.11463955309259162 0.007340513009756434
19.6000189 0.11226467838770929 0.007188446831919451
19.6999396 0.110260838164668 0.007060138452918466
19.8000514 0.10792866053073179 0.006910806221579908
19.8999561 0.10602738760203441 0.006789065353862736
19.9998936 0.10408176992960813 0.006664485037111833
20.1000145 0.10238033609209596 0.006555540114678207
20.1999759 0.10046580932458413 0.006432950587195517
20.3000273 0.09861561082546057 0.006314480078657518
20.4000885 0.09693297106716055 0.006206738564465128
20.4998361 0.09526662138525953 0.006100040124102938
20.5999398 0.09373138848925074 0.006001737254437557
20.6999755 0.0922308706851244 0.005905657235234548
20.8001036 0.09077284347970431 0.00581229794185593
20.9000629 0.08928897768466716 0.005717284171482931
20.9999785 0.08794290669383684 0.005631093573616021
21.0999809 0.08665389384625538 0.00554855647954891
21.2000589 0.08535161686798609 0.005465170066714842
21.2998673 0.08416921705220967 0.0053894595375275
21.400096 0.08297097907652864 0.005312734871284544
21.4999882 0.08184088555510502 0.00524037357910861
21.6000929 0.08075657521632985 0.005170943840997506
21.6999413 0.0796934118864425 0.0051028681721379905
21.8001346 0.07869002407044182 0.005038620003696204
21.8999249 0.0777506667138163 0.004978471785118006
22.0000397 0.07687673735255875 0.004922513002369281
22.0999166 0.07602173403402579 0.004867766077649442
22.2001005 0.07523232998483084 0.004817219555644165
22.300059 0.07448300618005799 0.0047692394214839
22.3999786 0.07379108147466464 0.004724934622968072
22.4999704 0.07312031997611745 0.00468198493087923
22.5999406 0.07249256373420451 0.004641788918801305
22.7000453 0.07189856201961389 0.004603754251043586
22.8000212 0.07134716992650621 0.0045684479302865195
22.8999817 0.07082693044468383 0.0045351363499332555
23.0000445 0.07033608739422176 0.004503707059601365
23.0998955 0.06986853615664464 0.0044737691729856465
23.2000015 0.06940531169096807 0.00444410833495019
23.300003 0.06889024742619956 0.0044111281301744435
23.3997517 0.06842591964078795 0.004381396645205617
23.5000422 0.06521214000638212 0.004175614342497297
23.6000128 0.0649021607598275 0.004155765986230147
23.6999656 0.06454943249225858 0.004133180357037165
23.7999354 0.06427726205234799 0.0041157529456321215
23.900052 0.06404916713592715 0.004101147744754426
23.9997907 0.06365181277601076 0.004075704651426123
24.0999857 0.06342753250854273 0.0040613437072601
24.2001116 0.06308491891973117 0.004039405733514167
24.3000595 0.06276201267014433 0.004018729645182687
24.3997662 0.062388520428726696 0.003994814472947543
24.5002454 0.06201627284827658 0.0039709789979004845
24.6000226 0.06174430423105987 0.003953564509453271
24.7000176 0.061368878975848994 0.003929525563943419
24.7999744 0.06105998351162827 0.003909746603605571
24.899781 0.060688131932772574 0.0038859364850325853
25.0000876 0.060422059375964836 0.0038688995286584715
25.1002276 0.06006974168966967 0.003846340189494543
25.1999276 0.0598585572607349 0.0038328177881397367
25.2998474 0.05945944016189721 0.003807261824448322
25.3999829 0.059116424373975705 0.0037852980973936984
25.5001171 0.05893834662432554 0.0037738955578443733
25.5998123 0.05863202615702616 0.0037542814777585093
25.7002901 0.058465743633559164 0.0037436342011957797
25.7998735 0.05817516005306221 0.0037250277735229793
25.8999576 0.05791409779320198 0.003708311632687079
25.9999373 0.05755177255783203 0.00368511149772277
26.1001354 0.057350841825559495 0.003672245653304176
26.1998746 0.05707239121627277 0.0036544161148516587
26.3000965 0.05684478031553405 0.003639841906099418
26.4001198 0.05660680918034044 0.0036246043186637412
26.4998166 0.05633215006065817 0.0036070175540010465
26.6002693 0.05612659673088316 0.003593855718921373
26.6997387 0.055799481491952165 0.0035729101237730455
26.8000136 0.055373344257751304 0.003545624027245204
26.899921 0.0551926930854527 0.0035340567082465463
27.0000995 0.05489800118590686 0.003515187219800975
27.1000068 0.05466350305856659 0.0035001720133729236
27.1999912 0.0543915071504496 0.0034827557774554595
27.3001071 0.05413102364319664 0.00346607669486803
27.3997357 0.053880054815757174 0.003450006849049853
27.4999706 0.05348337495574966 0.0034246069447886967
27.5999456 0.053251303134989915 0.0034097470977853778
27.6999605 0.05295197247910421 0.003390580584008294
27.8000713 0.052564635564317036 0.0033657789201370315
27.9000815 0.05242078900976035 0.0033565682465375004
28.0001092 0.05221028845150745 0.003343089634272077
28.0999534 0.05190332768216703 0.0033234345548510302
28.2001222 0.05168152598146356 0.0033092323163942485
28.2999607 0.05141162935403186 0.0032919505000271556
28.3999155 0.05116898465933439 0.003276413658770137
28.5000478 0.05098867906882663 0.0032648684678028873
28.6000198 0.05079267710511496 0.0032523182185586214
28.7000226 0.050580745655901156 0.00323874798456727
28.7999139 0.050433821804789516 0.0032293402678461704
28.9001617 0.050255505473090774 0.0032179224515918674
28.9999415 0.05008312316488264 0.003206884598233946
29.0999976 0.049971942194841704 0.003199765542593842
29.2000498 0.04985379106796312 0.00319220017915188
29.3000908 0.04973453438389238 0.003184564025509387
29.3998308 0.04959982558759947 0.0031759384539240022
29.50011 0.04958366757261461 0.0031749038361502183
29.5999301 0.04944697862339895 0.0031661514729130983
29.6999235 0.0493256214839965 0.0031583808245061644
29.7997965 0.04930977987130019 0.0031573664663640064
29.8997591 0.049121478457893296 0.003145309292922721