photon_energy_eV    total_yield    yield_error
4.09999548 0.0007428079260444428 0.0007722197958812549
4.19999652 0.0003400509887924215 0.00042936211509475515
4.29999397 0.0004763505617140476 0.001539109044705141
4.40000093 0.0002914980473696065 0.001097316707368448
4.79999499 1.560581661564745e-05 3.8117417965634096e-05
5.00000031 1.8253742247089742e-05 2.0981581246375962e-05
5.0999885 1.1355620100857289e-05 1.6152994942682625e-05
5.20001303 1.4030311989574334e-05 2.2149169442439152e-05
5.30000595 2.571824996518881e-05 3.9109351901994504e-05
5.39999267 1.0662424484709517e-05 2.2414950974390112e-05
5.49998812 3.076951129564959e-05 2.6111129392715717e-05
5.60001305 5.150527163771535e-06 1.0594767203673282e-05
5.70000576 1.987206528801915e-05 2.290898733098833e-05
5.79999537 2.234961504737548e-05 2.2535374281787573e-05
5.89999233 3.1918783173259224e-05 2.0298773144268023e-05
6.00001586 7.856563884451355e-06 2.3444090379907823e-05
6.1000029 2.7956249205625484e-05 2.833310247301248e-05
6.20000045 1.0512779846037327e-05 2.3384832712263013e-05
6.29998895 4.806774901183072e-05 2.3412236382986707e-05
6.39999383 1.820640131506704e-05 2.613891043883414e-05
6.49999185 3.687438755706227e-05 2.7626036092640276e-05
6.60002703 4.070531263102647e-05 2.7083037505420852e-05
6.70000037 3.936578517856035e-05 2.4967755528777284e-05
6.79998336 2.9265806570709285e-05 2.50470724624229e-05
6.90000265 3.3955091632021194e-05 2.287276082176392e-05
7.00000799 6.664222283255704e-05 2.3539358355364005e-05
7.10001255 3.239005132274572e-05 2.1550527881409553e-05
7.29998709 5.29240474335098e-05 1.9510168967105188e-05
7.40001464 6.061421368809181e-05 2.0330152198943464e-05
7.49997994 3.988739844382132e-05 2.1767881678756154e-05
7.60000132 7.802139667665027e-05 1.7313419280042148e-05
7.70000289 8.361786959397197e-05 1.757429731847303e-05
7.80001061 0.00010467414658623299 1.827777448826368e-05
7.89999252 0.0001308014583060777 1.982028537658485e-05
8.00000234 0.000154477666679485 2.140806137272234e-05
8.10001869 0.0002125575047065618 2.6001573407404594e-05
8.1999679 0.00027256202208323504 3.118231228471012e-05
8.29999895 0.00036030603256396565 4.044425184726523e-05
8.40000344 0.000490292574163774 5.503520495400887e-05
8.50004958 0.0006187469229010662 6.945416983849262e-05
8.5999807 0.0008030078668664174 9.013740950094947e-05
8.7000005 0.0010449651519594395 0.00011729704739251175
8.79999429 0.0013369112579764387 0.00015006791651606352
8.90001507 0.0017006309395442185 0.00019089534951365804
8.99999204 0.0021323873245002825 0.00023935988352538813
9.09997334 0.0026580126449130847 0.0002983611794093276
9.20003571 0.0033706854086654413 0.00037835849873472574
9.29999032 0.004141157233004445 0.00046484374651990253
9.39999587 0.0050666653953401475 0.0005687317800835913
9.50001435 0.006201764211403738 0.0006961463061788721
9.59999227 0.007478238629798598 0.0008394302042773249
9.70001293 0.009140826988811435 0.0010260552847172672
9.80001255 0.01100162478259172 0.0012349293190289869
9.89999679 0.012952781238925777 0.0014539460880568069
9.99994998 0.014946220309438265 0.0016777090687548118
10.1000079 0.017212255661837768 0.0019320709062047065
10.1999881 0.019647243785955962 0.0022053976452441164
10.300034 0.021634575005582298 0.002428475021380557
10.3999757 0.02447138565880375 0.002746906227445709
10.5000108 0.026826260100606805 0.0030112402279486358
10.6000055 0.02939939433343445 0.0033000738292312494
10.7000143 0.03210307017668737 0.0036035606899417353
10.8000121 0.03551988492114108 0.003987097193776436
10.9000031 0.03749473044554975 0.004208773054100671
11.0000237 0.04198823543036424 0.0047131677376687706
11.0999938 0.04657563995557996 0.0052281026185055784
11.1999933 0.04921714433611177 0.0055246107498339555
11.2999118 0.053614063959065345 0.006018163753422222
11.4000679 0.05914684369204195 0.006639216738140773
11.4999941 0.06566509194166555 0.007370888289501687
11.6000381 0.0698518590268057 0.007840851729226187
11.6999921 0.0768611476215417 0.008627642422621916
11.8000109 0.08662427035172313 0.009723550231062833
12.0000059 0.11585733035482404 0.009289252198586489
12.0999887 0.12475124044061477 0.010002351435082251
12.1999973 0.13284245836164674 0.010651092120129971
12.3000162 0.14309715479765014 0.011473296991606326
12.4000047 0.15293023175232398 0.012261697099224297
12.499985 0.16184360257282576 0.012976356665758278
12.6000208 0.16758134850241563 0.013436399796634321
12.6999834 0.17010503289531706 0.013638744704146874
12.8000051 0.17639703030532766 0.01414322681671963
12.8999557 0.1791697351078892 0.014365537775416373
13.0000431 0.1866273032558252 0.014963473452875548
13.0999568 0.1932637970184193 0.015495576722356038
13.1999943 0.1987632698665241 0.01593651550533048
13.3000247 0.2071552786143816 0.016609373109358172
13.4000125 0.21417339410662442 0.017172074188060674
13.4999663 0.21933879302979825 0.017586227467414832
13.6000015 0.22543666302090962 0.018075144759468316
13.7000272 0.23211609573987566 0.018610690804590713
13.7999789 0.2349779663455724 0.018840150932272065
13.9000103 0.23902855636640363 0.019164920648105696
13.9999808 0.24438355177337798 0.01959427546497668
14.1000188 0.24763362476262837 0.01985486102800061
14.1999642 0.25098418883268464 0.020123503802341725
14.2999329 0.25245023236380143 0.020241048786788906
14.4000822 0.252025718250529 0.02020701193605215
14.4999775 0.255617844582731 0.020495022779447335
14.5999795 0.256567040622802 0.020571127773193653
14.7000459 0.25637218068816103 0.020555504220754316
14.7999721 0.2556884389393159 0.0205006829200712
14.8999779 0.2562046992645748 0.020542075832774842
15.000039 0.25680829937361 0.02059047150720261
15.1000184 0.25638109855613284 0.020556219240895124
15.1999801 0.257477759243807 0.020644147710098426
15.2999159 0.25642588409444655 0.02055981007247196
15.4000892 0.25572899390829446 0.02050393455148368
15.4999729 0.25488310559730076 0.020436112603329067
15.6000472 0.25318798566125195 0.02030020064553939
15.6999919 0.2506051548811236 0.02009311347695537
15.799981 0.24894988249206446 0.01996039643063438
15.8999918 0.24907443327184975 0.019970382709460353
16.0000215 0.2474001653677462 0.019836142633656906
16.1000468 0.24592172162665865 0.019717603420554695
16.1999581 0.24415980694204537 0.019576335968528653
16.2999882 0.2441335833228708 0.01957423340142024
16.4000084 0.2411235663622429 0.01933289514009778
16.5000178 0.239711120586783 0.019219647536472765
16.6001511 0.21832669110366662 0.01750507878209886
16.7000029 0.22143208399535513 0.01775406413035647
16.8000024 0.22144329340381735 0.01775496288248448
16.9000163 0.22071715207068107 0.0176967420521351
17.0000001 0.22041683506156234 0.017672663123087753
17.100027 0.22084220501972796 0.017706768594075224
17.19986 0.21980901791403257 0.01762392933337641
17.3000829 0.21804559237772372 0.017482540743720215
17.3999714 0.2149733938724179 0.01723621686734135
17.5000441 0.2103625814201982 0.016866529428679704
17.5999836 0.20779326296700343 0.016660525656478894
17.7000471 0.20317896214057507 0.016290558525650266
17.7999603 0.2000467407075677 0.016039422108611187
17.9000392 0.1955814139446245 0.015681399475748488
18.0000054 0.1914273950238481 0.01534833699904017
18.1000235 0.1865190076749427 0.014954790489443462
18.1999684 0.18203678270566112 0.014595412985897139
18.2999833 0.17775846280662838 0.014252384259042902
18.4000522 0.17250801309884078 0.013831411746192287
18.5000188 0.16889078745556976 0.013541388480882864
18.5999468 0.16467856412814733 0.013203659269573042
18.6999887 0.15937602402377332 0.012778510233497414
18.7999861 0.15509215392385617 0.012435036500568807
18.9000079 0.1511640292868471 0.012120085859906657
19.0000377 0.14835448270961912 0.01189482098767443
19.0999395 0.14522179896237866 0.011643647503032522
19.1999636 0.14283986377065253 0.011452667815783833
19.3000668 0.13971153348747806 0.011201843384805798
19.3999891 0.13618072671467973 0.010918749043890534
19.4998949 0.13353208364226388 0.010706385152815554
19.6001445 0.13085115033393468 0.010491432283175018
19.6999396 0.1290281430509604 0.01034526652603609
19.8000834 0.12608921535823178 0.010109628086521247
19.8999561 0.12339819577699458 0.009893866515933616
19.9999262 0.1208090768413061 0.009686275173270295
20.1000145 0.11931998590241212 0.009566882285175493
20.2000759 0.11748891801138682 0.009420070241601075
20.2998926 0.11599689724698924 0.009300442444865466
20.3999185 0.11393044168431474 0.009134757400854301
20.5001795 0.1114788661316027 0.008938194062796313
20.6001132 0.11035441002096934 0.008848037001815148
20.6998004 0.1080850810070291 0.008666085894643077
20.8001036 0.10632757912323093 0.008525172253804881
20.8999915 0.10438951876112174 0.008369781728021318
20.9999785 0.10312442656674363 0.008268348694720356
21.1000537 0.10150492013933325 0.008138499304997897
21.2000589 0.10037866096108691 0.008048197676989884
21.2998673 0.09827927184279125 0.007879872074085947
21.4001334 0.09721326242746316 0.0077944011740166685
21.4998749 0.09574977401435973 0.0076770610547735275
21.6001692 0.09419485204829232 0.007552389942055103
21.6999413 0.0923301539895953 0.007402881486367389
21.8000569 0.09126755938151365 0.0073176843799857855
21.8999641 0.08971226496284589 0.007192983404624001
22.0000397 0.08821795598528429 0.007073172142680803
22.1000364 0.08730868392008775 0.007000268188266591
22.2002616 0.08594897420786095 0.006891248876367555
22.3000183 0.08539257249962917 0.0068466374929042895
22.3999786 0.08461262775642664 0.006784102792696877
22.4999704 0.08455801325194368 0.006779723890608512
22.5999406 0.08359640824778632 0.006702623966316423
22.7000874 0.08261015467830828 0.006623547760170644
22.7998513 0.08195921635171895 0.006571356584498848
22.9001103 0.08097308514498146 0.006492290189198468
23.000131 0.08068864577230347 0.006469484303201255
23.0999827 0.07946986175835244 0.006371764184443787
23.1999136 0.07969887249538685 0.006390125892641115
23.3000474 0.07925027028873127 0.006354157697778489
23.4000649 0.0788618022664555 0.0063230109639554844
23.5000422 0.07923087619523403 0.0063526027109243365
23.5999673 0.07916861681540646 0.006347610855172313
23.7000573 0.0796136854615904 0.006383295734906934
23.7999354 0.07937113634102011 0.006363848541150419
23.900052 0.07920227420264007 0.006350309449705789
23.9998849 0.07873965821567025 0.006313217652743959
24.1001756 0.07882659826738259 0.006320188364601731
24.1999201 0.07877440138088825 0.006316003303189198
24.29977 0.07894003644522188 0.006329283653088613
24.4002527 0.07907111787744756 0.006339793548999102
24.499804 0.07861006567437655 0.006302827133685336
24.6002204 0.07864064741710411 0.006305279128047701
24.7001173 0.0779398498735863 0.006249090321504778
24.8000749 0.07825343578316388 0.006274233129396759
24.899629 0.07766179524228359 0.006226796353680337
25.0001898 0.07702946857802521 0.006176097430805127
25.1001761 0.07709447176970016 0.006181309280925723
25.1998238 0.07714618682965296 0.006185455710270292
25.3000043 0.07716455217026605 0.006186928213392411
25.3998247 0.07686269692464616 0.0061627259510457656
25.5002765 0.07670232089745505 0.006149867262185743
25.6000265 0.07692687230880275 0.006167871428906735
25.7001282 0.07635501423219376 0.006122020778981083
25.7997647 0.07599757179229992 0.006093361625861614
25.9002316 0.07599676233413621 0.006093296724823381
26.0001583 0.07613047819920798 0.006104017845272124
26.0998014 0.07625111385963758 0.006113690216199726
26.200099 0.07593275625737862 0.006088164821754129
26.2999834 0.07581042368444867 0.0060783563951438465
26.4001768 0.07604536514992419 0.00609719361949576
26.4998166 0.07539130145894443 0.006044751857193439
26.6000958 0.07549756476709842 0.006053271876305525
26.6998552 0.0759816135198113 0.006092082117544386
26.8000136 0.07605987555876577 0.006098357040462059
26.899921 0.07595516672614326 0.006089961656668291
27.0001591 0.07634319355258526 0.0061210730161273584
27.0998868 0.07576964367813936 0.006075086720604421
27.1999912 0.07589320177464441 0.006084993407700503
27.300168 0.07564409075783268 0.006065020091782352
27.3997971 0.07528895907683204 0.006036546211550349
27.4999706 0.07502394619148471 0.006015297909692132
27.5999456 0.07562716691992244 0.006063663166001007
27.6999605 0.07434911377521078 0.005961190944795292
27.8000713 0.07528136811563736 0.006035937580635489
27.9000179 0.07509321196737391 0.006020851526877985
28.0000451 0.07438343116499611 0.005963942457259259
28.0996953 0.07415358633423322 0.0059455138727842055
28.2001872 0.07440096422487852 0.005965348229466867
28.300157 0.07435137837311916 0.0059613725165701195
28.4000473 0.0743108658249275 0.0059581242863873
28.4999151 0.07387663768647114 0.005923308580920149
28.6000867 0.07405455001871894 0.005937573302180574
28.7000226 0.07327517186884927 0.005875084030504501
28.8001172 0.07327730847499889 0.005875255340108406
28.9000252 0.07296454374999062 0.005850178373458775
28.9998728 0.0727320447281692 0.005831536980264151
29.0999284 0.07226664474842336 0.005794221967292284
29.2000498 0.0720159316138696 0.005774120196180904
29.3000908 0.07204717416253328 0.005776625172887815
29.3999721 0.07210492455048718 0.00578125550500946
29.4998256 0.07245288623754179 0.005809154506795507
29.6000733 0.07235233089940518 0.005801092143430114
29.6999235 0.07197784689727728 0.005771066625584602
29.8000142 0.07162384029880092 0.005742682952638406
40.9996426 0.042503553455469044 0.0011205756909511947
42.0001652 0.041454334032947765 0.0010484225719233364
43.0000736 0.03988861777669417 0.0010348507787963101
43.9998813 0.03687729998000297 0.0009481468344901481
44.9998074 0.034067034491438185 0.0008705717228328582
46.0000901 0.032176736863186534 0.0008138117989393414
46.9999866 0.0310453330057505 0.0008219538317640492
48.000011 0.029749059597261332 0.0007889578257019878
48.9999496 0.029725603921548924 0.0007764658261907305
49.9997379 0.03055366976475697 0.0007827009771139782
51.0001901 0.032218220959149814 0.0007925705973469416
51.9998486 0.03148039307199297 0.0007807195758850592
52.9998177 0.02801239225550277 0.0007320860446513016
54.0001858 0.02523697625237502 0.0006835911527699406
55.000047 0.022892744973983574 0.0006505390497626482
55.9999287 0.021112551758753678 0.0006257675602023708
56.9999203 0.019471634405918262 0.0006005709485057032
57.9999914 0.017896084130901796 0.0005698401387358989
58.9999757 0.01663104030917093 0.0005501828159107788
60.0000457 0.015355394917471364 0.0005211419989211054
61.0000573 0.014348027572874913 0.0005002664929406506
61.9998203 0.013544656001264544 0.00048774755248161
63.0000509 0.012852514608344374 0.0004719409380399653
64.0000219 0.012455107810685855 0.0004686263415890588
65.0000303 0.012239650195546733 0.0004694525948693442
65.9996832 0.012028741998335372 0.0004653212933079341
66.9999268 0.011830251666942768 0.0004574286462904464
68.0003252 0.011633016614622392 0.0004568345922211638
68.9997021 0.01132150905465167 0.0004515508803455452
69.9999131 0.010918558709654188 0.00044601344982153434
70.9997358 0.010855630331912119 0.00044061582218428387
71.9999196 0.01195121249978808 0.00048402432588110276
73.0000065 0.010403644700589066 0.0004626866405262504
73.9996441 0.009561278839506424 0.00044573612802168425
75.0001297 0.009667445350058966 0.0004430758639057829
76.0000292 0.008613921812617182 0.00042614884749578546
76.9998172 0.008097104553505497 0.00042003456975219167
77.9999789 0.007717284567547107 0.0004130716221890544
79.0000508 0.00733992499933357 0.0004057735006001983
80.0001675 0.0070709105410517985 0.00040485771742144186
80.999915 0.0068691148667356944 0.00040595208038025606
82.000108 0.00659208602415132 0.0003974016146726534
82.9992575 0.006392131743687484 0.00039765574608464314
84.0001079 0.006147853063973029 0.00039204843657878727
84.9998984 0.005916760520060804 0.0003850351590917414
85.9998848 0.005682779722650086 0.0003763828144463965
87.0002205 0.005488814234940355 0.0003706172250066654
88.0002903 0.005373019249627585 0.0003715552215967482
88.9999245 0.005192659207054386 0.00036480567484764006
89.9998405 0.005033447318117558 0.00036170627954087444
90.9996473 0.004891907807409001 0.0003585739307822863
92.0001748 0.00469560286276363 0.0003474095443915781
92.9988331 0.0045820223233954205 0.0003450254060737814
94.0010131 0.004456943326613715 0.0003410931662282089
94.9991311 0.0043205217572501314 0.00033368072476498966
95.9996 0.004240733845037585 0.0003310137933787621
97.0007438 0.004158291633717053 0.0003274696664518749
98.0002741 0.004027565373409457 0.0003179197662992222
98.9994059 0.003974811473788087 0.0003157628925962234
101.000083 0.0041779540999604126 0.00026608629488334345
101.999678 0.004210002325080294 0.00026920906622869654
103.000038 0.004290331271457032 0.0002759644750906969
103.999305 0.004200809638110471 0.00027080216199669373
105.000098 0.0041905435456259105 0.0002716471489194672
105.999763 0.004241545725981066 0.000277344529814782
106.999917 0.004245044784170018 0.00027887465059671027
108.000044 0.004343136819126849 0.0002864496059141553
108.999393 0.004285434036918867 0.0002833558330890446
110.000202 0.004333885304809044 0.0002870758381924135
110.999423 0.004142650651358638 0.00027418679333960386
111.999429 0.004015117446687097 0.00026618526249986624
113.000217 0.003971035479618258 0.00026371946652070964
113.999109 0.0038946845557328337 0.0002586291739529179
115.000909 0.0038651141895624554 0.00025698368619466594
115.999575 0.003869226149778456 0.0002576991236829893
117.000072 0.0038492823211916175 0.0002564551136083083
117.999574 0.0038526422790624093 0.0002569204677966893
118.999887 0.0037467349996028222 0.00024919303589427696
119.999656 0.003724239861646243 0.00024768854733427586
120.999938 0.0037346304680122523 0.00024856351742564203
121.999728 0.003723629608615037 0.0002476737607109563
122.99978 0.0036819190008936424 0.000244365116271943
123.999089 0.0036864113918851776 0.0002444046465619142
125.000297 0.0036943297163792533 0.0002446070819697744
125.999656 0.0037043193891050977 0.00024485960865150473
126.999231 0.003716934395670365 0.00024520270537311775
127.999939 0.0037223142606258707 0.0002449231879047217
128.999505 0.003778991292205178 0.00024841193223119597
130.000118 0.0037749923998213397 0.00024728942176856683
130.998145 0.0037818280883494476 0.0002468631572887957
132.001609 0.0037685943736689553 0.0002448251480628014
133.000741 0.0037682745000650634 0.00024361733132630524
133.998834 0.003780894378824335 0.00024324574678175894
134.999779 0.0037817471603566483 0.0002418516867798596
136.000511 0.003806093779037777 0.00024209287282640996
136.999485 0.0038692003533656264 0.0002450703822766016
137.999808 0.0038625461924017943 0.0002426224654313679
139.000713 0.003874721321205666 0.0002412788974103664
139.999276 0.003881245500745014 0.00023909061653677507
140.999347 0.003908234137521744 0.00023788462061385312
142.000297 0.0039589696487713376 0.0002378425419987999
142.999454 0.004010386722455302 0.00023713162174613807
143.999244 0.0041022095430368975 0.00023861530171568853
145.00031 0.004198561844610579 0.00023952896881854983
146.000675 0.004304477938521397 0.00024014759586915606
146.998331 0.004468453364773466 0.0002440622934607847
147.9998 0.0045861374963484585 0.00024335736200692024
148.999656 0.004727275166653069 0.00024332777928950185
149.998963 0.00493784895995282 0.00024743939884538414
150.966017 0.0051712157629318495 0.00024745384587543563
152.029816 0.005312801632344026 0.00024744035945164887
153.002505 0.00549729971743872 0.00024879909478608085
154.002272 0.005692286934023936 0.00024882480899772756
155.0018 0.005913992713442576 0.00024910429796561176
155.998816 0.006225629731277893 0.00025569753198975275
156.99841 0.006488857140585853 0.0002581097498211283
157.997567 0.006789298445592361 0.00026226224247801133
158.999985 0.007093251987515293 0.00026549793218909627
159.994023 0.0074046876558952705 0.00026871576689179035
160.994074 0.00765528318396397 0.000269012774440919
162.002309 0.007976700079036982 0.00027246240326808034
163.002984 0.00841843672281457 0.0002786366668542539
164.004891 0.00882420463196315 0.00027814096634201765
165.00336 0.009307964497871883 0.00027824871759661156
166.002715 0.009907071728962435 0.000278964320963331
166.997135 0.010491313218795473 0.00027901366753849626
167.999427 0.011061412552799393 0.0002777014436261633
168.996978 0.01174004667442904 0.00028430673732427337
169.998627 0.012307695547010639 0.000284044424321563
170.994485 0.012896434396903462 0.0002883256294552977
171.993191 0.013354395877022935 0.00028981380750409434
173.006263 0.013848413482831126 0.00028940546923384683
174.004986 0.014557063372146005 0.0002951325569399802
175.001165 0.015360889925267254 0.00030049766500807117
176.003338 0.01625638610641173 0.0003073546298487973
177.000055 0.0169216795698791 0.0003027091596527214
177.99667 0.017537422334524717 0.0003016479757821724
178.99858 0.01818760074365864 0.0003078519021515177
179.998092 0.018714683894743823 0.00030843380491177384
180.994569 0.019180409563800762 0.00030921040660658816
181.993053 0.019414721760668968 0.00030019620273657316
183.001069 0.01988792719614164 0.00031373736287389377
184.005889 0.020366645451164764 0.00032234036932270356
185.00299 0.020881895870628428 0.00032982544932091376
186.004852 0.021279422723182128 0.00032672206250689077
187.002942 0.02179778447550347 0.0003339799733923623
187.999093 0.022096689171629616 0.00032912032117159845
188.992671 0.022458023054391395 0.00033467635738617274
190.000203 0.022667915863567305 0.00033085504259065774
190.998819 0.022792720725373163 0.0003249727040589567
191.995837 0.02293396148118633 0.00032498975907997447
192.99106 0.023028825109569502 0.0003279506722522345
194.005569 0.02322697008556269 0.00033393156677708315
195.004237 0.02359175327493581 0.00034483329479198397
196.003578 0.02384512405512986 0.0003429990939508803
197.005828 0.02402051452671139 0.0003323630511567012
197.998462 0.024356235777981183 0.0003352871324679585
198.995903 0.02476997455954082 0.000346062653105129
199.998423 0.024903553104086512 0.00034253991121952507
200.994082 0.02510563080084619 0.00034904426794728265
201.99686 0.025130512060700563 0.000345960656463313
202.994623 0.025111017854513085 0.000347492580972521
204.001759 0.024935901070152186 0.00033873683815869535
205.006925 0.025092306972381996 0.00035031716166046854
206.004852 0.02521374622931171 0.0003549944098062963
207.000949 0.025330371454763804 0.00035815426474343444
208.003502 0.02534825262934772 0.0003529605041063264
208.994925 0.025559134110013093 0.00036140842334996817
210.001205 0.025577045827682124 0.0003544068407139435
210.992341 0.025863350502512428 0.00036647536890855643
212.000449 0.025873901950322624 0.0003585238095162485
212.998297 0.025978218338897782 0.00035689223475061585
213.989573 0.026245770216223156 0.00037525598128831906
215.011144 0.02625932840149068 0.0003672468861977174
216.004965 0.026301774798048034 0.0003508791201043892
217.002888 0.026895854717200705 0.0003683516929330713
217.999773 0.027127595292889627 0.0003568358803848661
219.001358 0.0275299211166658 0.00035982583908897433
219.996042 0.027986084884076473 0.000371933218152725
220.999318 0.028079334388506648 0.00036066945513856067
221.994756 0.028422977878820626 0.00037398167488165757
222.995743 0.028380085541918267 0.0003659819576010408
223.992725 0.028203704061328216 0.00035628714532729837
225.003946 0.02820586310213513 0.00036011709334882544
226.008603 0.02821420717610469 0.00035938175852388176
227.003337 0.028279611104738776 0.00036052783238163505
228.006648 0.028255761461767635 0.0003564877291293493
228.996937 0.028353138672429508 0.00036440094469010226
229.995329 0.028073018946178932 0.0003565896302981297
230.999452 0.02790932104285897 0.00036056824516246175
231.997698 0.027547099365370965 0.00034980207077634574
232.995353 0.02735845612652269 0.00035335042502890795
233.995964 0.027013830733669905 0.0003498284988638807
234.994697 0.026669581539886987 0.00034710513182534307
236.010598 0.02624563546990085 0.0003374121972657294
237.006456 0.026174209536188035 0.00035505510200516826
238.005143 0.025780057382873242 0.0003498101707194834
238.996046 0.025467238954065222 0.0003474286029997483
240.000247 0.025013880756077 0.0003355904176012353
240.999089 0.02473249249751524 0.0003378343237665463
241.994095 0.024414344576256186 0.0003367288210377628
243.000127 0.024252368317565397 0.0003479188350891282
243.996775 0.023768170684253662 0.00033596454202138715
244.993827 0.02362619418969119 0.0003494021695634541
246.004078 0.023222169555675867 0.0003406112805156409
247.00551 0.022988991935418118 0.00034123831309123713
248.002315 0.022724699582533925 0.00033628499514141996
249.002683 0.02247188233381852 0.00033087073375580425
249.994409 0.02222769476092598 0.0003264751337831043
251.00078 0.022417960282759157 0.00033119159526817155
251.997309 0.02246359699951366 0.0003249038656342492
253.001143 0.022608944110901093 0.00032544782508387853
253.997466 0.02270508355015758 0.00032126390800249873
254.999715 0.022957424545490424 0.00032863073424852575
255.999102 0.023058781896727106 0.0003241880849018838
256.9973 0.023110822530931163 0.0003159757723486216
257.998753 0.02339658176220798 0.00032567003810191156
258.002379 0.0204667547910486 0.000857595349293091
258.998315 0.021939177178736946 0.0009161911156616641
260.001626 0.019915490179374343 0.0008346283997713571
261.002217 0.020114518829509983 0.0008422233905364853
261.997753 0.01974364875108609 0.0008269396685478959
263.003178 0.0208613010831341 0.000871375734409344
263.999522 0.021231944370515836 0.0008858489199295075
264.994729 0.01916969910755185 0.0008027673466607174
265.996469 0.019215798393481795 0.0008042416203391267
267.001202 0.020488387233951442 0.000854930255190696
267.999246 0.02010432694749115 0.0008392391208442933
268.998927 0.019198704254077992 0.0008026813928414395
269.99605 0.020198451277982914 0.0008425758562107144
271.005284 0.018194265492209608 0.0007620969518997206
271.997172 0.019334838865279876 0.0008078014708770443
273.000511 0.019647180930737664 0.0008203740920990179
273.994499 0.018742257733518265 0.0007842461021275133
275.005159 0.01840086619587767 0.0007707859971144846
275.997557 0.019187856099513217 0.0008026986327481781
277.003625 0.020305634535194187 0.0008479663696206163
278.005944 0.018261287794142114 0.0007665034776354818
279.000374 0.018410844427039715 0.0007731345776156309
279.999208 0.020387116246640812 0.0008531250288637371
280.996445 0.018407050253654782 0.0007746558616568853
281.999768 0.016736945111924553 0.0007088064269415434
283.001414 0.015782860998635163 0.0006720549220581631
283.997436 0.017038017856922598 0.0007245324217430571
284.995582 0.01831684134171771 0.000778904237748119
285.99826 0.015144010181625226 0.0006511768366525113
287.005226 0.008003972430738712 0.00036165811130073875
287.998362 0.005193366968082897 0.00023495043974368148
289.000829 0.005606493486878011 0.00025269699207538436
289.997697 0.007375071499853594 0.0003288358483858051
291.000468 0.017082751552183705 0.0007490455575589806
291.996776 0.07237118383360167 0.0031925428502622886
292.994038 0.15701287641116002 0.00690973875302569
294.001517 0.18376034817802692 0.007983286676822961
295.001753 0.2251937681215864 0.009832847911047892
296.00099 0.33084861280547756 0.01424837668394884
297.001464 0.39960151706072616 0.01705821507100227
297.996069 0.38778553754986994 0.016494013113893497
298.997848 0.311123474539508 0.013267844405445938
299.997989 0.28567551787811046 0.012130940099252122
300.998752 0.2586163555175698 0.010970106596303516
301.998917 0.2523831659914426 0.010662536820043509
303.002146 0.21698137784199312 0.009201773516966957
304.000234 0.23829594422303976 0.010014240210507949
305.001894 0.21830821632792713 0.009179457402914992
306.000348 0.22325330767544 0.009345248671957091
306.9999 0.18520505241039642 0.007794351272119541
307.997776 0.1991950622657298 0.008325370634618969
309.006594 0.1679722604575755 0.007049989578152908
309.995147 0.16478314732888555 0.006896098170098206
311.000888 0.1685962667909528 0.007022874234865379
311.994715 0.15049562667548202 0.006273509196425982
313.000419 0.13900509597038807 0.005789191225086688
314.002604 0.1282081599556403 0.005335268687539049
315.000579 0.1302072935090449 0.005396853597093321
316.001503 0.11015294449588046 0.004578209665811371
316.998508 0.11361207511094934 0.004704631653260611
317.999514 0.10262149056740466 0.004255150062121117
319.00292 0.1053454379852641 0.004357214429858036
320.017886 0.11058761280758105 0.0018146334108753988
324.992432 0.10387564716885471 0.0015539999515478214
329.999349 0.10717270948132787 0.0015125847721957713
334.985736 0.10622826799283884 0.0015361465248706896
339.993426 0.10218764740948168 0.0015095697261018526
345.017548 0.0988328001795316 0.0014533555870126012
349.99429 0.09725644686414738 0.0013847610123573035
355.019131 0.09440582425169054 0.0014045923986256551
359.990559 0.09110655190771177 0.0014068471983392679
364.987605 0.08891951690388997 0.0014181481075548638
369.984297 0.08708805100136258 0.0013890276796214805
375.033952 0.08789445777750697 0.0014634153333015587
379.991678 0.08504226077507585 0.0014286257545778524
385.001495 0.08151107532064214 0.0014294084237173614
389.955356 0.07749016243133079 0.001365256165844587
395.02914 0.07507366463009485 0.001346994452728039
400.041565 0.07343271106962919 0.001312854710374497
404.975102 0.07301867228239631 0.0011954153661135585
409.972753 0.07122895123973752 0.0011826665962689686
414.985753 0.0699544076151462 0.0011903746035427038
420.025857 0.07040477755907941 0.0013072115621699768
425.022758 0.06527309785875272 0.0012511858971505725
429.996587 0.06080421079682244 0.0012418313301448395
434.970152 0.05636492140201679 0.001199828969553492
439.982712 0.05301783625338929 0.001191359727471572
445.032686 0.05042072735896173 0.0011322918034823682
450.024236 0.04836143073472657 0.0010860671721395904
454.966568 0.04798303125733278 0.001095027133078305
459.990509 0.04759913844214562 0.0011177605104805048
464.982121 0.04698822963502661 0.0011267680179134227
470.005223 0.04602260031076754 0.0010853536288819425
475.02939 0.045856722170017024 0.0011176947925316029
479.993427 0.04560061240603225 0.0011499989719003904
484.990427 0.045800971451198276 0.0012381299278618882
489.996589 0.04562398879664596 0.0012637223502329803
494.983748 0.0457477251703346 0.0013110860680570818
499.998395 0.045816538534791056 0.0013555045548605408
505.025811 0.045639306196804556 0.0013519610623121726
510.002106 0.04632497422748385 0.00139165826858134
515.00579 0.04764979291546295 0.0014285360622705195
519.994129 0.0489564656882259 0.0014055348773808409
524.974021 0.05184201396019471 0.0014672898413743494
529.992298 0.050276774508155105 0.001468717646699318
534.993444 0.0480432692605998 0.0014094846701744003
540.006007 0.04395352273516229 0.001361431773294603
545.018216 0.045689767778198165 0.0017711617957385712
550.00376 0.04637981103323434 0.001726541739892121
554.994805 0.04861768583988259 0.001808822194652814
559.997214 0.04913744498174696 0.0019484235363539867
564.963671 0.04489576262539994 0.0018658525028250018
569.994689 0.041914996642620994 0.0017963849515523344
575.017162 0.04035554241040798 0.0017400854026136804
580.015708 0.03961401894435623 0.0017088064831843057
585.032417 0.038589618020225855 0.0016749373540552426
589.960138 0.03741159575159763 0.0016458001241150299
594.994553 0.0365722628969616 0.0016339426311802407
599.986262 0.03564434234674871 0.001636495713506973
605.004724 0.03458472405191242 0.00160807957746354
610.001766 0.033746383879527025 0.0015832878292386873
615.036534 0.03322367952768476 0.0015661981188762478
619.997349 0.03249950401856844 0.0015315633114066551
624.991366 0.03150046947067667 0.0015194604788995728
629.965978 0.030292330247492533 0.001527241057242429
634.988329 0.029203309133926176 0.0015247849760340036
639.99092 0.02775092290245616 0.0014980360590547209
645.016904 0.027315868971231293 0.0015040757041510147
650.025624 0.026678704726942788 0.0014787318783460116
655.009733 0.026125131922194154 0.0014694432636832074
659.980688 0.02541992303709944 0.001438543213438197
664.969615 0.025056605093987782 0.001442030887629823
670.016871 0.024568256272955946 0.0014324488266092238
674.977381 0.024427108451583024 0.0014596925884689037
680.030496 0.023870868710045956 0.001433684239479184
685.004084 0.02352619988749091 0.0014265371482843768
689.997059 0.02321511734060737 0.0014216297964857081
695.007428 0.02380012978100629 0.0015142527440189422
699.965234 0.024651620673595907 0.0016398503292418933
704.984587 0.023768932811787893 0.0015636532721842852
710.005075 0.02323143040298868 0.0015191301643154636
715.021168 0.022967226606213823 0.0014915219863814945
720.010858 0.022655041212643452 0.0014844992220581273
724.990066 0.02272321676802096 0.001500700433023786
729.993068 0.022697820013502144 0.001504875265535374
734.986426 0.022482066054275853 0.0014933171899457638
739.994242 0.022148173008063023 0.0014722349860782102
745.010566 0.0218289380419219 0.0014592384576618306
750.003639 0.021495157363449095 0.001454277922529511
755.006403 0.021219730121506502 0.001439679058477431
760.009202 0.02108536814168101 0.001431166927597956
765.001257 0.021060509754396464 0.0014329244095444991
769.995185 0.02092128007743293 0.0014267020034404467
774.994608 0.020747473999194452 0.0014228081519118646
779.985853 0.020577329583942403 0.0014207806846008718
784.998778 0.020445966447949947 0.0014183691772357227
790.00474 0.020229087439345674 0.0014026503087987377
795.008646 0.020264490437873296 0.0014128795590948198
799.994888 0.02016319458388679 0.001404759703856124
805.016807 0.02008837319523352 0.0013972981017373839
809.992199 0.020046841981104634 0.0013920870547389822
815.002107 0.01997857624890751 0.0013842185948318082
819.990575 0.01986080627882288 0.0013719886956079065
824.999425 0.019925993751609725 0.0013805788235476439
829.996416 0.020003284729645902 0.0013899978434017126
834.984906 0.02001584800290348 0.0013916676376859714
839.998614 0.01993749523410894 0.001382778854992542
845.010461 0.019839690284471908 0.0013725438066756065
850.019286 0.019724499224846655 0.0013621832588524628
855.004854 0.01969701279063655 0.0013584184751395149
860.008111 0.019700981322083942 0.0013580920632665396
864.99071 0.019649288474312986 0.0013532585216663754
870.001858 0.01967584495192608 0.001356295539627438
875.000078 0.01960048110930362 0.0013481597810474973
880.009202 0.019593806296024134 0.0013479708517297774
884.991269 0.019604544218255138 0.0013499174398773504
889.998257 0.019580601266219785 0.001347869505765859
894.994863 0.01947711084385233 0.0013368716322086026
900.003702 0.019516930460765455 0.001341352500057888
904.987675 0.019448325112294666 0.0013336238314185665
910.013523 0.019417351407521318 0.0013296188703103078
914.98697 0.019470061247950164 0.0013347818499705969
919.966136 0.01937227160017167 0.001322615018243876
924.998921 0.01944075755493035 0.0013281112451104691
930.018353 0.019463321920202788 0.001327332908926061
935.005814 0.0194086517982982 0.0013166562433176384
939.990431 0.01944242780525333 0.0013137754587328905
944.986859 0.019482628892950982 0.00131458769656093
950.006026 0.01950392375663377 0.0013112531192365291
954.998767 0.01950828533379946 0.0013067212086405305
959.982154 0.01949314401019834 0.0012998065627500362
965.009536 0.01950322065495592 0.001296721737472449
970.005041 0.019548187930376604 0.0012980043507274056
975.002973 0.019556043067958183 0.0012953881257196103
979.998961 0.019525550756266823 0.0012880957651300229
985.000519 0.019690948563758675 0.0013022085314786857
989.983535 0.019589434079889216 0.0012864211540362185
994.992366 0.01961463021836212 0.0012840492573338352
1000.00232 0.019539771352222048 0.0012700690939782178
1005.002 0.019646687353953557 0.0012760658115047836
1010.0023 0.01965644802662014 0.0012707662890044415
1014.99939 0.019721885574624946 0.001272400235593325
1019.99801 0.019711825278840876 0.0012662681331292078
1024.98547 0.01967486452367453 0.0012565233447144153
1030.00084 0.019807231919029326 0.0012633792588265848
1035.00471 0.0198730255703796 0.001261190332433907
1039.99297 0.019986138400663694 0.0012629082818960361
1045.0139 0.02001073507864144 0.001253964862371958
1049.9823 0.020153746271586954 0.0012568747398261056
1054.96823 0.020147859151546234 0.001250384530878818
1060.0199 0.020149171418751867 0.001242305044385169
1065.00186 0.02016251865548756 0.001234832382661991
1070.00681 0.020250637949842276 0.0012335025675193772
1074.98174 0.020331881646097578 0.0012296386916219972
1080.02201 0.02049452863176273 0.0012325619253929804
1084.98022 0.02051472897720808 0.001221836297418997
1090.0231 0.020633593809804795 0.0012210736860099162
1094.9665 0.020730889200443255 0.0012171198451719574
1100.00973 0.020914916475787474 0.0012221374891515215
1104.99238 0.021057508517487906 0.001221334540780288
1110.00081 0.021189007024841913 0.0012182404700143037
1115.00886 0.021277467349820688 0.0012084547198619928
1119.99846 0.021448311254793184 0.0012076682467179706
1124.99409 0.021498915879466958 0.001191943365283063
1129.98192 0.02188380503233157 0.0012118760003485148
1135.0214 0.02212202243273078 0.0012139487580306648
1139.99142 0.022270941372449744 0.0012032444609782166
1144.97284 0.0224663950057363 0.0011944755562588972
1150.02402 0.022746553364376403 0.0011918770176818074
1154.96812 0.023098710847115594 0.0011920977114144588
1159.99067 0.023449424231281588 0.0011832899317633372
1165.00291 0.02417863394105222 0.0011872638441082057
1169.98834 0.024865407530055297 0.0011678551122256907
1174.99966 0.025811389465424887 0.0011655712902163998
1180.0392 0.027071512940930326 0.0011829906671251978
1184.96509 0.028302780940023527 0.0011802360177608022
1190.01366 0.029860813621691868 0.001193890421978921
1195.01772 0.021569012570706085 0.0016338492481890066
1199.98952 0.022118221583452988 0.0016758834088080395
1205.01685 0.021764210796751202 0.001649691754430108
1209.99384 0.022773752024371284 0.0017255667498733039
1214.99958 0.022406999993901028 0.0016984854003785346
1219.99967 0.022472251532070917 0.0017037847824214701
1224.99822 0.022557265166459 0.0017106083611639806
1229.9995 0.022600147569999625 0.0017143385271581116
1234.99979 0.022120627478900243 0.001679020421337443
1239.99869 0.02189910122019683 0.0016630688833221934
1244.99556 0.02270395887371998 0.001724014532489128
1249.99816 0.022109218671599085 0.0016802878744352728
1254.98772 0.021957282422239648 0.0016698716587090659
1260.01596 0.02236399005502014 0.0017012558549414495
1264.97743 0.022865741366033452 0.0017397520282315241
1269.9973 0.0224790139485695 0.0017118458411875814
1274.99172 0.022824019066097906 0.0017387959949260784
1280.00478 0.022696999812852024 0.0017305372898596487
1284.9893 0.022599578371425955 0.001724581227634555
1289.99854 0.02304340073655943 0.0017592441007310607
1294.98365 0.02243706385440282 0.0017154191803329143
1299.98704 0.02283228022716212 0.001746678015760789
1305.0066 0.021929989591111886 0.0016809594526654627
1309.98983 0.022716573652649008 0.001741849328474644
1315.00482 0.02264290583233681 0.0017384992523695494
1319.99292 0.023859747111413247 0.0018319251765348981
1324.99744 0.0237306127136555 0.0018247720679430424
1329.99677 0.02260879777006478 0.0017434955290857289
1334.97175 0.02358085065450907 0.0018192289941411698
1340.02399 0.023698942814502317 0.001831440693811008
1344.99818 0.023754427522302536 0.0018391949923181503
1349.98954 0.024404919184955756 0.001891855704312748
1355.00319 0.02269056369492448 0.0017679534675514293
1359.96356 0.02393452084636065 0.0018658283643928296
1365.0313 0.0252812492996171 0.0019720803258113646
1369.98318 0.02720856498183661 0.0021221073668379583
1375.00001 0.02396239138009076 0.0018857613519447454
1380.00977 0.025935169009528317 0.002040732332140252
1384.97094 0.02862511645280743 0.0022499128609685974
1389.99696 0.02678710937962013 0.0021214662965487337
1394.97021 0.02725550274999415 0.0021666178194272145
1400.0319 0.02593157598577207 0.0020788955591320886
1404.98034 0.03191755101507204 0.0025391378773302466
1410.01718 0.02957308043241382 0.002378019797633813
1414.96501 0.03795260021930475 0.0030201713151334323
1420.03073 0.035486709956672934 0.00285391582998209
1424.99117 0.031864749849611254 0.002602889159864232
1430.0123 0.03489439854517714 0.0028514014930119793
1434.98398 0.03595505859873792 0.002957269278528429
1439.98382 0.039788805481805925 0.003272390816432853
1445.02354 0.04396252513485475 0.0036178090183928424
1449.99025 0.04049427230211297 0.0033951708003694967
1454.99795 0.04724176504442072 0.003942119586924894
1459.993 0.05441208550399555 0.004524585390165568
1465.00884 0.06042699418767221 0.005029750825367894
1469.98384 0.06813221465596317 0.0056689588734720395
1475.01711 0.07821508450252324 0.006489028024328838
1480.01667 0.08473398396308365 0.007058801295565919
1484.98606 0.10106771050271357 0.008364254647302937
1489.99548 0.1043247949261516 0.008711659544279372
1495.01099 0.0 0.0