photon_energy_eV    total_yield    yield_error
7.60000604 6.099279847025484e-06 1.5558379350263715e-05
7.70000289 1.7891382780191667e-05 1.5659562350977552e-05
7.79999073 1.8656825455712002e-05 1.5392220691198966e-05
7.90000272 1.2657236059772584e-05 1.509277623941341e-05
8.00000757 3.5617251653337323e-05 1.660818127451284e-05
8.09998116 4.333995621351843e-05 1.749494154503839e-05
8.20002834 0.0001026913907675998 2.611241206258033e-05
8.29997081 0.0001591671730205036 3.6474584496709655e-05
8.40002074 0.0002150600764281802 4.736818375462299e-05
8.50003187 0.00036594252574910865 7.789938096341565e-05
8.59998675 0.0004925440411479633 0.00010400506321576956
8.70001905 0.0007206838190561142 0.0001513616754740762
8.79998164 0.0009776152506544976 0.0002052992026374445
8.90001507 0.0013473471553717745 0.0002829429026280726
8.99999866 0.0017573911797691564 0.0003690521477515228
9.09998687 0.002327520557200894 0.0004887793170121877
9.20000805 0.0029856180011208376 0.0006269797802353759
9.30000446 0.00381146418918926 0.0008004074797297444
9.40001031 0.00486523993548924 0.0010217003864527402
9.49997748 0.006085701233354289 0.0012779972590044005
9.60000733 0.00763776081456299 0.0016039297710582281
9.70000524 0.009484044239461357 0.001991649290286885
9.80003609 0.011636013415651122 0.0024435628172867355
9.89998878 0.014149328370421339 0.002971358957788481
9.99998267 0.016971099455807298 0.003563930885719532
10.0999745 0.02021355182799834 0.0042448458838796515
10.1999881 0.023755248549555227 0.004988602195406598
10.3000166 0.027546557031190935 0.005784776976550096
10.3999846 0.03147496210854723 0.006609742042794916
10.5000018 0.03559712847777959 0.007475396980333714
10.6000147 0.03986082758977614 0.00837077379385299
10.7000143 0.044309518634688086 0.009304998913284498
10.8000121 0.04911128882564759 0.010313370653385993
10.9000031 0.05394785961056682 0.011329050518219036
10.9999545 0.059245003324586314 0.012441450698163128
11.1000643 0.06508716765871457 0.01366830520833006
11.1999933 0.07124696231408247 0.014961862085957315
11.2999744 0.07757971524572914 0.01629174020160312
11.3999723 0.08435632061813648 0.01771482732980866
11.5000589 0.09152267317067017 0.019219761365840735
11.5999611 0.09868049942643448 0.02072290487955124
11.7000704 0.10547863599296582 0.022150513558522825
11.7999654 0.10885553366731952 0.0228596620701371
12.0000412 0.13251169196702434 0.019876753795053655
12.0999648 0.1466620907992458 0.021999313619886874
12.2000217 0.16018976455218814 0.02402846468282822
12.3000162 0.17228825193445063 0.025843237790167596
12.4000047 0.18691365856979125 0.028037048785468685
12.4999722 0.1981502340902171 0.029722535113532567
12.6000467 0.2035558542543527 0.030533378138152906
12.6999702 0.20526731053444952 0.030790096580167427
12.8000185 0.21090699605423185 0.03163604940813479
12.8999421 0.21582493317023196 0.0323737399755348
13.0000708 0.22609567725838758 0.03391435158875814
13.0999849 0.23467849879061534 0.0352017748185923
13.1999943 0.24316320503478306 0.03647448075521746
13.2999958 0.2554441595353531 0.03831662393030297
13.4000125 0.2653220049362704 0.039798300740440565
13.4999514 0.27155262291988813 0.04073289343798322
13.6000318 0.2778664465137282 0.04167996697705924
13.6999812 0.28291621127407046 0.042437431691110576
13.7999945 0.2854229091091517 0.042813436366372755
13.9000103 0.28973349428161094 0.04346002414224165
14.0000128 0.29663741751735306 0.04449561262760296
14.0999863 0.3001050460821956 0.04501575691232934
14.1999148 0.3034358420257095 0.045515376303856415
14.3000833 0.30584794194528414 0.04587719129179262
14.3999467 0.3075592685788097 0.04613389028682145
14.5000634 0.3108740558595585 0.04663110837893378
14.5999969 0.3128786990885994 0.04693180486328992
14.7000106 0.3127878122571471 0.04691817183857206
14.7999363 0.31367580755290536 0.04705137113293581
14.8999416 0.313579165729589 0.04703687485943836
15.0001309 0.31327396169240795 0.0469910942538612
15.1000184 0.3108554776226515 0.046628321643397724
15.1999612 0.3088010239537878 0.04632015359306818
15.2999541 0.3080756080469979 0.046211341207049686
15.3999923 0.3070256317499715 0.04605384476249574
15.5000122 0.3051137506133141 0.04576706259199712
15.6000472 0.3029474302794301 0.04544211454191452
15.6999516 0.30107313695793547 0.04516097054369031
15.799981 0.2995892070895083 0.04493838106342625
15.9000124 0.2967701008872384 0.04451551513308576
16.0000424 0.2940533003334732 0.04410799505002097
16.0999621 0.29187372360775915 0.04378105854116388
16.200001 0.28867348093476747 0.043301022140215126
16.2999665 0.28577398078286814 0.042866097117430224
16.3999864 0.28129426309489286 0.042194139464233935
16.5000178 0.27388683224662935 0.04108302483699441
16.599971 0.25756692291654515 0.03863503843748177
16.6000836 0.23292035944330866 0.034938053916496306
16.7000257 0.23661399525993693 0.03549209928899054
16.7999332 0.23873792314233153 0.03581068847134974
16.9000396 0.2386407791748865 0.03579611687623297
17.0000709 0.2383927946853044 0.03575891920279567
17.0999075 0.23967341869940023 0.03595101280491004
17.1999083 0.23815367883753732 0.0357230518256306
17.3000584 0.23676151658071065 0.0355142274871066
17.3998477 0.233726893166006 0.03505903397490089
17.5001442 0.22969522073503057 0.034454283110254585
17.6000089 0.22644530677974617 0.03396679601696192
17.7000983 0.22232962381548577 0.033349443572322876
17.7999862 0.21920504096781876 0.032880756145172815
17.8999606 0.21446275475415413 0.03216941321312311
18.0000583 0.21021339004153203 0.0315320085062298
18.1000235 0.2064344937960596 0.030965174069408942
18.1999684 0.20163997516901583 0.03024599627535237
18.2999559 0.19776108170801043 0.02966416225620157
18.4000798 0.19288931402201784 0.02893339710330268
18.4999629 0.18852324109230384 0.028278486163845575
18.6000316 0.18495436957430172 0.027743155436145264
18.6999315 0.18057551402306093 0.027086327103459137
18.7999861 0.17656330604726048 0.026484495907089074
18.9000079 0.1734354488148226 0.026015317322223393
18.9998902 0.16976792650021108 0.025465188975031663
19.1000885 0.16665747646106085 0.024998621469159127
19.1999334 0.16320063484606598 0.024480095226909894
19.3000363 0.16041949044475123 0.02406292356671269
19.3998661 0.15788244534424553 0.023682366801636833
19.5001124 0.15489840214051198 0.023234760321076797
19.5999248 0.15232892851596924 0.022849339277395388
19.6999396 0.15034329479415237 0.02255149421912286
19.8000834 0.14792984617414792 0.022189476926122186
19.8999561 0.14596153053930117 0.021894229580895177
19.9997955 0.14393250820078415 0.02158987623011762
20.1001135 0.14211107259413047 0.021316660889119567
20.2000426 0.14006720508715972 0.021010080763073962
20.2998252 0.13832328218583945 0.020748492327875925
20.3999525 0.13640589685634652 0.020460884528451982
20.5002139 0.13452858314327276 0.020179287471490916
20.5999051 0.1328797572871524 0.01993196359307286
20.7000805 0.13116101858165077 0.019674152787247618
20.7999975 0.1295804543030794 0.019437068145461908
20.8999915 0.12794005928041088 0.019191008892061635
21.0000506 0.12638076778246377 0.018957115167369563
21.0999082 0.12484129209293193 0.01872619381393979
21.2000589 0.12336397060229697 0.018504595590344546
21.3000156 0.12192515319101283 0.018288772978651918
21.3999838 0.12048605196057885 0.018072907794086827
21.500026 0.11911926355404853 0.017867889533107282
21.6000167 0.11781913087390579 0.01767286963108587
21.7000183 0.11649638609359626 0.017474457914039437
21.8000569 0.11531116183670746 0.01729667427550612
21.8999249 0.11418470856826166 0.01712770628523925
22.0000792 0.11310677095025447 0.016966015642538176
22.0999566 0.11207821928319392 0.01681173289247909
22.2000602 0.11111830782301815 0.01666774617345272
22.2999371 0.11024480605767341 0.01653672090865101
22.4000606 0.10944986236770267 0.016417479355155404
22.4999704 0.10866985025310952 0.01630047753796643
22.5999406 0.10799364566185377 0.01619904684927807
22.7000453 0.10735392238976993 0.01610308835846549
22.7999362 0.10675421798226672 0.016013132697340008
22.8999817 0.10621840850198913 0.01593276127529837
23.0000877 0.10575406902579584 0.015863110353869378
23.0999391 0.10533062918858939 0.01579959437828841
23.1999576 0.1050113445808127 0.015751701687121908
23.3000474 0.10458266980815661 0.01568740047122349
23.3999754 0.10419241014270951 0.01562886152140643
23.5000874 0.0988937170198293 0.014834057552974395
23.6000583 0.09880956695400804 0.014821435043101207
23.7001032 0.09867098901302834 0.014800648351954254
23.7998891 0.09854313189391627 0.014781469784087441
23.9000053 0.09855343690088003 0.014783015535132005
23.9998378 0.09840345923701002 0.014760518885551504
24.1001281 0.09841795982718714 0.014762693974078072
24.199968 0.0983012012583773 0.014745180188756594
24.3000595 0.09815611975388544 0.014723417963082817
24.4000094 0.09806952968702619 0.014710429453053928
24.5000492 0.09784405338713638 0.014676608008070455
24.6000721 0.0979889222896473 0.014698338343447095
24.7000675 0.09786737968498478 0.014680106952747721
24.8001252 0.09775800764798397 0.014663701147197597
24.8999329 0.09752647499447997 0.014628971249171997
24.9998323 0.09763376544058786 0.01464506481608818
25.1002791 0.09755347315229433 0.01463302097284415
25.1998238 0.0975186557719717 0.014627798365795754
25.2998997 0.09738557915358922 0.014607836873038385
25.4000356 0.09734002821599556 0.014601004232399335
25.5000108 0.0973013409971659 0.014595201149574886
25.5999194 0.09714182996063209 0.01457127449409481
25.7001282 0.09726805401509678 0.014590208102264515
25.8000367 0.09695337665244705 0.014543006497867057
25.9000124 0.09696374147276868 0.014544561220915303
26.0001583 0.09693691588353262 0.014540537382529894
26.0999684 0.09695525356341597 0.014543288034512394
26.1999307 0.09685803718525818 0.014528705577788728
26.3000965 0.09669062564713593 0.014503593847070392
26.4000059 0.09671021020111124 0.014506531530166688
26.4999314 0.09661002288051986 0.014491503432077979
26.6002114 0.09653195601941952 0.01447979340291293
26.699797 0.09645519154817274 0.014468278732225911
26.8001309 0.09616962165933123 0.014425443248899683
26.9000393 0.09604541775728323 0.01440681266359249
26.9999804 0.0961036002412257 0.014415540036183857
27.1001268 0.09596790823854687 0.014395186235782034
27.1998703 0.09582813162173609 0.014374219743260416
27.3000462 0.0955575740897718 0.014333636113465768
27.3999811 0.0955682340436069 0.014335235106541035
27.4999088 0.09539224409658836 0.014308836614488257
27.6000079 0.09530504129265116 0.014295756193897675
27.7000232 0.09509887133296076 0.014264830699944117
27.799945 0.09472172236877138 0.01420825835531571
27.9000815 0.09471668610561686 0.014207502915842532
28.0001733 0.09455195336616304 0.01418279300492446
28.0998888 0.0941860598679537 0.014127908980193057
28.2000573 0.09397689172087131 0.014096533758130698
28.2998298 0.09391432146169604 0.0140871482192544
28.3998496 0.09351381164767258 0.01402707174715089
28.5001142 0.09347842907594264 0.014021764361391399
28.6000198 0.09343477009395544 0.014015215514093321
28.6999553 0.09314865455664768 0.013972298183497154
28.7999139 0.09323418092603519 0.013985127138905278
28.9000935 0.09307713781784073 0.013961570672676112
28.9996667 0.09283314751540872 0.01392497212731131
29.1002744 0.09286879486920399 0.013930319230380602
29.1997014 0.09278385473067202 0.013917578209600807
29.3000206 0.09259192805985621 0.013888789208978434
29.4003252 0.09255744313413673 0.01388361647012051
29.5000389 0.09257227264228621 0.013885840896342932
29.5999301 0.0924464815891592 0.01386697223837388
29.7000676 0.09245056526187703 0.013867584789281556
29.8000867 0.09270745427764923 0.013906118141647387
29.8993938 0.09244708823295084 0.013867063234942627