photon_energy_eV    total_yield    yield_error
4.09999685 7.129933908771233e-06 0.0005530800980476944
4.1999907599999995 2.139557963747217e-05 0.0005137891598687128
4.30000152 2.05932739586552e-06 0.0004678471215472064
4.39999935 1.4437119336758964e-05 0.00030070495927973724
4.50000164 9.771034822054892e-06 0.00025617152802200413
4.599997790000001 5.73793069786568e-06 0.00037830168989808505
4.70000406 8.699671973192204e-06 0.0018225818826655478
4.799993109999999 3.6700495394692205e-06 0.0002771641881326473
4.900003119999999 9.762428627153567e-07 0.00017985124257204418
5.00000235 3.735469362602844e-09 0.0001352296263296523
5.099994879999999 4.659055281719775e-07 9.937787279148178e-05
5.2000063999999995 8.684626749487594e-07 8.762501555188758e-05
5.29999677 5.7061615577285355e-06 7.990053177799587e-05
5.40000697 1.3277143069513423e-06 9.74348486293925e-05
5.4999905899999995 1.82438120092223e-05 0.00010911023718942426
5.600010489999999 5.377642002125164e-06 9.795510048346173e-05
5.700005759999999 2.991931949793143e-06 2.7594518499703425e-05
5.799998119999998 6.0191072233603305e-06 2.198045873708148e-05
5.8999838 5.63751678180321e-06 2.2836659885486582e-05
6.0000041 3.4826847398350702e-06 2.4627404157128764e-05
6.10000594 1.1412329090287885e-05 3.190196441316852e-05
6.200003590000001 8.843123934402856e-06 3.3243757445544925e-05
6.30000193 1.6421592717959184e-05 3.700010149804662e-05
6.399980439999999 1.5169952605747112e-05 3.466573590363622e-05
6.49999876 2.5548157586980927e-05 3.781788962898418e-05
6.60001991 3.212383270565452e-05 3.2684577917072854e-05
6.699989369999999 3.5797645787935744e-05 3.059199772227037e-05
6.799994689999999 4.52417424651552e-05 3.0807283383161336e-05
6.89999487 5.30382185404027e-05 2.796117432000363e-05
7.000015999999999 7.421611151571735e-05 2.9775953988315877e-05
7.099991950000001 8.682568834694777e-05 3.0329821352470372e-05
7.2000004099999995 9.35906609702107e-05 2.9207208269794467e-05
7.3000045 0.000107096647637097 3.0071007636086452e-05
7.399996739999998 0.00013427279806825306 3.5436781559429667e-05
7.50000752 0.00018295033135060857 3.7261315242139326e-05
7.599991879999999 0.00022855177188642865 4.3754934756867845e-05
7.699993199999997 0.0002786802429978214 5.0923170790528035e-05
7.80001559 0.0002831252738219084 4.974797975495657e-05
7.900002719999998 0.00040550518820930195 6.841290937639573e-05
7.99999711 0.0005458985886463253 8.904761760426062e-05
8.10000797 0.0006647125872477741 0.0001053864437752177
8.20000636 0.0007807525206811778 0.0001207910082125521
8.299959549999999 0.0009143326226350114 0.00013873196569512235
8.40001498 0.0010749444489552178 0.00015951429428285655
8.50000825 0.0012628056311556747 0.00018383777955200832
8.59999883 0.0015583906850201704 0.0002226591584864362
8.7000005 0.0019504168342806578 0.00027427200389749923
8.799994289999999 0.0025083168646181657 0.00034747803396093055
8.900008599999998 0.0032168181298520954 0.0004402708839892898
9.000005280000002 0.004009289355176865 0.000542413413182243
9.09998687 0.005005712498756248 0.0006705497347487624
9.20000113 0.006170782502477526 0.0008185956933249366
9.299990319999996 0.007578015672396257 0.0009965072201884792
9.39999587 0.009249715839658923 0.001204738500004479
9.4999996 0.011346850544863875 0.0014670744157422317
9.60002239 0.013691055907717718 0.0017574978930673787
9.700012929999996 0.016534712726773638 0.0021114011320995008
9.799973309999999 0.01971245240372924 0.0025074735541903205
9.89996475 0.023222096272780914 0.0029468420466104753
9.999974499999999 0.02701226811111217 0.0034232593398657685
10.099999500000001 0.03179307144205994 0.0040401657886563955
10.200047599999998 0.03715186429814705 0.004741494380517076
10.3000166 0.042819003129219046 0.005494819026699604
10.4000022 0.04630672980783951 0.00595448812387317
10.499983799999999 0.053414513959864664 0.006856681414608666
10.6000055 0.05840948164304039 0.007468785580751683
10.7000049 0.06260546362073596 0.007979940053362857
10.800002499999998 0.06625133539700083 0.008424577422402409
10.9000031 0.07068762415085779 0.008993546837893263
11.000004 0.0759987101022383 0.00969193918987212
11.099943499999998 0.0812733251723013 0.010391183019425928
11.2000548 0.0876099366707718 0.011250861227395409
11.299984800000002 0.09412238897166855 0.012148260600449916
11.400004099999999 0.10119944115049193 0.013153496862665075
11.4999617 0.10816605355171718 0.014188499175906744
11.600038100000003 0.11669883922448819 0.01559850221670195
11.800033599999999 0.12297273094072332 0.014427064954232325
11.8999954 0.15815536059194416 0.01786879327664823
12.000017699999999 0.14875898080347427 0.03283970857061241
12.0999767 0.16585352529487507 0.041031269730441446
12.199973 0.17181880948568878 0.040897488327363125
12.3000656 0.1814284472108984 0.06317889767397647
12.399966999999998 0.19027637077064596 0.049242161961437186
12.5000105 0.19729566809352905 0.05307533296020073
12.5999818 0.20472316910953323 0.048093371000341355
12.699957099999997 0.20894176758267646 0.06939050624228947
12.800045299999997 0.21595248402178566 0.05034706746131581
12.8999965 0.223188315026345 0.0570515899788771
13.0000431 0.22433062446914684 0.06918540787255134
13.099956799999998 0.21120694951995306 0.05888440498105129
13.200022799999998 0.24376517746255358 0.04789330268048857
13.3000102 0.23170889232636308 0.09757674766747168
13.399983199999998 0.23870464805040167 0.078219874166815
13.4999663 0.2407855282301943 0.06776767507547236
13.600061999999996 0.2448923682417026 0.0656103161332578
13.700011899999996 0.2421662638885555 0.0625149802330868
13.800025599999998 0.23489748219022025 0.05874625387520195
13.8999471 0.24949956801373765 0.06836930894857472
14.0000449 0.24691164239341853 0.06665039332457323
14.100035000000002 0.24690527664610518 0.06491000248279795
14.199980699999998 0.2446813345764675 0.06021020436121805
14.300016499999998 0.24751336117083136 0.05718786680119907
14.399980499999996 0.23873325610785695 0.049562324477542545
14.499960299999998 0.2394491832673589 0.046528847395396686
14.6000666 0.24216177696636046 0.044827974863179174
14.700010599999997 0.23826317707694278 0.04195950507778267
14.799972099999998 0.23275581814084936 0.03952018436784082
14.9000142 0.23573442343932485 0.039856945588601686
14.999965500000002 0.23475867386781027 0.03955133742685503
15.0999997 0.22375746824390585 0.036955601213428745
15.2000933 0.22467978031520391 0.03729638665747426
15.299954099999999 0.22777861171781957 0.03809805928440448
15.400030999999998 0.21966785293025543 0.035946777200413386
15.500031799999997 0.2177844929416099 0.03515186146190459
15.5999875 0.21782641378377138 0.0346850277865983
15.699991900000002 0.2076311753526128 0.0320137654232103
15.800062599999999 0.20760942345346906 0.03170738346065117
15.9000124 0.20521408216162604 0.031114639990259763
15.999979700000003 0.19926748763367447 0.030053975391639044
16.100004499999997 0.19957557623516498 0.03064637416508352
16.200001 0.19249183878380702 0.030112235876436345
16.3999864 0.16816342293052283 0.046788152390681355
16.499995599999995 0.16351814317753177 0.04085829423264969
16.599993499999997 0.16639169595825598 0.03970002769425276
16.700025699999998 0.1636797083052858 0.036468242931492825
16.799979299999997 0.16655736452072753 0.03569261557175622
16.899946299999996 0.16175230480858166 0.032413189788371925
16.999952799999996 0.16159702903311882 0.031024650650535494
17.100027 0.1556365176117316 0.028220046526536913
17.199956699999998 0.15388313679921417 0.026869218399138185
17.300082899999996 0.15153024439259016 0.025524031844011735
17.399996100000003 0.14795172384820632 0.023971385103974494
17.499944 0.14654296727180036 0.022990210484225632
17.6000849 0.140603718136955 0.02126170914653234
17.699970299999997 0.14063011542717138 0.020759624473624946
17.8000121 0.1369942872278729 0.019644536205107168
17.8999868 0.13423092592975858 0.018783679208339524
18.000005399999996 0.13220643431999946 0.018080369824091086
18.099996799999996 0.12946880611388842 0.017341332205170208
18.199995500000004 0.12642068550427063 0.0166102086280602
18.300038 0.12453679211324392 0.016095704010768375
18.399969199999997 0.12211777878450986 0.015556185642146654
18.500018799999992 0.11909674535379826 0.01496875949127173
18.6000034 0.11732412946789154 0.014586404129271462
18.6999887 0.11531753353634971 0.014193291857051121
18.7999572 0.11269424609188897 0.013751925072202555
18.9000079 0.11140440328132764 0.013491630078284389
19.000067199999993 0.10935897608788585 0.01315501838651765
19.0999693 0.10748441654851273 0.012852177348401248
19.199963599999993 0.10591910006730444 0.01259547059790013
19.300005899999995 0.10418759505464781 0.012327015914956281
19.400019799999992 0.10252159855717712 0.0120727123239215
19.4999571 0.10089916545334128 0.011830353460854669
19.6000189 0.0996697623594527 0.011642222485020304
19.699971300000005 0.09832187102247965 0.011445915779480061
19.800019300000002 0.0972240390196021 0.011284513321115505
19.8999561 0.09605984964830058 0.011119934367086871
20.000056999999998 0.09480726809937283 0.010949681928914755
20.0997504 0.09379421149269651 0.010811043552531959
20.200009199999997 0.09275377352499364 0.010671852219563724
20.299959900000005 0.09178430617055568 0.010544020188338759
20.3998845 0.0909455966659989 0.010433502435497267
20.5001795 0.09008547672961752 0.010321936172814163
20.5999745 0.08924617383864486 0.010214731055998247
20.7000805 0.08857140262840282 0.01012724432427115
20.799962199999996 0.08784933878831341 0.010035611678716472
20.900134299999998 0.08720629851508914 0.009953752008868524
20.9998704 0.08658067745175742 0.009875037190400754
21.100090099999996 0.08600298675363523 0.009802262469430114
21.199838499999995 0.0853819879805294 0.00972525583912102
21.3001268 0.08493590181958313 0.009668851856724857
21.399908899999996 0.08448308151847615 0.00961225997740037
21.499912599999995 0.08398941492743311 0.009551395086883862
21.600054799999995 0.08364854756835124 0.009508259799617202
21.6998644 0.08325418042700304 0.009459424994943224
21.8000958 0.08291813441321437 0.009417455588357397
21.899964099999995 0.08262867909307481 0.009381418120760989
22.000039699999995 0.08244619185268476 0.00935745932792459
22.099996499999992 0.08222691457272666 0.009329851901413843
22.20002 0.08202854566503696 0.009304760630505319
22.299937099999998 0.08193731711251619 0.009292281619895726
22.399978599999994 0.08186512542005532 0.009282161273101065
22.500011699999995 0.08184227060335202 0.00927792587583246
22.599982399999995 0.0818130096512985 0.009273424126635831
22.7000453 0.08187247606329781 0.009279283864226846
22.8000637 0.08189259662023508 0.009281119005620328
22.8998532 0.08193946617848705 0.009286591214371094
23.099633899999994 0.08131265263392848 0.009143943257406627
23.2000015 0.08140785528989633 0.009154614076602
23.299914299999998 0.0815147274712321 0.00916662331547048
23.400064899999997 0.08160309694091306 0.009176521811131882
23.4999971 0.081739836550974 0.009191962246052022
23.600058299999997 0.08183888166661729 0.009203139845367704
23.699965599999995 0.08198039491392546 0.00921921120796269
23.7999817 0.08212598693451553 0.00923563240844976
23.900052000000002 0.08226547339720916 0.00925150323977611
23.9996966 0.08241094518754227 0.009268007054109012
24.100128099999996 0.08256430029954268 0.0092855243292142
24.199968 0.08272019298962989 0.009303158119657842
24.2998665 0.08289141415075722 0.009322834204029249
24.4003013 0.0830497361966842 0.00934060566775684
24.4997059 0.08324296414317608 0.009362973530593835
24.6002699 0.08344257557565143 0.009385415784716685
24.700017600000002 0.08362772871609409 0.009406612419391457
24.7997734 0.0838413989587073 0.009431091600124253
24.8999836 0.08406512211466613 0.00945637904516734
25.0000876 0.08427664059781068 0.009480377532424497
25.099918699999993 0.08449934982789593 0.009505738475723472
25.2002389 0.08476487912830544 0.00953573367733848
25.2998997 0.08502233642064382 0.009565035416419183
25.3999829 0.08525744441890859 0.009591562434942046
25.500010799999995 0.08552209195168622 0.009621531377351653
25.6001336 0.08576280453953852 0.009648789854280531
25.6999123 0.08602437823030515 0.009678444041305084
25.799982299999996 0.08627244016954155 0.009706450766767162
25.900012399999994 0.08651630775753534 0.00973387064768181
26.0000478 0.08674180458270528 0.009759236092915095
26.099912699999994 0.08695551942519174 0.009783462155191488
26.199986799999998 0.08711645321974805 0.009801639697492088
26.299926899999992 0.08727887885135654 0.009820057250370278
26.399949 0.08743012462870467 0.009837126852082835
26.4999314 0.08753148919747947 0.009848606759132048
26.5999802 0.08761106876107169 0.009857704024523479
26.70003 0.08771793992114456 0.009869813251588113
26.8000136 0.08771356958386534 0.00986947652114102
26.9000393 0.08772169863734834 0.00987049709112332
26.999861299999996 0.08771707760737335 0.009870141574957168
27.1000068 0.08764596105935439 0.00986228975109191
27.199991199999996 0.08759917720290746 0.009857201039519923
27.2999244 0.08750464755834993 0.009846740113853824
27.4001038 0.08739561798548359 0.00983467406101252
27.4999706 0.08730800961801778 0.009824998545982443
27.599821100000003 0.08721924041525823 0.009815189759183036
27.6999605 0.08718221519825918 0.009811224770181407
27.799945 0.08709698793329508 0.009801746997950429
27.9000815 0.08706003768925814 0.009797751767539485
27.999852899999997 0.08710974685521222 0.00980342815355467
28.099953399999997 0.08716135086953884 0.00980927638656196
28.199927299999995 0.08732782053746707 0.00982804504784819
28.2998953 0.08759695527110858 0.009858290139754788
28.4000473 0.0879702678513427 0.00990007718990552
28.499848699999994 0.08849298725920789 0.009947634300383177
28.600086699999995 0.0888203095445948 0.009995317690666689
28.699888 0.08926653369853566 0.010045160341721872
28.8000494 0.08968282219181097 0.010091717318318783
28.899820499999997 0.09008532938195339 0.01013664254575971
28.999529199999998 0.090456013806896 0.010177961356947407
29.099928399999996 0.09081491198172569 0.01021758814797974
29.200467800000002 0.09113019461539604 0.010252441239945327
29.299810199999992 0.09136390086290631 0.010278283384794498
29.3999014 0.09158795675527424 0.0103030177645036
29.500038900000003 0.09170151992336961 0.01031511403160746
29.599572099999993 0.09176420504785286 0.010321755781889439
29.700139699999998 0.0917274187480007 0.010316886635343813
29.799723900000004 0.09155681121222858 0.010297361707752724
29.9001243 0.09126632919807902 0.010264192015682842
30.000173899999993 0.09082274816955449 0.010213801034743111
30.0995627 0.09022921273724294 0.01014690504875642
30.200208399999998 0.08940716901273359 0.010053907722610965
30.299879 0.09505869272498348 0.010689136612627725
30.399831999999993 0.09524388116867187 0.010709760342031862
30.5000667 0.09539761006481927 0.010726870128864861
30.599816699999998 0.09556182828099925 0.010745035127954052
30.6999134 0.09573989441888421 0.01076503104374232
30.7999694 0.09593867658013855 0.010787278786372619
30.8998215 0.0961206970065574 0.01080768849527306
30.9999305 0.09626188669878091 0.010823566902665503
31.0998999 0.09647141965968199 0.010847123207989225
31.199641199999995 0.09669521118736571 0.010872542165743812
31.3003446 0.09689616376654211 0.010895127933361093
31.399927599999994 0.0971279660625585 0.010921505884630199
31.5000653 0.09733447319706738 0.010944909510667948
31.5994565 0.09759417370533052 0.010974483858759496
31.700215999999998 0.09783850341205562 0.011002184526970212
31.799967299999988 0.09813138582085551 0.011035573600515942
31.899849600000003 0.09840207836730835 0.011066399068213498
32.000026600000005 0.09872088094707368 0.011102806619255036
32.0999085 0.09901922128935062 0.01113691972987708
32.1993993 0.09931201181565324 0.011170562552907846
32.30053169999999 0.0995943632754248 0.011202759515064126
32.3999852 0.09986378456343688 0.011233903271033326
32.4997941 0.10015437489276706 0.011267418289037372
32.59978559999999 0.10041136046407398 0.01129710610753785
32.69995749999999 0.10064435681412306 0.011324131679030383
32.8000435 0.10084847159386844 0.011348013197980086
32.8996828 0.10105403270148794 0.011372188638763076
33.0001962 0.10121786481038124 0.011391501194575082
33.09998280000001 0.1013885324543322 0.01141180452317577
33.1998342 0.10146942704443897 0.011422004476251026
33.3001993 0.10155975657452654 0.011433264444215293
33.3997145 0.10164154989553405 0.011443680825314597
33.4999181 0.1016581876323993 0.011446659523861756
33.5999866 0.10166334125134098 0.011448548008310987
33.7000052 0.10163253627959361 0.011446296775215362
33.7997808 0.10157437686206644 0.011441026165735177
33.89996119999999 0.10150746286870775 0.011434772264629656
33.99979269999999 0.10139035866776938 0.011423022426438306
34.09992880000001 0.10125821304196699 0.011409307216374204
34.20008299999999 0.10109397693794141 0.011392156096240056
34.2997698 0.10092962646580399 0.011375093612406805
34.4000394 0.10077272543036025 0.011358915882443522
34.5000216 0.10061873521537927 0.011342992861172537
34.59960849999999 0.10042034614128822 0.011322257820555886
34.699771999999996 0.1002171965907204 0.011300901595421154
34.80022029999999 0.10003761570599215 0.011282257293904996
34.89985829999999 0.09981070243839972 0.01125827190816357
34.99986839999998 0.09960862118105233 0.011237166277733837
35.0997486 0.09938662144173921 0.011213849520519275
35.20009919999999 0.0992040710704504 0.01119496757804258
35.299803499999996 0.09894493903688044 0.011167521259476907
35.399971699999995 0.09872698912940855 0.011144663448848017
35.4998862 0.09850913823081726 0.011121854017823072
35.59984860000001 0.09824628278062456 0.011094051051512456
35.6998547 0.09803665633824107 0.011072174138231215
35.80011019999999 0.09775541104181969 0.011042291965935537
35.899561199999994 0.09750661663176498 0.011016121913893057
35.99998999999999 0.09723315989779285 0.010987019148026606
36.0999172 0.0969371824504408 0.010955521283080846
36.19997250000001 0.0966951431619811 0.010929991825424456
36.299722599999996 0.09640424511705188 0.010899111290706347
36.3999156 0.09610433624530314 0.01086702661316741
36.4999013 0.09583862251163702 0.010838882765348555
36.59967150000001 0.09548848917553265 0.0108012012671257
36.6999886 0.09528180921061175 0.01077966313347333
36.80019329999999 0.09497391222209468 0.010746816406101475
36.89972269999999 0.09478162913523741 0.010726935403834608
37.0000157 0.09443299803474269 0.010689394323387119
37.09973069999999 0.09431670769619932 0.010678121494296595
37.19908 0.09407434547945137 0.010652740518787571
37.3002133 0.09399134894297302 0.010645303955065348
37.3998406 0.09379510433315741 0.010625046199043801
37.500231299999996 0.09366607365537936 0.010612452155457296
37.59942959999999 0.09355210713700006 0.01060164609082649
37.700315499999995 0.09344680606543826 0.010591903976419702
37.8002263 0.09332954444902031 0.01058067287096178
37.8996118 0.09330993409041455 0.010580711550582156
37.9994032 0.09326189812926595 0.010577578636499704
38.0992471 0.09326276797889753 0.010580050985261416
38.20033250000001 0.09321948396134573 0.010577380061030631
38.30027750000001 0.09319163498647853 0.01057670531011393
38.400023999999995 0.09317978816116405 0.010577893243969927
38.499322400000004 0.09299444468540922 0.010559497248750572
38.6004749 0.09298789429524337 0.01056126407551785
38.699590300000004 0.09290302265347312 0.01055436430427503
38.79909289999999 0.09280536591412424 0.010546114239281115
38.899726799999996 0.092722591511369 0.010539578530825242
39.0000141 0.09269269046997397 0.010539147152667544
39.0996954 0.09249071015471542 0.010519208213816238
39.2005155 0.0923030474745893 0.01050098291257883
39.299711300000006 0.09215744481457928 0.010487764076591322
39.399410399999994 0.09191921614981106 0.01046401424529673
39.500381499999996 0.09175338977632708 0.010448515491092186
39.5998213 0.0915374005434314 0.010427592482450601
39.70027809999999 0.09142055297102969 0.010417767928729713
39.7995632 0.09128729603992192 0.01040647560862459
39.8996063 0.0910207260661706 0.010379965665740341
40.0000229 0.0909825256483875 0.01037937554814125
40.0995009 0.09083030891945382 0.010366091302481065
40.1994749 0.0906089417666923 0.010344910814161406
40.300612199999996 0.09034373531674965 0.010318882283004704
40.3990587 0.09032110904902552 0.010320733445679806
40.499327599999994 0.09010431723259685 0.010300186480363502
40.6002302 0.08986919567362425 0.01027785814573983
40.699471 0.08982778827930522 0.010277700348104248
40.8000143 0.08966865042282787 0.010264220980130282
40.8998254 0.08960923705233644 0.010262162767423623
40.999714 0.08961666532964828 0.010267749297173523
41.09981560000001 0.0893429694983401 0.010241534401226262
41.199436299999995 0.08923840747603937 0.010234445427558452
41.2999592 0.08929510032564089 0.01024595813817755
41.3995733 0.08908790198198353 0.01022728203552501
41.49995059999999 0.08897768656078348 0.010219814555006057
41.5996845 0.0888922714397934 0.010215520466828257
41.6997569 0.0889284774806217 0.01022478320842574
41.80031189999999 0.0886354124249181 0.010196264258191276
41.898770799999994 0.08871506571177347 0.010209723789183172
43.0000736 0.09409575718010077 0.010618369979190335
43.99989399999999 0.09343254362572173 0.010537764062578428
44.9997815 0.09356353458803658 0.01054734339246883
46.00013179999999 0.09455316871093579 0.010654065999389312
47.0000603 0.09548437351651846 0.010754750062655662
47.99992019999999 0.09569424950117811 0.010775507081565225
48.999679499999985 0.09515428025385611 0.010713536227814797
50.00004739999999 0.09411629143616186 0.0105974815447822
51.00013880000001 0.09270694709894382 0.010440610098337034
52.00000849999999 0.09113965728863235 0.01026274606376794
52.9999284 0.0899975439936069 0.01012949855085178
53.999826399999996 0.08891148771401482 0.010002973183525
55.000047 0.08802291832705857 0.009899799322424888
56.0000203 0.08657641155289433 0.009734666276552785
56.999841199999985 0.08550908981156013 0.00961270216238128
57.9999762 0.0840558828330983 0.009447712799511298
58.9999757 0.08198209005846377 0.0092132421574707
59.99997469999999 0.07996534285996065 0.008985461642157645
61.0001462 0.07804800950267196 0.008769095294090055
61.9997003 0.07627477245934326 0.008569138040167755
63.00006679999999 0.07462080010959367 0.008382762909228871
64.00002189999998 0.07308388276299499 0.008209698469654981
64.9995308 0.07163715852146375 0.008046892355400247
65.999957 0.07029653505704965 0.007896134642198405
67.0002642 0.0690203067738022 0.007752625229114233
67.9998862 0.06785460258951105 0.007621528156430951
68.99988969999998 0.0667503453315414 0.007497236120886684
69.99967369999999 0.06574591011294073 0.00738412312558531
72.00012389999999 0.064427189196757 0.007240004330958963
72.99998939999999 0.06335455154862424 0.007117856721787229
73.9997862 0.062376133208778085 0.007007204988645348
74.9996864 0.06148525518168606 0.006907240269282161
76.0003361 0.060640329265987114 0.006811477241745082
76.99968299999999 0.059927576411159714 0.006730940298047869
78.0005609 0.059466806026033714 0.006678859631817292
78.99980490000002 0.05871870896592182 0.006594557384145888
79.9996072 0.058307266554070696 0.006548098919866628
81.0002676 0.0578270787192578 0.006493962429333771
81.999843 0.057026525876338274 0.006403890341369841
83.00019 0.05629694599652754 0.006321770776364684
83.99956949999999 0.055676056783386725 0.0062518948978883765
85.0004322 0.055102158613142535 0.006187316353921304
85.9991919 0.05454008864341737 0.006124076038523946
87.00050089999999 0.05398229973351371 0.006061301989133162
87.99956319999998 0.05336887921177203 0.005992334365849356
89.00037469999998 0.05273700475866689 0.0059212843403322404
90.00000009999998 0.052140571255667116 0.00585422296993806
90.9999556 0.051579139781847784 0.0057910977201003685
92.0004903 0.051065338442902584 0.005733321040898328
92.9994968 0.05053448030306047 0.005673664685889826
94.00016059999997 0.050078001681741514 0.005622340174590737
94.9998244 0.04968883873907285 0.005578587384081574
95.99996319999998 0.04930551518066599 0.00553550681153471
96.99946410000001 0.04894263064031444 0.00549472916791833
97.99989560000002 0.04859308774262445 0.005455450883411255
99.0007578 0.048215387462893854 0.005413019877613436
99.99958940000002 0.04777492533380317 0.005363557216896203
100.999699 0.046954378311053785 0.005271311863799468
102.00029299999998 0.047615556063408816 0.005345531096071635
103.000821 0.04751276694607951 0.005333976285228392
103.999909 0.046860306054704044 0.0052607121561285405
104.999899 0.046029240139383525 0.005167389915433022
106.00018799999997 0.04629420825878257 0.005197115328362068
107.00035 0.04891130876421669 0.005490881230220065
108.00004399999999 0.050088293043795716 0.0056229733009081715
108.998456 0.052228565259004524 0.005863199374545515
110.002056 0.053696342709154875 0.00602802244959694
110.99919800000002 0.04993445667606214 0.005605652677375361
112.000188 0.04778466714097983 0.005364336073397978
112.99922799999997 0.04727833287559041 0.005307441793734729
113.99960399999999 0.04702944589398853 0.005279526661623775
115.00010999999999 0.04709484064620046 0.005286881805599905
116.00116600000001 0.04758894898301392 0.0053423274404509275
116.99955 0.04759271813247873 0.005342722863573189
117.99928299999999 0.04662140111671313 0.0052336955082695645
119.001282 0.045442649821855474 0.005101393691450981
119.99992299999997 0.04442428235575887 0.004987065844372626
120.99963199999999 0.04397167951511268 0.004936262201366924
122.000038 0.043912751217922236 0.004929671530958705
123.00006099999999 0.04377785944162507 0.004914496703754891
124.000015 0.04401039144336777 0.004940603766007863
124.999989 0.044026492257282966 0.004942432837970216
125.99965599999997 0.0445705122671407 0.005003491336101523
126.99986699999998 0.04505580561747645 0.005057997669470883
128.000892 0.04538817979257786 0.005095341990232945
128.998537 0.04559763267727819 0.005118746017074767
130.00043500000004 0.04566383807914831 0.005126292187859754
131.000158 0.04560541330901497 0.0051197109857111815
131.99922099999995 0.04539498146090273 0.005096075596761619
132.99971099999996 0.04504065213760742 0.005056335692449622
134.000911 0.04459624247307927 0.005006538363693417
135.001575 0.04407470504069038 0.0049479788396830345
135.99975199999997 0.04350153368240661 0.004883650830470461
136.999175 0.04290134233989877 0.00481626630100216
138.000559 0.04227986935730034 0.004746564735881329
138.999585 0.04171204741145169 0.004682845323420741
140.000807 0.04123127870334259 0.004628929320113107
141.000914 0.04090031567004372 0.004591817766762229
141.999105 0.04046739807644514 0.0045432199016518125
143.000662 0.0398016442951317 0.00446859298694223
143.99925699999997 0.039175279085052216 0.004398308816897093
144.999081 0.038590326731291785 0.004332762166062009
145.999848 0.038005666042305486 0.004267189924362923
147.00129799999996 0.03746553385151558 0.004206712130746841
148.00017999999997 0.03705576908528193 0.004160806771682192
149.00010599999996 0.03683274420306772 0.004135901792710091
149.99987499999995 0.03676546051192254 0.004128516970174345
150.980771 0.036161934587948696 0.004061124755956444
152.01714599999994 0.03567969748481109 0.00400688745080748
153.000767 0.035261922588145006 0.003960184703578028
154.00492999999997 0.03491982698804812 0.003922042482307755
155.00043699999998 0.0346790846900588 0.003895227161411575
155.99970499999998 0.03453814301597604 0.0038795957729553087
156.996584 0.03451068362406758 0.0038767139501943468
158.000365 0.03461690892515287 0.003888872709769955
158.99439900000002 0.03481621783099626 0.003911488983883166
159.99823199999994 0.0350614566097627 0.00393927510918298
160.99454500000002 0.035425625212280175 0.003980373965156018
161.999934 0.0355168855334306 0.003990864128677939
163.005899 0.03489297501454444 0.00392111240986207
164.00188600000004 0.03426426047162751 0.0038508842149674112
165.005859 0.03394384287824993 0.0038153500608023574
165.998773 0.03377106052048269 0.0037965054689609074
166.997135 0.033679587398685415 0.0037868135970217467
167.998457 0.03361908307487145 0.0037805923905618708
168.9964 0.03354751535820138 0.003773116052708954
169.99918399999999 0.03349223101132439 0.0037674153308721336
170.99454 0.03350213896470745 0.003769011962870293
171.99467 0.033581394614696426 0.0037782885247174586
173.00526 0.0336313497280778 0.0037843288360782713
174.005446 0.033721003009562316 0.003794993436634307
175.001779 0.03381628827505176 0.003806422477563689
176.00222299999993 0.03395153828220469 0.0038223754949608586
177.001773 0.03377861196058696 0.0038037282653708066
177.997106 0.03354824222297953 0.003778535102568782
178.99595899999994 0.033453758740695 0.003768482522890811
180.00188 0.03340380893194836 0.0037633356624531588
180.996238 0.03349212418965116 0.003773673519056845
181.995353 0.03363918136712985 0.0037905480550677524
182.99764799999994 0.0337628023557371 0.003804732252722791
184.006481 0.03389306097664263 0.0038197170523695924
185.00187099999994 0.03399997939077798 0.0038321625526341616
186.00770499999996 0.033985620895697136 0.003831026591990933
187.00132099999996 0.03377140667443746 0.0038074231779813305
187.997343 0.033667384331594996 0.0037960581008225102
188.99906100000004 0.03373510076141776 0.0038039576177326274
189.99781100000004 0.03381779743486251 0.0038134904708326386
190.999442 0.03393382045440405 0.003826681916339024
191.99488499999995 0.034065814346223564 0.003841637993372233
192.99029500000003 0.034292809378342615 0.0038672248348396447
194.00747799999996 0.034476776456032004 0.0038880624663396443
195.00304799999998 0.03459265996223895 0.0039011424251608824
196.003027 0.03470757421470097 0.003914318360547331
197.00517899999997 0.034818340459264775 0.0039270180191569365
197.99734899999999 0.03492763469180069 0.003939581604262483
198.99828699999998 0.03493358245521142 0.003940493559317639
200.00092099999998 0.03490654395492082 0.0039376041948206
200.99726 0.03488448267521034 0.003935259576938717
201.993096 0.03488723561777153 0.003935689601360634
202.99145999999996 0.03498716828052107 0.003946827435558797
204.00301 0.035021674385983644 0.003950649146581244
205.004984 0.03506544191745095 0.003955575609068279
206.00312299999996 0.035052299892889535 0.00395409004528362
207.00788100000003 0.03505948183068198 0.0039549527142272575
207.995143 0.03499368067736876 0.0039477456160135135
209.00134299999996 0.03495724918853371 0.003943619699512292
209.994109 0.03487459561359144 0.003934381466706668
211.000949 0.03483086297998486 0.00392953105682269
211.99719199999996 0.03488639681829374 0.003935817514946676
212.992281 0.034919078603512406 0.003939496105487697
213.99687100000003 0.03499090276485022 0.003947616194625214
215.007179 0.03502519922795977 0.003951472401821054
216.003637 0.034981018221816845 0.003946703242383577
217.004822 0.034897420604263304 0.003937618967459563
218.00185099999996 0.03481508142354451 0.003928769667478023
218.998597 0.034698600598977995 0.003915956892750812
219.99807 0.034643302959084465 0.003910073603737578
220.99856799999998 0.034555680034441746 0.00390041293929908
221.997018 0.034497199195890116 0.0038940203792882694
222.995597 0.03441636339620986 0.003885025405834235
223.98990000000003 0.034416790934754665 0.0038850354895681775
225.008165 0.034394569765071555 0.0038824634121254996
226.00513599999996 0.03428557018975282 0.0038703386181362723
227.00333699999993 0.034155827082287434 0.00385581361772746
228.005407 0.0339781853256743 0.003835926748371
229.00036599999999 0.0338267042518056 0.003818967642931563
229.99885099999997 0.033708746160949606 0.0038056487398176147
230.99238099999994 0.03362085769217968 0.0037956413822967084
232.001331 0.03354066541805171 0.003786414690785189
232.99686199999996 0.03346072508302836 0.0037771905841614607
233.99158799999995 0.033439172064763954 0.003774483816500667
234.999633 0.03341895737391812 0.0037719336039370344
236.00465899999995 0.03333302471087098 0.003762014850287315
237.01178399999998 0.03326162169348365 0.003753755032842544
237.99707599999994 0.03304363207982368 0.003729053191485188
239.003321 0.032843045516316 0.0037062784792916297
240.002344 0.03267850661033553 0.0036874982728580994
240.99268799999996 0.03243067599878634 0.0036593391992134905
241.998407 0.03222646228341537 0.0036361253760442496
242.99781899999994 0.03203706847469742 0.003614550999556155
243.99445899999998 0.03192227909104407 0.0036013559626456937
244.991503 0.03186502163319261 0.003594601685589871
246.008101 0.031750270887136375 0.0035814441643977025
247.005304 0.03158472645673753 0.0035626122010277783
248.00561999999996 0.03141429601904438 0.003543277757203503
249.00182799999996 0.031199950088191104 0.0035190383272312954
249.99752400000003 0.03100395066556052 0.0034968631354281464
250.99710399999998 0.030855121929133516 0.0034802616648003173
251.99948400000002 0.030714364807652383 0.0034645770271890023
252.995773 0.03059470360266031 0.0034512690420626276
254.004528 0.030463312797608104 0.003436657988875733
255.00215999999998 0.03032616213735869 0.0034214078345284234
255.997647 0.030211082791748504 0.003408641701936365
256.99989 0.030103003903520956 0.0033966634462085903
258.000904 0.030417550154687986 0.003563903842034754
258.997516 0.030162339569540477 0.0035354185344938873
259.999098 0.02998683073070921 0.0035141479451795362
260.998978 0.029887454554702438 0.0035022810275149702
261.9988 0.02987230925702575 0.0034999398529368102
263.001304 0.029571578032019735 0.0034657847837936307
263.998462 0.02937037717495038 0.0034420679979229323
264.99864199999996 0.029323222974673605 0.0034356967073811044
265.99897599999997 0.029311555804701385 0.003432622840243189
267.000121 0.029089873387484227 0.0034072461320607556
267.999005 0.029046530670117556 0.003401366608462983
269.002455 0.02903438268306611 0.0033991402175538943
270.00057899999996 0.028835108907878864 0.003375849529738337
271.00121699999994 0.028723108981262492 0.0033633759288646437
271.997916 0.028623215525582866 0.003352577046097191
273.00175799999994 0.028505218129248923 0.0033390306304930967
274.000145 0.028349208241536514 0.003322617882377603
274.999226 0.028340916666946728 0.0033226480641282393
276.00124 0.028117287674130263 0.00329975468874175
276.995447 0.028242495062149563 0.00331682340860203
278.00234399999994 0.027834557225068866 0.003273253489055709
279.000633 0.02772485366640814 0.003265138419183712
279.999077 0.02787136552296758 0.003286942840705636
281.004297 0.027560580157238525 0.0032578449922895975
282.0034529999999 0.027476703623655983 0.003256818230406766
282.997441 0.027014493906291914 0.0032143359975281057
283.997303 0.027188914147039077 0.0032485013790328468
284.996386 0.026656696544862857 0.0032083506837012506
286.00041699999997 0.026625350829854767 0.0032390121682541835
287.0003469999999 0.026046026001761455 0.0032418178081346956
287.99809200000004 0.023766298701918168 0.0031921645054822055
288.9987729999999 0.026591900763804834 0.004602937805260258
290.00155599999994 0.05765124162290627 0.013349998528944319
291.0010199999999 0.05926745792719295 0.012089761064704005
292.002215 0.06791354093154317 0.014007082135545206
292.99585899999994 0.08895066958964973 0.01983914868827728
293.998273 0.10230526362805883 0.02497049652473816
294.9925399999999 0.11785598327344311 0.027853181800655324
296.001852 0.13536215457408995 0.027981652759700756
296.993576 0.14307762609018765 0.026390054124168127
298.007598 0.14519972346271265 0.02454884220063777
299.002917 0.13939937586520237 0.022416379483980026
299.99595099999993 0.14112662310800042 0.021721553598770166
300.996554 0.13491198492719814 0.020207416478503576
301.99715499999996 0.13571814139057345 0.019868605150139072
302.99681699999996 0.13619438053994745 0.01947267123205109
304.00246699999997 0.13459894898923247 0.018893378890172906
305.00442599999997 0.1337652563689447 0.018470311616002395
306.00216399999994 0.13147003874013546 0.017859068863985302
306.99853499999995 0.1301952978464961 0.017418630738497896
308.00477400000005 0.12593548051331493 0.016621225465233733
308.994526 0.12165236159506251 0.01584960602648567
310.002823 0.11724444487888667 0.015094411908037966
311.004128 0.11282052518807217 0.014360014471341527
312.001227 0.10905346214854786 0.013723844755096314
312.99605599999995 0.10536277985642613 0.013128298447603907
313.995251 0.1018346253788908 0.01257646048777156
315.004368 0.09969377650619121 0.012222034795893956
316.005446 0.09691715079360216 0.011821970919292449
317.000897 0.0954794637630754 0.0115999919954453
317.99711399999995 0.09280956977453245 0.011251120570052859
318.996506 0.09186755786034412 0.011117229267064313
320.021639 0.09097858698488426 0.010266059226954132
325.00468600000005 0.08809290580700667 0.009941318187579994
329.99030500000003 0.08622495922106246 0.009733717175167194
334.98785399999997 0.08435314235223716 0.009521774462087337
339.985612 0.08188546787511021 0.009240856361278294
345.01044199999995 0.07975528472793605 0.00899934101527392
350.0251599999999 0.07826362785955407 0.008832330534189836
355.0034160000001 0.0949626499155131 0.010708575815816867
359.991479 0.10912718375428157 0.01229814325392001
364.96899499999995 0.08059420279688202 0.009089545130464964
370.0073309999999 0.08072252039430072 0.009102868529694169
375.044227 0.0798886165152049 0.009008274989154713
379.98053999999996 0.07975229371968996 0.008991486205066908
384.97505899999993 0.0792302248995476 0.008930728856706895
389.986285 0.07814613329124953 0.008806909564853879
395.030621 0.07619525368471414 0.008586364962142498
400.029572 0.07402147139017205 0.008341455627969752
404.98392999999993 0.07140522901777567 0.008048366379979898
409.974568 0.07362553297352625 0.00829718034080888
414.980523 0.07246891137787982 0.00816749740605519
420.023309 0.07251467204241607 0.00816998127914914
425.026534 0.07071878291556126 0.00796520675013366
429.968749 0.06887379596701954 0.007755695308261727
434.966919 0.06750556582070907 0.007600256534020711
440.00849 0.06645784674049691 0.0074812515619293906
445.028081 0.06517071548838464 0.007335836176959974
449.998995 0.06418737340833339 0.007224597122999952
454.9955079999999 0.0637263397268484 0.007172514075581504
460.001089 0.06326707257694456 0.0071205386702036435
464.9645039999999 0.06292052535998488 0.0070812195210739285
470.01533599999993 0.09676008606253002 0.010880861379792375
475.03545 0.11221276065416268 0.012615828082165138
479.991638 0.0796644636513007 0.008960631036895102
484.984999 0.07273615416170003 0.008182271814768303
489.98847 0.0699730394929632 0.007871650263012802
494.986412 0.0673706579088206 0.007579145851940431
499.99610999999993 0.06683851997214976 0.007519144645359875
505.001253 0.06662507757566899 0.007495068390688183
510.02309499999996 0.06690283721280169 0.0075263312338135265
514.9976439999999 0.06715502829606847 0.007554924108838395
519.998465 0.06637094329642976 0.007467386451969328
524.97055 0.06559102959049327 0.007380585309511257
530.0121029999999 0.0666536001198247 0.007500542259029019
534.9719429999999 0.0654375720595996 0.0073629107803119135
540.0281679999999 0.06401305968878108 0.00720196318841208
545.0202469999999 0.08744786307373062 0.009832871088171996
550.005807 0.1040462793853208 0.01169760924798053
554.99531 0.10784441691728927 0.012123016808550158
559.967107 0.09438898979749911 0.010610582175465448
564.9851089999999 0.08985902043906176 0.010100768436243815
569.9825859999999 0.09206348619848279 0.010347386275321608
575.0272189999997 0.09276573901400428 0.010425559167245899
580.0274720000001 0.09119722149219985 0.01024909198827956
584.998094 0.08846543630718882 0.00994208319654077
589.9962359999998 0.08695562937412175 0.009772171027607484
594.964195 0.0848972676453182 0.009540594211690996
600.0015169999999 0.08394509403061755 0.009433292463807584
604.981236 0.08247671404406752 0.009267979066805081
610.036353 0.08161483276630159 0.009170902488632119
615.012236 0.08061288416260083 0.009058214887898
619.9922849999999 0.07962757467443318 0.008947407375568546
624.975152 0.07871314130566497 0.008844462521670895
629.996947 0.07787934019774405 0.008750276696513869
634.997283 0.0769282542721532 0.008642780955225159
639.982615 0.07610719922400831 0.008550134092760958
645.0371530000001 0.07518406978133547 0.008446257156739663
650.009845 0.07418473008091125 0.00833390836494013
654.996894 0.07314490704263651 0.008216952071887398
660.013773 0.07199418645542932 0.00808750899490749
664.965891 0.07107641182500657 0.007984282733933017
669.9813919999999 0.07019771266684258 0.007885454139654169
675.018895 0.06938011543599151 0.007793469742282959
680.004094 0.06838774216967346 0.0076819264473091346
685.0228889999999 0.06732496057998882 0.007562492088823386
690.0107430000002 0.0663359024577483 0.007451308192838518
694.9651779999999 0.06552654897643975 0.007360351303844871
699.997604 0.06505690238412203 0.0073075136389888365
704.9966649999998 0.06469956246100167 0.007267269625457192
710.00368 0.06400505476574565 0.007189228232306293
715.013598 0.06348840438368597 0.007131139781051175
720.0170659999999 0.0697654983593401 0.007835785402039427
724.9913959999999 0.06411848070404753 0.007201771128774483
729.982021 0.06368013491070926 0.007152532352072567
734.9851460000001 0.0635159729155241 0.007134043373562112
739.9833099999997 0.06192171187589311 0.006955019211184338
745.023607 0.06144476520251835 0.006901407494067733
750.0163599999998 0.06104989602826345 0.006856971099438277
755.008564 0.06059647632962762 0.006805983879680226
760.0101899999997 0.06005369103298632 0.006744992535443579
764.99377 0.05952709972252969 0.006685854110282242
769.9940369999999 0.058932934335485354 0.0066191229954620295
774.9859649999999 0.0583793220872098 0.006556922344509422
779.9890519999999 0.057817165849617144 0.00649374130498089
784.99983 0.05730351653408601 0.006436007343842957
789.997212 0.056780459115657204 0.006377244839328222
795.011875 0.056365614845749305 0.006330639315455554
800.0013279999998 0.05573232454504333 0.00625952660113912
805.0168069999999 0.055169562153445297 0.006196339982568263
810.0092859999999 0.054788837085452576 0.0061535954368519725
814.9872009999999 0.05415727947238557 0.006082692763333177
819.9969419999999 0.05364873776001968 0.006025597100019851
824.981552 0.053187399207828674 0.00597379618582793
829.9996899999999 0.052748946752828325 0.005924567276906472
835.000495 0.05230907110856094 0.005875181517313011
840.0006999999998 0.05189501854964446 0.00582869864641601
844.9897109999999 0.05146548881159957 0.0057804750499953605
850.0184399999999 0.050997572195381355 0.005727937292858755
855.0136749999998 0.05059967643473299 0.005683265971373329
860.0030339999998 0.05026602130989819 0.005645806277004971
865.0047050000001 0.05004947943873167 0.005621490506494728
869.989875 0.04963060201400595 0.005574456266542091
875.00405 0.049283578993460496 0.005535494323118547
879.9982679999999 0.04893499462954742 0.005496355599244924
885.001025 0.04857489174172194 0.005455922033000317
889.9893439999998 0.04813536728655984 0.005406571095134737
895.0096559999998 0.04777412922465682 0.0053660120098777495
900.0046639999999 0.04739120366903917 0.005323016672419772
904.9889920000002 0.04701518342684469 0.005280799981570934
909.9960190000002 0.04665701109798614 0.005240585840455927
915.010626 0.046295863451665614 0.005200040085366993
919.998055 0.04592979905701118 0.005158944332514201
924.9816459999998 0.045577332885802256 0.005119379656145054
929.993756 0.04521642006736393 0.005078873708086411
935.003076 0.04488713892626556 0.005041915707772156
939.995303 0.04458794090039749 0.0050083525284745495
944.9907019999999 0.04434524845778788 0.004981130106761302
949.9897669999999 0.04400593667492147 0.004943050660618491
955.000966 0.043682349953023704 0.0049067427568738305
959.975394 0.04342051361084864 0.004877369264383778
965.0106689999998 0.043176355784336776 0.004849980579685246
970.0118999999997 0.04287747139609019 0.004816438894062739
975.0018059999999 0.04259304096979896 0.004784521199392786
979.9791239999997 0.042321942975315587 0.004754099480965098
985.0152359999998 0.04204982326222094 0.004723567488278699
989.9791569999999 0.04179541101481631 0.0046950242760510925
995.001945 0.041495830505289814 0.0046614111675984645
999.9911780000001 0.041240703717654925 0.0046327904828507216
1005.002 0.040964933615644336 0.004601855277599154
1009.97857 0.040707862353572745 0.004573020400942627
1015.0036999999999 0.04047875378232749 0.004547324435250616
1020.0078299999999 0.04023145441604947 0.004519588106283475
1024.99842 0.03999351767238155 0.0044929011665422874
1030.0052499999997 0.03978980825287455 0.0044700632953159685
1034.99292 0.03961021966834892 0.004449941229173729
1040.00346 0.0393889233374555 0.004425137037295595
1044.98569 0.03920189610689683 0.004404187119870653
1049.9882799999998 0.03901536542760179 0.004383296149009097
1055.02522 0.03882576231629332 0.004362034375534552
1059.97182 0.038615136537634924 0.00433841856966946
1065.00786 0.03837657519960139 0.0043116768835167905
1069.98879 0.03810529205131762 0.004281265801815624
1075.01498 0.03785062869379327 0.0042527306190100825
1079.9964999999997 0.03783476679733461 0.004251004305748775
1085.0101799999998 0.037739107872650106 0.004240330598940791
1089.98567 0.03735478519237635 0.004197241487829068
1095.01175 0.03700222616288703 0.004157722791951834
1100.0008599999999 0.03671538909921365 0.0041255873031015985
1104.9998399999997 0.036467871018413124 0.004097865563989011
1110.03444 0.03621207145448557 0.004069220979874086
1114.96313 0.03592238388503974 0.004036777141186584
1119.99685 0.035639937701880696 0.004005145581616947
1124.9959099999999 0.035347255486674924 0.003972366918535472
1129.9921999999997 0.03509745775564378 0.003944413898157941
1135.01555 0.03479890009656099 0.003910995389927668
1139.97025 0.034540265244631 0.0038820678755260587
1145.01075 0.03429526885930338 0.003854680685699856
1149.99539 0.034006649671617165 0.003822411002816679
1155.01064 0.03370156286033264 0.003788313657562815
1159.9799999999998 0.033250425899882335 0.0037378752482910677
1164.98941 0.03293495304582951 0.003702770367635808
1170.00789 0.03262293790272726 0.0036681009370965446
1175.0225600000003 0.03235907546859082 0.003638889810547864
1179.98314 0.03205418406952496 0.0036051282252737727
1185.01048 0.031687774046603556 0.0035645263581983405
1190.00763 0.03133233785069962 0.0035252346847358556
1194.9924299999998 0.03101085740081999 0.0034898511816621944
1195.0118200000002 0.030724056639246714 0.0035136286210335718
1200.0030100000001 0.030344709467746714 0.0034741344263239837
1205.00162 0.030248100708575202 0.0034642043765270667
1209.99692 0.029946654496923162 0.003431361836055357
1214.98709 0.02981756493116031 0.003418004199185152
1220.02328 0.029705918643183036 0.0034067747981059294
1224.9887 0.02950875014760698 0.0033860606965368887
1229.9995 0.02928782410853111 0.0033628549802879465
1235.0079 0.02903632892757839 0.0033363731616809543
1239.98075 0.028933769110709363 0.0033268265631675835
1244.9890700000003 0.028741277406464986 0.0033073958184128057
1250.01123 0.028578627236216337 0.0032915554765115857
1254.99114 0.02849897193877454 0.003285373978522961
1259.9835699999999 0.028689586787143857 0.003309945018243701
1264.9980599999994 0.02870774761511808 0.0033152432685732256
1269.99024 0.028409001520272786 0.0032849319147216023
1274.99529 0.028150802324617124 0.003259450501246285
1279.9715699999997 0.027982754453761027 0.0032444032899659908
1285.02233 0.027793198407433016 0.003227193734998795
1290.0059200000003 0.0276556411253555 0.003216243167261545
1294.98843 0.02758728630067317 0.003213501048726528
1299.9876200000003 0.027421591382059303 0.0032002082750441983
1304.9919900000002 0.02741781714005591 0.003205537782066806
1309.9952800000003 0.02714079626872365 0.003180652491623243
1315.00871 0.026966712422197055 0.0031678780648772354
1319.9913100000003 0.026888836002349654 0.0031665244621324174
1324.99904 0.026692838516973204 0.0031526129275157916
1329.9767200000001 0.026726858920477378 0.003165257374440505
1335.01616 0.026538555552467407 0.0031537346946521627
1339.9808899999998 0.02650840886727977 0.0031608042116049256
1344.9857799999997 0.026475503926695617 0.0031685705779023053
1349.98472 0.026167893961134666 0.003146402683559897
1355.0180599999999 0.025908472990000316 0.003131112414753776
1360.0163799999998 0.02606196329294503 0.003163659683491112
1364.94853 0.025906953668563628 0.0031629129273408646
1370.0264899999997 0.02574044403280508 0.0031626584167144707
1374.97601 0.02577806634496867 0.0031876028035949244
1379.98116 0.02544679813894323 0.0031731328476446627
1385.0058499999998 0.02604453182330602 0.0032662966572911557
1390.01246 0.02534218555980097 0.003215313580290202
1394.9640399999996 0.025992576951895652 0.0033204831380999685
1400.0056599999998 0.02554451609321683 0.0033054300564851623
1405.02398 0.02550463700063055 0.0033407652269588943
1409.9951899999999 0.02553549574161174 0.0033889684944626683
1414.9808299999997 0.025700029272747064 0.0034573263327694497
1419.9844 0.025668241200225653 0.0035112803318030246
1425.0169000000003 0.025352666120377218 0.0035382069570451527
1430.0090499999997 0.025913255149104454 0.0036741130120770626
1434.9741999999999 0.026736816585910084 0.0038485844600431728
1440.0150099999998 0.027297589501485142 0.0040065930134497935
1445.01867 0.027275569837023825 0.004108409855954363
1450.00522 0.02584905604903964 0.00406642398869258
1454.96945 0.028078270854432985 0.004458423180685323
1460.00139 0.02736648511899885 0.004530881678524668
1465.00722 0.02807282686093118 0.004792287077381772
1469.98186 0.030394410176201776 0.005267017694999307
1475.0154899999998 0.031093822841987414 0.005584216247074491
1480.00972 0.03140299603952462 0.005905878108000634
1484.96669 0.03228316616136844 0.0063245247931479065
1489.9954799999998 0.03389883323311184 0.0068741780968373