photon_energy_eV    total_yield    yield_error
4.09999685 -7.129933908771233e-06 0.0005530800980476944
4.19999076 2.139557963747217e-05 0.0005137891598687128
4.30000152 2.05932739586552e-06 0.0004678471215472064
4.39999935 1.4437119336758964e-05 0.00030070495927973724
4.50000164 -9.771034822054892e-06 0.00025617152802200413
4.59999779 5.73793069786568e-06 0.0003783016898980851
4.70000406 8.699671973192204e-06 0.0018225818826655478
4.79999311 3.6700495394692205e-06 0.0002771641881326473
4.90000312 -9.762428627153567e-07 0.00017985124257204418
5.00000235 -3.735469362602844e-09 0.0001352296263296523
5.09999488 4.659055281719775e-07 9.937787279148178e-05
5.2000064 -8.684626749487594e-07 8.762501555188758e-05
5.29999677 -5.7061615577285355e-06 7.990053177799587e-05
5.40000697 1.3277143069513423e-06 9.743484862939248e-05
5.49999059 1.82438120092223e-05 0.00010911023718942426
5.60001049 5.377642002125164e-06 9.795510048346173e-05
5.70000576 1.2286783094380943e-05 0.00011332071353533941
5.79999812 3.4347004134728626e-05 0.00012542772193785426
5.8999838 3.307388769028186e-05 0.0001339769181196406
6.0000041 1.8506126282630873e-05 0.0001308639412957019
6.10000594 5.558602871463824e-05 0.00015538489083993104
6.20000359 4.170353331106646e-05 0.00015677515731989046
6.30000193 7.87479052362613e-05 0.00017742983500703495
6.39998044 7.508213979615825e-05 0.00017157453928151752
6.49999876 0.00012471177228014026 0.00018460572052869868
6.60001991 0.00018924393394286864 0.00019254732649632794
6.69998937 0.00020719489855404962 0.00017706488024884815
6.79999469 0.0002619122196409634 0.00017834865618198672
6.89999487 0.00031245742839745475 0.00016472417180350774
7.000016 0.00045017478913622096 0.00018061285527174462
7.09999195 0.0005440772303165601 0.00019005625537350825
7.20000041 0.0006019332733547727 0.0001878477007977091
7.3000045 0.0006955692245290365 0.00019530459565005257
7.39999674 0.0008600254176952474 0.00022697473576838712
7.50000752 0.001124969269467198 0.00022912139200778232
7.59999188 0.0013159078449638726 0.00025192306070178294
7.6999932 0.0014740966126502385 0.00026936130369426215
7.80001559 0.0016447104967644585 0.0002889923015042096
7.90000272 0.0019456026772661315 0.00032824324697315296
7.99999711 0.002388148281633174 0.0003895575467459573
8.10000797 0.0027747992856930925 0.00043992882716422277
8.20000636 0.00316547092983974 0.0004897331932393527
8.29995955 0.0036016167428320305 0.0005464743989704592
8.40001498 0.004069727853495876 0.0006039193626281278
8.50000825 0.004519380979554058 0.0006579262427507942
8.59999883 0.005177661435422073 0.0007397719642580067
8.7000005 0.005919994869296463 0.0008324829991860152
8.79999429 0.006872210328395104 0.0009520097590382552
8.9000086 0.007897235973252916 0.0010808578299003632
9.00000528 0.008794256627020925 0.0011897676448081036
9.09998687 0.009817632481153723 0.0013151396245258133
9.20000113 0.010858833612351853 0.001440497121075718
9.29999032 0.012029821362564336 0.0015819185870834028
9.39999587 0.013334933735047481 0.001736821794756088
9.4999996 0.014967700030179632 0.001935226844661344
9.60002239 0.016656949480718497 0.0021382246785501993
9.70001293 0.018708176819397546 0.002388941759600876
9.79997331 0.020917527412996604 0.0026607621280656806
9.89996475 0.023307057760212264 0.0029576235058105535
9.9999745 0.02586346217566385 0.003277671393232035
10.0999995 0.02929356687940177 0.0037225364321770886
10.2000476 0.033234280237458405 0.004241514011836495
10.3000166 0.03753076452149175 0.004816197106619482
10.4000022 0.04103916446329116 0.005277142618889379
10.4999838 0.043341810006979786 0.005563674760265687
10.6000055 0.04464670453606338 0.0057089474805630805
10.7000049 0.045880541678476 0.005848115340667939
10.8000025 0.04704440221882407 0.005982207096780492
10.9000031 0.04891507221681872 0.006223437247261794
11.000004 0.051369709224685214 0.006551059844795955
11.0999435 0.05365960400166256 0.0068606368048692344
11.2000548 0.05640882430580382 0.0072440168134131015
11.2999848 0.058954994978515744 0.007609248453232593
11.4000041 0.061486823754140336 0.007991810371191897
11.4999617 0.06356913655544494 0.00833857399816095
11.6000381 0.06617120432456298 0.008844746736109278
11.8000336 0.06457850486184631 0.0075762998606427847
11.8999954 0.07983722401383705 0.009020211811634133
12.0000177 0.07219983243941305 0.015938677741344119
12.0999767 0.07747038252922595 0.019165755783759463
12.199973 0.07736539871721668 0.018415041405828766
12.3000656 0.07892621125652899 0.02748450478096446
12.399967 0.08221268342668693 0.021276053648621612
12.5000105 0.08402080292710871 0.022602787653835795
12.5999818 0.08629346505786559 0.02027197824254307
12.6999571 0.08717010263420766 0.028949585432154205
12.8000453 0.08905965461320801 0.02076332883691362
12.8999965 0.09089560406394778 0.02323481286789849
13.0000431 0.09020312851852609 0.0278193860187498
13.0999568 0.08391087501512043 0.023394315186763975
13.2000228 0.09582497791393675 0.018827031487252972
13.3000102 0.09030068812931447 0.038027230510353005
13.3999832 0.09242708895477403 0.030286948020052495
13.4999663 0.09283849213785904 0.026128849254098505
13.600062 0.09422345019895073 0.025243866924500976
13.7000119 0.09315977362197686 0.024049102930277955
13.8000256 0.09050282593610455 0.022634137834479377
13.8999471 0.09641536017498813 0.02642029242643385
14.0000449 0.09581406345832605 0.02586368529900181
14.100035 0.09630428199779262 0.02531785172230502
14.1999807 0.0960016476326783 0.02362370155035573
14.3000165 0.09774947532817956 0.02258497863918063
14.3999805 0.09494948085623492 0.019712029467083756
14.4999603 0.09595284582946116 0.018645189178900085
14.6000666 0.09781551089912428 0.01810719808363518
14.7000106 0.09705099463802164 0.017091233955143982
14.7999721 0.09564983968918733 0.01624062216560198
14.9000142 0.09778380306023149 0.016532857870973278
14.9999655 0.09834664102663611 0.016569105285679602
15.0999997 0.09472691856247346 0.015645020718395856
15.2000933 0.09618419384486905 0.01596638059260618
15.2999541 0.09867056559222774 0.01650355592743446
15.400031 0.09636226530224748 0.015768865744988224
15.5000318 0.09681913666175389 0.01562725074143666
15.5999875 0.09821437764639343 0.01563891338306747
15.6999919 0.09502367088720517 0.014651294557616844
15.8000626 0.09651704500532893 0.014740674606992434
15.9000124 0.09698474382810361 0.014704865070528261
15.9999797 0.09580533314524214 0.014449578096895252
16.1000045 0.09768340648460827 0.015000042997845419
16.200001 0.09597554698896942 0.015013822547291108
16.3999864 0.08715145774204695 0.02424817249105124
16.4999956 0.08645925293287972 0.021603581882845613
16.5999935 0.08979209132867987 0.021423836640067546
16.7000257 0.09017598964980189 0.020091433026036
16.7999793 0.09369871835312255 0.02007928225430145
16.8999463 0.09292914797840347 0.018621868256283942
16.9999528 0.09481847176616105 0.018203985428221676
17.100027 0.09326641796640628 0.016911086772973576
17.1999567 0.09416821248856859 0.01644251813578005
17.3000829 0.09468013376026517 0.015948095106553338
17.3999961 0.09436443083943281 0.015289082498898068
17.499944 0.09538108760342663 0.014963742860140069
17.6000849 0.09336301875627863 0.014118099977304266
17.6999703 0.09522506715543183 0.014056993614900594
17.8000121 0.0945591752727666 0.013559478864115699
17.8999868 0.09440254215403394 0.013210272193168296
18.0000054 0.09469223747401004 0.012949979944673281
18.0999968 0.0943942815197692 0.012643374440811192
18.1999955 0.09377863735547501 0.012321422915216033
18.300038 0.09394548727095149 0.012141944003870291
18.3999692 0.09363241591268189 0.011927528149939828
18.5000188 0.09277085420245272 0.01165997106160267
18.6000034 0.09280041435969058 0.011537476164140165
18.6999887 0.09257749249534011 0.011394445667415678
18.7999572 0.0917827935412184 0.011200129052437191
18.9000079 0.09200819305472113 0.011142652070322
19.0000672 0.0915506088476178 0.011012812900876351
19.0999693 0.09116988520668495 0.010901408512375758
19.1999636 0.09099505000527171 0.010820762980119416
19.3000059 0.09062333670293289 0.010722152797725615
19.4000198 0.0902538083374544 0.010628085003851666
19.4999571 0.08986968820501329 0.010537155308521944
19.6000189 0.0897902729382648 0.01048821939364075
19.6999713 0.08955991233008517 0.010425912394541414
19.8000193 0.08951699615889568 0.010389979122525844
19.8999561 0.08937281113315487 0.010345839574404485
20.000057 0.08910742387690121 0.010291383440501296
20.0997504 0.08902453892151742 0.010261274680042962
20.2000092 0.08888328624498248 0.01022653051781269
20.2999599 0.08877015715869056 0.010197760033877162
20.3998845 0.08874732475806112 0.010181311277858419
20.5001795 0.08867071417202776 0.010159833585923731
20.5999745 0.08857435091634457 0.010137837110035257
20.7000805 0.08860776226445734 0.010131401681013152
20.7999622 0.08855657974254266 0.010116404496031038
20.9001343 0.08855054046967134 0.010107184172412454
20.9998704 0.08852290251035079 0.010096559419727553
21.1000901 0.08851019895082518 0.010088024080172937
21.1998385 0.08841262132025267 0.010070453758266446
21.3001268 0.08846151457044901 0.010070197184931436
21.3999089 0.08846385158296846 0.010065181391752245
21.4999126 0.08838682475220154 0.01005147475325131
21.6000548 0.08843380137967174 0.010052195561418266
21.6998644 0.08838605568830807 0.010042513902536078
21.8000958 0.08836497596658487 0.01003608248811446
21.8999641 0.08835641104333293 0.010031728024039071
22.0000397 0.08842796681392441 0.010036377476243833
22.0999965 0.08842582893222854 0.010033209837488987
22.20002 0.0884132765601088 0.010029001102979733
22.2999371 0.08848440578776463 0.010034768607568228
22.3999786 0.08854622703080198 0.010039688514581762
22.5000117 0.08863285549392863 0.010047730315565799
22.5999824 0.08868562356568782 0.01005242815005938
22.7000453 0.08880958743230802 0.01006552398649985
22.8000637 0.08886769954902451 0.01007162709829631
22.8998532 0.08893366318004658 0.010079276979308582
23.0996339 0.08822888806614607 0.009921702465826236
23.2000015 0.08829686083273959 0.00992930820030445
23.2999143 0.0883652403879377 0.009936988050448793
23.4000649 0.08840323594248159 0.00994121857149878
23.4999971 0.08848572275318507 0.009950563362757443
23.6000583 0.08852140881056438 0.009954619222575482
23.6999656 0.08859930478217416 0.009963549267152596
23.7999817 0.0886796378049986 0.00997263554999326
23.900052 0.08875334109678482 0.009981123170996238
23.9996966 0.08883560390267503 0.009990529798589007
24.1001281 0.08892921432416556 0.010001349011486955
24.199968 0.0890309036206309 0.010012894602682829
24.2998665 0.08915530921346025 0.010027337266732569
24.4003013 0.08927303484517646 0.010040540204461258
24.4997059 0.08943724937550024 0.010059692217490254
24.6002699 0.08961719038857051 0.01007992128062118
24.7000176 0.08979187524874169 0.010099967819796978
24.7997734 0.09000761528483732 0.010124712552543658
24.8999836 0.09024488941538548 0.0101515332367811
25.0000876 0.09047998621012568 0.01017819911087957
25.0999187 0.09073785714110884 0.010207538183284215
25.2002389 0.0910523758455745 0.010243053676016998
25.2998997 0.09136806264187575 0.010278931300774648
25.3999829 0.09166927206371385 0.01031290056085469
25.5000108 0.0920107336522695 0.010351526028953758
25.6001336 0.09233395973575935 0.010388081158111061
25.6999123 0.09268560272252103 0.010427886115990959
25.7999823 0.09302765866397024 0.010466475585887513
25.9000124 0.0933683156906185 0.01050478379257052
26.0000478 0.09369052247105303 0.010541029586164244
26.0999127 0.0939993146731631 0.010575967388821094
26.1999868 0.094248577623879 0.010604088730978855
26.2999269 0.09449456421344678 0.010631919688212347
26.399949 0.09472151941681035 0.010657511996949282
26.4999314 0.09488516225027792 0.010676005387856893
26.5999802 0.095013704885595 0.010690623847882837
26.70003 0.09515813140616719 0.010706965840662178
26.8000136 0.09516602475594209 0.01070802216116702
26.9000393 0.09516963596074411 0.010708543376448523
26.9998613 0.09513980808553126 0.010705365486771685
27.1000068 0.09501648352079241 0.010691651734839304
27.1999912 0.09489697871562242 0.010678394787615498
27.2999244 0.09470211976796218 0.010656658675921951
27.4001038 0.09446688905875647 0.010630407849567642
27.4999706 0.09423039148414966 0.010603992272526465
27.5998211 0.09396785398364331 0.010574642862302574
27.6999605 0.09373591858155035 0.010548758874176644
27.799945 0.0934285910254678 0.010514294849185514
27.9000815 0.09315005289309912 0.010483123136671543
27.9998529 0.09294385595404359 0.010460005304277622
28.0999534 0.09271939393079093 0.010434787349991606
28.1999273 0.09260029441371838 0.0104214196500137
28.2998953 0.09257529029597944 0.010418559283085015
28.4000473 0.09264790394993856 0.010426493211744207
28.4998487 0.09287039534055781 0.010439705549478456
28.6000867 0.0928827745948644 0.010452483726147432
28.699888 0.0930230790701554 0.01046788427896256
28.8000494 0.09313902124500488 0.010480632196198918
28.8998205 0.0932568755358027 0.010493513413630341
28.9995292 0.0933646494380336 0.010505236236850438
29.0999284 0.09348986526915087 0.010518547213066923
29.2004678 0.09361107223519402 0.01053154798527622
29.2998102 0.09370179897254699 0.010541292944026422
29.3999014 0.09384397337747216 0.01055680418096039
29.5000389 0.09394800821238034 0.010567811946442249
29.5995721 0.09408785544036148 0.01058312296598326
29.7001397 0.09423028970286722 0.010598392822443571
29.7997239 0.09435218414622468 0.010611756298699062
29.9001243 0.09449003526319182 0.01062674344450853
30.0001739 0.09462378182024718 0.010641260038318523
30.0995627 0.09477206468912575 0.010657780473775906
30.2002084 0.09489013471736164 0.010670471605007465
30.299879 0.09505869272498348 0.010689136612627725
30.399832 0.09524388116867187 0.010709760342031862
30.5000667 0.09539761006481927 0.010726870128864861
30.5998167 0.09556182828099925 0.010745035127954052
30.6999134 0.09573989441888421 0.01076503104374232
30.7999694 0.09593867658013855 0.010787278786372619
30.8998215 0.0961206970065574 0.01080768849527306
30.9999305 0.09626188669878091 0.010823566902665503
31.0998999 0.09647141965968199 0.010847123207989225
31.1996412 0.09669521118736571 0.010872542165743812
31.3003446 0.09689616376654211 0.010895127933361093
31.3999276 0.0971279660625585 0.010921505884630199
31.5000653 0.09733447319706738 0.010944909510667948
31.5994565 0.09759417370533052 0.010974483858759496
31.700216 0.09783850341205562 0.011002184526970212
31.7999673 0.09813138582085551 0.011035573600515942
31.8998496 0.09840207836730835 0.011066399068213498
32.0000266 0.09872088094707368 0.011102806619255036
32.0999085 0.09901922128935062 0.01113691972987708
32.1993993 0.09931201181565324 0.011170562552907846
32.3005317 0.0995943632754248 0.011202759515064126
32.3999852 0.09986378456343688 0.011233903271033326
32.4997941 0.10015437489276706 0.011267418289037372
32.5997856 0.10041136046407398 0.01129710610753785
32.6999575 0.10064435681412306 0.011324131679030383
32.8000435 0.10084847159386844 0.011348013197980086
32.8996828 0.10105403270148794 0.011372188638763076
33.0001962 0.10121786481038124 0.011391501194575082
33.0999828 0.1013885324543322 0.01141180452317577
33.1998342 0.10146942704443897 0.011422004476251026
33.3001993 0.10155975657452654 0.011433264444215293
33.3997145 0.10164154989553405 0.011443680825314597
33.4999181 0.1016581876323993 0.011446659523861756
33.5999866 0.10166334125134098 0.011448548008310987
33.7000052 0.10163253627959361 0.011446296775215362
33.7997808 0.10157437686206644 0.011441026165735177
33.8999612 0.10150746286870775 0.011434772264629656
33.9997927 0.10139035866776938 0.011423022426438306
34.0999288 0.10125821304196699 0.011409307216374204
34.200083 0.10109397693794141 0.011392156096240056
34.2997698 0.10092962646580399 0.011375093612406805
34.4000394 0.10077272543036025 0.011358915882443522
34.5000216 0.10061873521537927 0.011342992861172537
34.5996085 0.10042034614128822 0.011322257820555886
34.699772 0.1002171965907204 0.011300901595421154
34.8002203 0.10003761570599215 0.011282257293904996
34.8998583 0.09981070243839972 0.01125827190816357
34.9998684 0.09960862118105233 0.011237166277733837
35.0997486 0.09938662144173921 0.011213849520519275
35.2000992 0.0992040710704504 0.01119496757804258
35.2998035 0.09894493903688044 0.011167521259476907
35.3999717 0.09872698912940855 0.011144663448848017
35.4998862 0.09850913823081726 0.011121854017823072
35.5998486 0.09824628278062456 0.011094051051512456
35.6998547 0.09803665633824107 0.011072174138231215
35.8001102 0.09775541104181969 0.011042291965935537
35.8995612 0.09750661663176498 0.011016121913893057
35.99999 0.09723315989779285 0.010987019148026606
36.0999172 0.0969371824504408 0.010955521283080846
36.1999725 0.0966951431619811 0.010929991825424456
36.2997226 0.09640424511705188 0.010899111290706347
36.3999156 0.09610433624530314 0.01086702661316741
36.4999013 0.09583862251163702 0.010838882765348555
36.5996715 0.09548848917553265 0.0108012012671257
36.6999886 0.09528180921061175 0.01077966313347333
36.8001933 0.09497391222209468 0.010746816406101475
36.8997227 0.09478162913523741 0.010726935403834608
37.0000157 0.09443299803474269 0.010689394323387119
37.0997307 0.09431670769619932 0.010678121494296595
37.19908 0.09407434547945137 0.010652740518787571
37.3002133 0.09399134894297302 0.010645303955065348
37.3998406 0.09379510433315741 0.010625046199043801
37.5002313 0.09366607365537936 0.010612452155457296
37.5994296 0.09355210713700006 0.01060164609082649
37.7003155 0.09344680606543826 0.010591903976419702
37.8002263 0.09332954444902031 0.01058067287096178
37.8996118 0.09330993409041455 0.010580711550582156
37.9994032 0.09326189812926595 0.010577578636499704
38.0992471 0.09326276797889753 0.010580050985261416
38.2003325 0.09321948396134573 0.010577380061030631
38.3002775 0.09319163498647853 0.01057670531011393
38.400024 0.09317978816116405 0.010577893243969927
38.4993224 0.09299444468540922 0.010559497248750572
38.6004749 0.09298789429524337 0.01056126407551785
38.6995903 0.09290302265347312 0.01055436430427503
38.7990929 0.09280536591412424 0.010546114239281115
38.8997268 0.092722591511369 0.010539578530825242
39.0000141 0.09269269046997397 0.010539147152667544
39.0996954 0.09249071015471542 0.010519208213816238
39.2005155 0.0923030474745893 0.01050098291257883
39.2997113 0.09215744481457928 0.010487764076591322
39.3994104 0.09191921614981106 0.01046401424529673
39.5003815 0.09175338977632708 0.010448515491092186
39.5998213 0.0915374005434314 0.010427592482450601
39.7002781 0.09142055297102969 0.010417767928729713
39.7995632 0.09128729603992192 0.01040647560862459
39.8996063 0.0910207260661706 0.010379965665740341
40.0000229 0.0909825256483875 0.01037937554814125
40.0995009 0.09083030891945382 0.010366091302481065
40.1994749 0.0906089417666923 0.010344910814161406
40.3006122 0.09034373531674965 0.010318882283004704
40.3990587 0.09032110904902552 0.010320733445679806
40.4993276 0.09010431723259685 0.010300186480363502
40.6002302 0.08986919567362425 0.01027785814573983
40.699471 0.08982778827930522 0.010277700348104248
40.8000143 0.08966865042282787 0.010264220980130282
40.8998254 0.08960923705233644 0.010262162767423623
40.999714 0.08961666532964828 0.010267749297173523
41.0998156 0.0893429694983401 0.010241534401226262
41.1994363 0.08923840747603937 0.010234445427558452
41.2999592 0.08929510032564089 0.01024595813817755
41.3995733 0.08908790198198353 0.01022728203552501
41.4999506 0.08897768656078348 0.010219814555006057
41.5996845 0.0888922714397934 0.010215520466828257
41.6997569 0.0889284774806217 0.01022478320842574
41.8003119 0.0886354124249181 0.010196264258191276
41.8987708 0.08871506571177347 0.010209723789183172
43.0000736 0.09409575718010077 0.010618369979190335
43.999894 0.09343254362572173 0.010537764062578428
44.9997815 0.09356353458803658 0.01054734339246883
46.0001318 0.09455316871093579 0.010654065999389312
47.0000603 0.09548437351651846 0.010754750062655662
47.9999202 0.09569424950117811 0.010775507081565225
48.9996795 0.09515428025385611 0.010713536227814797
50.0000474 0.09411629143616186 0.0105974815447822
51.0001388 0.09270694709894382 0.010440610098337034
52.0000085 0.09113965728863235 0.01026274606376794
52.9999284 0.0899975439936069 0.01012949855085178
53.9998264 0.08891148771401482 0.010002973183525
55.000047 0.08802291832705857 0.009899799322424888
56.0000203 0.08657641155289433 0.009734666276552785
56.9998412 0.08550908981156013 0.00961270216238128
57.9999762 0.0840558828330983 0.009447712799511298
58.9999757 0.08198209005846377 0.0092132421574707
59.9999747 0.07996534285996065 0.008985461642157645
61.0001462 0.07804800950267196 0.008769095294090055
61.9997003 0.07627477245934326 0.008569138040167755
63.0000668 0.07462080010959367 0.008382762909228871
64.0000219 0.07308388276299499 0.008209698469654981
64.9995308 0.07163715852146375 0.008046892355400247
65.999957 0.07029653505704965 0.007896134642198405
67.0002642 0.0690203067738022 0.007752625229114232
67.9998862 0.06785460258951105 0.007621528156430952
68.9998897 0.0667503453315414 0.007497236120886684
69.9996737 0.06574591011294073 0.00738412312558531
72.0001239 0.064427189196757 0.007240004330958963
72.9999894 0.06335455154862424 0.007117856721787229
73.9997862 0.062376133208778085 0.007007204988645348
74.9996864 0.06148525518168606 0.006907240269282161
76.0003361 0.060640329265987114 0.006811477241745082
76.999683 0.059927576411159714 0.006730940298047869
78.0005609 0.059466806026033714 0.006678859631817292
78.9998049 0.05871870896592182 0.006594557384145888
79.9996072 0.058307266554070696 0.006548098919866628
81.0002676 0.0578270787192578 0.006493962429333771
81.999843 0.057026525876338274 0.006403890341369841
83.00019 0.05629694599652754 0.006321770776364684
83.9995695 0.055676056783386725 0.0062518948978883765
85.0004322 0.055102158613142535 0.006187316353921304
85.9991919 0.05454008864341737 0.006124076038523946
87.0005009 0.05398229973351371 0.006061301989133162
87.9995632 0.05336887921177203 0.005992334365849356
89.0003747 0.05273700475866689 0.0059212843403322404
90.0000001 0.052140571255667116 0.00585422296993806
90.9999556 0.051579139781847784 0.0057910977201003685
92.0004903 0.051065338442902584 0.005733321040898328
92.9994968 0.05053448030306047 0.005673664685889826
94.0001606 0.050078001681741514 0.005622340174590737
94.9998244 0.04968883873907285 0.005578587384081574
95.9999632 0.04930551518066599 0.00553550681153471
96.9994641 0.04894263064031444 0.00549472916791833
97.9998956 0.04859308774262445 0.005455450883411255
99.0007578 0.048215387462893854 0.005413019877613436
99.9995894 0.04777492533380317 0.005363557216896203
100.999699 0.046954378311053785 0.005271311863799468
102.000293 0.047615556063408816 0.005345531096071635
103.000821 0.04751276694607951 0.005333976285228392
103.999909 0.046860306054704044 0.0052607121561285405
104.999899 0.046029240139383525 0.005167389915433022
106.000188 0.04629420825878257 0.005197115328362068
107.00035 0.04891130876421669 0.005490881230220065
108.000044 0.050088293043795716 0.0056229733009081715
108.998456 0.052228565259004524 0.005863199374545515
110.002056 0.053696342709154875 0.00602802244959694
110.999198 0.04993445667606214 0.005605652677375361
112.000188 0.04778466714097983 0.005364336073397978
112.999228 0.04727833287559041 0.005307441793734729
113.999604 0.04702944589398853 0.005279526661623775
115.00011 0.04709484064620046 0.005286881805599905
116.001166 0.04758894898301392 0.0053423274404509275
116.99955 0.04759271813247873 0.005342722863573189
117.999283 0.04662140111671313 0.0052336955082695645
119.001282 0.045442649821855474 0.005101393691450981
119.999923 0.04442428235575887 0.004987065844372626
120.999632 0.04397167951511268 0.004936262201366924
122.000038 0.043912751217922236 0.004929671530958705
123.000061 0.04377785944162507 0.004914496703754891
124.000015 0.04401039144336777 0.004940603766007863
124.999989 0.044026492257282966 0.004942432837970216
125.999656 0.0445705122671407 0.005003491336101523
126.999867 0.04505580561747645 0.005057997669470883
128.000892 0.04538817979257786 0.005095341990232945
128.998537 0.04559763267727819 0.005118746017074767
130.000435 0.04566383807914831 0.005126292187859754
131.000158 0.04560541330901497 0.0051197109857111815
131.999221 0.04539498146090273 0.005096075596761619
132.999711 0.04504065213760742 0.005056335692449622
134.000911 0.04459624247307927 0.005006538363693417
135.001575 0.04407470504069038 0.0049479788396830345
135.999752 0.04350153368240661 0.004883650830470461
136.999175 0.04290134233989877 0.00481626630100216
138.000559 0.04227986935730034 0.004746564735881329
138.999585 0.04171204741145169 0.004682845323420741
140.000807 0.04123127870334259 0.004628929320113107
141.000914 0.04090031567004372 0.004591817766762229
141.999105 0.04046739807644514 0.0045432199016518125
143.000662 0.0398016442951317 0.00446859298694223
143.999257 0.039175279085052216 0.004398308816897093
144.999081 0.038590326731291785 0.004332762166062009
145.999848 0.038005666042305486 0.004267189924362923
147.001298 0.03746553385151558 0.004206712130746841
148.00018 0.03705576908528193 0.004160806771682192
149.000106 0.03683274420306772 0.004135901792710091
149.999875 0.03676546051192254 0.004128516970174345
150.980771 0.036161934587948696 0.004061124755956444
152.017146 0.03567969748481109 0.00400688745080748
153.000767 0.035261922588145006 0.003960184703578028
154.00493 0.03491982698804812 0.003922042482307755
155.000437 0.0346790846900588 0.0038952271614115753
155.999705 0.03453814301597604 0.0038795957729553087
156.996584 0.03451068362406758 0.0038767139501943468
158.000365 0.03461690892515287 0.003888872709769955
158.994399 0.03481621783099626 0.003911488983883166
159.998232 0.0350614566097627 0.00393927510918298
160.994545 0.035425625212280175 0.003980373965156018
161.999934 0.0355168855334306 0.003990864128677939
163.005899 0.03489297501454444 0.00392111240986207
164.001886 0.03426426047162751 0.0038508842149674112
165.005859 0.03394384287824993 0.0038153500608023574
165.998773 0.03377106052048269 0.0037965054689609074
166.997135 0.033679587398685415 0.0037868135970217467
167.998457 0.03361908307487145 0.0037805923905618703
168.9964 0.03354751535820138 0.003773116052708954
169.999184 0.03349223101132439 0.0037674153308721336
170.99454 0.03350213896470745 0.003769011962870293
171.99467 0.033581394614696426 0.0037782885247174586
173.00526 0.0336313497280778 0.0037843288360782713
174.005446 0.033721003009562316 0.003794993436634307
175.001779 0.03381628827505176 0.003806422477563689
176.002223 0.03395153828220469 0.0038223754949608586
177.001773 0.03377861196058696 0.0038037282653708066
177.997106 0.03354824222297953 0.003778535102568782
178.995959 0.033453758740695 0.003768482522890811
180.00188 0.03340380893194836 0.0037633356624531588
180.996238 0.03349212418965116 0.003773673519056845
181.995353 0.03363918136712985 0.0037905480550677524
182.997648 0.0337628023557371 0.003804732252722791
184.006481 0.03389306097664263 0.0038197170523695924
185.001871 0.03399997939077798 0.0038321625526341616
186.007705 0.033985620895697136 0.003831026591990933
187.001321 0.03377140667443746 0.0038074231779813305
187.997343 0.033667384331594996 0.0037960581008225102
188.999061 0.03373510076141776 0.0038039576177326274
189.997811 0.03381779743486251 0.0038134904708326386
190.999442 0.03393382045440405 0.003826681916339024
191.994885 0.034065814346223564 0.003841637993372233
192.990295 0.034292809378342615 0.0038672248348396447
194.007478 0.034476776456032004 0.0038880624663396443
195.003048 0.03459265996223895 0.0039011424251608824
196.003027 0.03470757421470097 0.003914318360547331
197.005179 0.034818340459264775 0.0039270180191569365
197.997349 0.03492763469180069 0.003939581604262483
198.998287 0.03493358245521142 0.003940493559317639
200.000921 0.03490654395492082 0.0039376041948206
200.99726 0.03488448267521034 0.003935259576938717
201.993096 0.03488723561777153 0.003935689601360634
202.99146 0.03498716828052107 0.003946827435558797
204.00301 0.035021674385983644 0.003950649146581244
205.004984 0.03506544191745095 0.003955575609068279
206.003123 0.035052299892889535 0.00395409004528362
207.007881 0.03505948183068198 0.0039549527142272575
207.995143 0.03499368067736876 0.0039477456160135135
209.001343 0.03495724918853371 0.003943619699512292
209.994109 0.03487459561359144 0.003934381466706668
211.000949 0.03483086297998486 0.00392953105682269
211.997192 0.03488639681829374 0.003935817514946676
212.992281 0.034919078603512406 0.003939496105487697
213.996871 0.03499090276485022 0.003947616194625214
215.007179 0.03502519922795977 0.003951472401821054
216.003637 0.034981018221816845 0.003946703242383577
217.004822 0.034897420604263304 0.003937618967459563
218.001851 0.03481508142354451 0.003928769667478023
218.998597 0.034698600598977995 0.003915956892750812
219.99807 0.034643302959084465 0.003910073603737578
220.998568 0.034555680034441746 0.00390041293929908
221.997018 0.034497199195890116 0.0038940203792882694
222.995597 0.03441636339620986 0.003885025405834235
223.9899 0.034416790934754665 0.0038850354895681775
225.008165 0.034394569765071555 0.0038824634121254996
226.005136 0.03428557018975282 0.0038703386181362723
227.003337 0.034155827082287434 0.00385581361772746
228.005407 0.0339781853256743 0.003835926748371
229.000366 0.0338267042518056 0.0038189676429315634
229.998851 0.033708746160949606 0.0038056487398176147
230.992381 0.03362085769217968 0.0037956413822967084
232.001331 0.03354066541805171 0.003786414690785189
232.996862 0.03346072508302836 0.0037771905841614607
233.991588 0.033439172064763954 0.003774483816500667
234.999633 0.03341895737391812 0.0037719336039370344
236.004659 0.03333302471087098 0.003762014850287315
237.011784 0.03326162169348365 0.003753755032842544
237.997076 0.03304363207982368 0.003729053191485188
239.003321 0.032843045516316 0.0037062784792916297
240.002344 0.03267850661033553 0.0036874982728580994
240.992688 0.03243067599878634 0.0036593391992134905
241.998407 0.03222646228341537 0.0036361253760442496
242.997819 0.03203706847469742 0.003614550999556155
243.994459 0.03192227909104407 0.0036013559626456937
244.991503 0.03186502163319261 0.003594601685589871
246.008101 0.031750270887136375 0.0035814441643977025
247.005304 0.03158472645673753 0.0035626122010277783
248.00562 0.03141429601904438 0.003543277757203503
249.001828 0.031199950088191104 0.0035190383272312954
249.997524 0.03100395066556052 0.0034968631354281464
250.997104 0.030855121929133516 0.0034802616648003173
251.999484 0.030714364807652383 0.0034645770271890023
252.995773 0.03059470360266031 0.0034512690420626276
254.004528 0.030463312797608104 0.003436657988875733
255.00216 0.03032616213735869 0.0034214078345284234
255.997647 0.030211082791748504 0.003408641701936365
256.99989 0.030103003903520956 0.0033966634462085903
258.000904 0.030417550154687986 0.003563903842034754
258.997516 0.030162339569540477 0.0035354185344938873
259.999098 0.02998683073070921 0.0035141479451795362
260.998978 0.029887454554702438 0.0035022810275149702
261.9988 0.02987230925702575 0.0034999398529368102
263.001304 0.029571578032019735 0.0034657847837936307
263.998462 0.02937037717495038 0.0034420679979229323
264.998642 0.029323222974673605 0.0034356967073811044
265.998976 0.029311555804701385 0.003432622840243189
267.000121 0.029089873387484227 0.0034072461320607556
267.999005 0.029046530670117556 0.003401366608462983
269.002455 0.02903438268306611 0.0033991402175538943
270.000579 0.028835108907878864 0.003375849529738337
271.001217 0.028723108981262492 0.0033633759288646437
271.997916 0.028623215525582866 0.003352577046097191
273.001758 0.028505218129248923 0.0033390306304930967
274.000145 0.028349208241536514 0.003322617882377603
274.999226 0.028340916666946728 0.0033226480641282393
276.00124 0.028117287674130263 0.00329975468874175
276.995447 0.028242495062149563 0.00331682340860203
278.002344 0.027834557225068866 0.003273253489055709
279.000633 0.02772485366640814 0.003265138419183712
279.999077 0.02787136552296758 0.003286942840705636
281.004297 0.027560580157238525 0.0032578449922895975
282.003453 0.027476703623655983 0.003256818230406766
282.997441 0.027014493906291914 0.0032143359975281057
283.997303 0.027188914147039077 0.0032485013790328468
284.996386 0.026656696544862857 0.0032083506837012506
286.000417 0.026625350829854767 0.0032390121682541835
287.000347 0.026046026001761455 0.0032418178081346956
287.998092 0.023766298701918168 0.0031921645054822055
288.998773 0.026591900763804834 0.004602937805260258
290.001556 0.05765124162290627 0.013349998528944319
291.00102 0.05926745792719295 0.012089761064704005
292.002215 0.06791354093154317 0.014007082135545206
292.995859 0.08895066958964973 0.01983914868827728
293.998273 0.10230526362805883 0.02497049652473816
294.99254 0.11785598327344311 0.027853181800655324
296.001852 0.13536215457408995 0.027981652759700756
296.993576 0.14307762609018765 0.026390054124168127
298.007598 0.14519972346271265 0.02454884220063777
299.002917 0.13939937586520237 0.022416379483980026
299.995951 0.14112662310800042 0.021721553598770166
300.996554 0.13491198492719814 0.020207416478503576
301.997155 0.13571814139057345 0.019868605150139072
302.996817 0.13619438053994745 0.01947267123205109
304.002467 0.13459894898923247 0.018893378890172906
305.004426 0.1337652563689447 0.018470311616002395
306.002164 0.13147003874013546 0.017859068863985302
306.998535 0.1301952978464961 0.017418630738497896
308.004774 0.12593548051331493 0.016621225465233733
308.994526 0.12165236159506251 0.01584960602648567
310.002823 0.11724444487888667 0.015094411908037968
311.004128 0.11282052518807217 0.014360014471341529
312.001227 0.10905346214854786 0.013723844755096314
312.996056 0.10536277985642613 0.013128298447603907
313.995251 0.1018346253788908 0.01257646048777156
315.004368 0.09969377650619121 0.012222034795893956
316.005446 0.09691715079360216 0.011821970919292449
317.000897 0.0954794637630754 0.0115999919954453
317.997114 0.09280956977453245 0.011251120570052859
318.996506 0.09186755786034412 0.011117229267064313
320.021639 0.09097858698488426 0.010266059226954132
325.004686 0.08809290580700667 0.009941318187579994
329.990305 0.08622495922106246 0.009733717175167194
334.987854 0.08435314235223716 0.009521774462087337
339.985612 0.08188546787511021 0.009240856361278294
345.010442 0.07975528472793605 0.00899934101527392
350.02516 0.07826362785955407 0.008832330534189836
355.003416 0.0949626499155131 0.010708575815816867
359.991479 0.10912718375428157 0.01229814325392001
364.968995 0.08059420279688202 0.009089545130464964
370.007331 0.08072252039430072 0.009102868529694169
375.044227 0.0798886165152049 0.009008274989154713
379.98054 0.07975229371968996 0.008991486205066908
384.975059 0.0792302248995476 0.008930728856706895
389.986285 0.07814613329124953 0.008806909564853879
395.030621 0.07619525368471414 0.008586364962142498
400.029572 0.07402147139017205 0.008341455627969752
404.98393 0.07140522901777567 0.008048366379979898
409.974568 0.07362553297352625 0.00829718034080888
414.980523 0.07246891137787982 0.00816749740605519
420.023309 0.07251467204241607 0.00816998127914914
425.026534 0.07071878291556126 0.00796520675013366
429.968749 0.06887379596701954 0.007755695308261727
434.966919 0.06750556582070907 0.007600256534020711
440.00849 0.06645784674049691 0.0074812515619293906
445.028081 0.06517071548838464 0.007335836176959974
449.998995 0.06418737340833339 0.007224597122999952
454.995508 0.0637263397268484 0.007172514075581504
460.001089 0.06326707257694456 0.0071205386702036435
464.964504 0.06292052535998488 0.0070812195210739285
470.015336 0.09676008606253002 0.010880861379792375
475.03545 0.11221276065416268 0.012615828082165138
479.991638 0.0796644636513007 0.008960631036895102
484.984999 0.07273615416170003 0.008182271814768303
489.98847 0.0699730394929632 0.007871650263012802
494.986412 0.0673706579088206 0.007579145851940431
499.99611 0.06683851997214976 0.007519144645359875
505.001253 0.06662507757566899 0.007495068390688183
510.023095 0.06690283721280169 0.0075263312338135265
514.997644 0.06715502829606847 0.007554924108838395
519.998465 0.06637094329642976 0.007467386451969328
524.97055 0.06559102959049327 0.007380585309511258
530.012103 0.0666536001198247 0.007500542259029019
534.971943 0.0654375720595996 0.0073629107803119135
540.028168 0.06401305968878108 0.00720196318841208
545.020247 0.08744786307373062 0.009832871088171996
550.005807 0.1040462793853208 0.01169760924798053
554.99531 0.10784441691728927 0.012123016808550158
559.967107 0.09438898979749911 0.010610582175465448
564.985109 0.08985902043906176 0.010100768436243815
569.982586 0.09206348619848279 0.010347386275321608
575.027219 0.09276573901400428 0.010425559167245899
580.027472 0.09119722149219985 0.01024909198827956
584.998094 0.08846543630718882 0.00994208319654077
589.996236 0.08695562937412175 0.009772171027607484
594.964195 0.0848972676453182 0.009540594211690996
600.001517 0.08394509403061755 0.009433292463807584
604.981236 0.08247671404406752 0.009267979066805081
610.036353 0.08161483276630159 0.009170902488632119
615.012236 0.08061288416260083 0.009058214887898
619.992285 0.07962757467443318 0.008947407375568546
624.975152 0.07871314130566497 0.008844462521670895
629.996947 0.07787934019774405 0.008750276696513869
634.997283 0.0769282542721532 0.008642780955225159
639.982615 0.07610719922400831 0.008550134092760958
645.037153 0.07518406978133547 0.008446257156739663
650.009845 0.07418473008091125 0.00833390836494013
654.996894 0.07314490704263651 0.008216952071887398
660.013773 0.07199418645542932 0.00808750899490749
664.965891 0.07107641182500657 0.007984282733933017
669.981392 0.07019771266684258 0.007885454139654169
675.018895 0.06938011543599151 0.007793469742282959
680.004094 0.06838774216967346 0.0076819264473091346
685.022889 0.06732496057998882 0.007562492088823386
690.010743 0.0663359024577483 0.007451308192838518
694.965178 0.06552654897643975 0.007360351303844871
699.997604 0.06505690238412203 0.0073075136389888365
704.996665 0.06469956246100167 0.007267269625457192
710.00368 0.06400505476574565 0.007189228232306293
715.013598 0.06348840438368597 0.007131139781051175
720.017066 0.0697654983593401 0.007835785402039427
724.991396 0.06411848070404753 0.007201771128774483
729.982021 0.06368013491070926 0.007152532352072567
734.985146 0.0635159729155241 0.007134043373562112
739.98331 0.06192171187589311 0.006955019211184338
745.023607 0.06144476520251835 0.006901407494067733
750.01636 0.06104989602826345 0.006856971099438277
755.008564 0.06059647632962762 0.006805983879680226
760.01019 0.06005369103298632 0.006744992535443579
764.99377 0.05952709972252969 0.006685854110282242
769.994037 0.058932934335485354 0.0066191229954620295
774.985965 0.0583793220872098 0.006556922344509422
779.989052 0.057817165849617144 0.00649374130498089
784.99983 0.05730351653408601 0.006436007343842957
789.997212 0.056780459115657204 0.006377244839328222
795.011875 0.056365614845749305 0.006330639315455554
800.001328 0.05573232454504333 0.00625952660113912
805.016807 0.055169562153445297 0.006196339982568263
810.009286 0.054788837085452576 0.0061535954368519725
814.987201 0.05415727947238557 0.006082692763333177
819.996942 0.05364873776001968 0.006025597100019851
824.981552 0.053187399207828674 0.00597379618582793
829.99969 0.052748946752828325 0.005924567276906472
835.000495 0.05230907110856094 0.005875181517313011
840.0007 0.05189501854964446 0.00582869864641601
844.989711 0.05146548881159957 0.0057804750499953605
850.01844 0.050997572195381355 0.005727937292858755
855.013675 0.05059967643473299 0.005683265971373329
860.003034 0.05026602130989819 0.005645806277004971
865.004705 0.05004947943873167 0.005621490506494728
869.989875 0.04963060201400595 0.005574456266542091
875.00405 0.049283578993460496 0.005535494323118547
879.998268 0.04893499462954742 0.005496355599244924
885.001025 0.04857489174172194 0.005455922033000317
889.989344 0.04813536728655984 0.005406571095134737
895.009656 0.04777412922465682 0.0053660120098777495
900.004664 0.04739120366903917 0.005323016672419772
904.988992 0.04701518342684469 0.005280799981570934
909.996019 0.04665701109798614 0.005240585840455927
915.010626 0.046295863451665614 0.005200040085366993
919.998055 0.04592979905701118 0.005158944332514201
924.981646 0.045577332885802256 0.005119379656145054
929.993756 0.04521642006736393 0.005078873708086411
935.003076 0.04488713892626556 0.005041915707772156
939.995303 0.04458794090039749 0.0050083525284745495
944.990702 0.04434524845778788 0.004981130106761302
949.989767 0.04400593667492147 0.004943050660618491
955.000966 0.043682349953023704 0.0049067427568738305
959.975394 0.04342051361084864 0.004877369264383778
965.010669 0.043176355784336776 0.004849980579685246
970.0119 0.04287747139609019 0.004816438894062739
975.001806 0.04259304096979896 0.004784521199392786
979.979124 0.042321942975315587 0.004754099480965098
985.015236 0.04204982326222094 0.004723567488278699
989.979157 0.04179541101481631 0.0046950242760510925
995.001945 0.041495830505289814 0.0046614111675984645
999.991178 0.041240703717654925 0.0046327904828507216
1005.002 0.040964933615644336 0.004601855277599154
1009.97857 0.040707862353572745 0.004573020400942627
1015.0037 0.04047875378232749 0.004547324435250616
1020.00783 0.04023145441604947 0.004519588106283475
1024.99842 0.03999351767238155 0.0044929011665422874
1030.00525 0.03978980825287455 0.0044700632953159685
1034.99292 0.03961021966834892 0.004449941229173729
1040.00346 0.0393889233374555 0.004425137037295595
1044.98569 0.03920189610689683 0.004404187119870653
1049.98828 0.03901536542760179 0.004383296149009097
1055.02522 0.03882576231629332 0.004362034375534552
1059.97182 0.038615136537634924 0.00433841856966946
1065.00786 0.03837657519960139 0.0043116768835167905
1069.98879 0.03810529205131762 0.004281265801815624
1075.01498 0.03785062869379327 0.0042527306190100825
1079.9965 0.03783476679733461 0.004251004305748775
1085.01018 0.037739107872650106 0.004240330598940791
1089.98567 0.03735478519237635 0.004197241487829068
1095.01175 0.03700222616288703 0.004157722791951834
1100.00086 0.03671538909921365 0.0041255873031015985
1104.99984 0.036467871018413124 0.004097865563989011
1110.03444 0.03621207145448557 0.004069220979874086
1114.96313 0.03592238388503974 0.004036777141186584
1119.99685 0.035639937701880696 0.004005145581616947
1124.99591 0.035347255486674924 0.003972366918535472
1129.9922 0.03509745775564378 0.003944413898157941
1135.01555 0.03479890009656099 0.003910995389927668
1139.97025 0.034540265244631 0.0038820678755260587
1145.01075 0.03429526885930338 0.0038546806856998564
1149.99539 0.034006649671617165 0.0038224110028166796
1155.01064 0.03370156286033264 0.003788313657562815
1159.98 0.033250425899882335 0.0037378752482910677
1164.98941 0.03293495304582951 0.003702770367635808
1170.00789 0.03262293790272726 0.0036681009370965446
1175.02256 0.03235907546859082 0.003638889810547864
1179.98314 0.03205418406952496 0.0036051282252737727
1185.01048 0.031687774046603556 0.0035645263581983405
1190.00763 0.03133233785069962 0.0035252346847358556
1194.99243 0.03101085740081999 0.0034898511816621944
1195.01182 0.030724056639246714 0.0035136286210335718
1200.00301 0.030344709467746714 0.0034741344263239837
1205.00162 0.030248100708575202 0.0034642043765270667
1209.99692 0.029946654496923162 0.003431361836055357
1214.98709 0.02981756493116031 0.003418004199185152
1220.02328 0.029705918643183036 0.0034067747981059294
1224.9887 0.02950875014760698 0.0033860606965368887
1229.9995 0.02928782410853111 0.0033628549802879465
1235.0079 0.02903632892757839 0.0033363731616809543
1239.98075 0.028933769110709363 0.0033268265631675835
1244.98907 0.028741277406464986 0.0033073958184128057
1250.01123 0.028578627236216337 0.0032915554765115857
1254.99114 0.02849897193877454 0.003285373978522961
1259.98357 0.028689586787143857 0.003309945018243701
1264.99806 0.02870774761511808 0.0033152432685732256
1269.99024 0.028409001520272786 0.0032849319147216023
1274.99529 0.028150802324617124 0.003259450501246285
1279.97157 0.027982754453761027 0.0032444032899659908
1285.02233 0.027793198407433016 0.003227193734998795
1290.00592 0.0276556411253555 0.003216243167261545
1294.98843 0.02758728630067317 0.003213501048726528
1299.98762 0.027421591382059303 0.0032002082750441983
1304.99199 0.02741781714005591 0.003205537782066806
1309.99528 0.02714079626872365 0.003180652491623243
1315.00871 0.026966712422197055 0.0031678780648772354
1319.99131 0.026888836002349654 0.0031665244621324174
1324.99904 0.026692838516973204 0.0031526129275157916
1329.97672 0.026726858920477378 0.003165257374440505
1335.01616 0.026538555552467407 0.0031537346946521627
1339.98089 0.02650840886727977 0.0031608042116049256
1344.98578 0.026475503926695617 0.0031685705779023053
1349.98472 0.026167893961134666 0.003146402683559897
1355.01806 0.025908472990000316 0.003131112414753776
1360.01638 0.02606196329294503 0.003163659683491112
1364.94853 0.025906953668563628 0.0031629129273408646
1370.02649 0.02574044403280508 0.0031626584167144707
1374.97601 0.02577806634496867 0.0031876028035949244
1379.98116 0.02544679813894323 0.0031731328476446627
1385.00585 0.02604453182330602 0.0032662966572911552
1390.01246 0.02534218555980097 0.0032153135802902026
1394.96404 0.025992576951895652 0.003320483138099968
1400.00566 0.02554451609321683 0.0033054300564851623
1405.02398 0.02550463700063055 0.0033407652269588943
1409.99519 0.02553549574161174 0.0033889684944626683
1414.98083 0.025700029272747064 0.0034573263327694497
1419.9844 0.025668241200225653 0.0035112803318030246
1425.0169 0.025352666120377218 0.0035382069570451527
1430.00905 0.025913255149104454 0.003674113012077062
1434.9742 0.026736816585910084 0.0038485844600431723
1440.01501 0.027297589501485142 0.0040065930134497935
1445.01867 0.027275569837023825 0.004108409855954363
1450.00522 0.02584905604903964 0.00406642398869258
1454.96945 0.028078270854432985 0.004458423180685323
1460.00139 0.02736648511899885 0.004530881678524668
1465.00722 0.02807282686093118 0.004792287077381772
1469.98186 0.030394410176201776 0.005267017694999307
1475.01549 0.031093822841987414 0.005584216247074491
1480.00972 0.03140299603952462 0.005905878108000634
1484.96669 0.03228316616136844 0.0063245247931479065
1489.99548 0.03389883323311184 0.0068741780968373
1495.02518 0.03323732735859218 0.00720178986552515