photon_energy_eV    total_yield    yield_error    energy_region
3.09999975 4.684475544148785e-05 5.216447312951199e-05 0
3.19999808 3.687308844758016e-05 0.0002246932727807679 0
3.29999963 0.00042493589540046236 0.0007170534300564487 0
3.39999961 -5.308286560528793e-06 6.061766782494639e-05 0
3.50000339 3.1027884352359476e-05 2.580287917181285e-05 0
3.5999985 5.257815729769373e-06 2.1504736927905504e-05 0
3.69999657 0.00014387632169220356 8.955964038319683e-05 0
3.80000112 6.256596835858044e-06 2.4506739201582566e-06 0
3.90000082 -0.00014397313281135223 0.00032539989732585146 0
3.99999384 -9.14312199607492e-05 0.00013700284109341833 0
4.10000784 1.0459475784786771e-05 1.931058954317693e-05 0
4.20000661 4.63310368361661e-05 0.0005623229098754114 0
4.29999094 0.0009656790377284248 0.0007706426768200936 0
4.39999777 0.0208181540941455 0.15622686759987717 0
4.09999685 3.721024460265447e-05 4.991890976990096e-05 1
4.19998787 -0.00032257140173067164 2.0654647607243523e-05 1
4.30000152 4.522102220241073e-05 2.6788101717794237e-05 1
4.40000093 2.386289096458661e-05 0.00016896768227898194 1
4.50000825 2.9172634727968005e-05 2.6493427266504748e-05 1
4.59999087 0.00019145913562091933 0.000812814218121848 1
4.69999503 -9.231023832702608e-06 3.207333063564892e-05 1
4.8000044 5.263574634395671e-06 4.58752805862057e-05 1
4.90000116 4.5694226299443756e-05 0.00015943990568157112 1
5.00000031 -3.04026523892532e-05 9.236545633234951e-05 1
5.09999063 9.057355364120786e-06 2.0529763294921693e-05 1
5.20001303 3.965787065947228e-05 0.00014109287996354671 1
5.30001054 -1.8775096234869305e-05 2.9504967413859552e-05 1
5.39997838 5.013686505266473e-06 1.07209760584396e-05 1
5.50000789 4.107945392365115e-05 3.6720526635698376e-05 1
5.59999255 3.805290549792252e-05 2.4426626631491057e-05 1
5.70000842 8.377194415975486e-05 3.540009029673996e-05 1
5.80000912 0.00011404308617270675 3.8874683429095354e-05 1
5.89998949 7.569153743867048e-05 2.665701698684283e-05 1
6.00000116 9.839816750449564e-05 2.6933722824466048e-05 1
6.09999378 0.0001984886945504609 4.1210887800014955e-05 1
6.20000987 0.0001406680139917203 2.539617679389357e-05 1
6.29998895 0.00017209025162244693 2.9661958073762987e-05 1
6.40001391 0.0002354863316360902 3.3858235586443156e-05 1
6.49999531 0.00031039974927721573 3.814788632784449e-05 1
6.59999144 0.00033678632044312044 3.712334305664736e-05 1
6.70001505 0.0003588741898791405 3.3030939348619085e-05 1
6.79999469 0.00046142279590529237 3.9051265948535095e-05 1
6.89997542 0.0004761429700413201 3.6457501149719976e-05 1
7.00003201 0.0006042750760986569 4.2209813144804496e-05 1
7.10000431 0.0006346417043860617 4.2768776298541225e-05 1
7.20000041 0.0007132035309797729 4.6682480355459725e-05 1
7.29999579 0.0007875389335649251 5.083927467379768e-05 1
7.40000569 0.0008734967768896326 5.59310838342148e-05 1
7.49997994 0.0010439654136930837 6.684640243459795e-05 1
7.60002964 0.001033896933065398 6.750323964550226e-05 1
7.69999804 0.0010985480400588893 7.883202162804074e-05 1
7.79999073 0.001104263640735796 0.00013764303627360544 1
7.90001292 0.00010000077363182061 0.0002251459074925979 1
7.099959 0.0006454695130862148 4.303505231924514e-05 2
7.19999617 0.0007214153495789847 4.692297099561543e-05 2
7.29998709 0.0008034405112560223 5.144529410958876e-05 2
7.40002359 0.0009032472781443583 5.78360453908139e-05 2
7.49999373 0.0010091696423610893 6.46183859668373e-05 2
7.5999966 0.0011018775853088648 7.055459073175174e-05 2
7.69999804 0.0012621968012558296 8.082002930531415e-05 2
7.80000564 0.0014228847271156642 9.110907683267336e-05 2
7.90001292 0.0016293568393296735 0.00010432974269338811 2
8.00000757 0.001813268669775294 0.00011610584568415806 2
8.09999724 0.002080802153982691 0.00013323634705469047 2
8.19998439 0.002378225760640151 0.00015228075010042123 2
8.30001021 0.002693953178871164 0.00017249716894139223 2
8.39999768 0.00306155552643078 0.00019603520395535413 2
8.50002006 0.003468029482781231 0.0002220622363732821 2
8.59999279 0.003916873129694814 0.00025080225271698325 2
8.70001287 0.004455000543077024 0.00028525921955152995 2
8.79998164 0.005053133693913753 0.0003235584283048774 2
8.90001507 0.005813378365630393 0.0003722378391433574 2
8.99998543 0.006686566939127833 0.00042814918833146605 2
9.09998687 0.007715116238999401 0.0004940084778454882 2
9.20000805 0.008961163277263403 0.0005737944177623847 2
9.29999739 0.010350694591473909 0.000662767834129317 2
9.40001031 0.012003566186184086 0.000768603255823847 2
9.50000698 0.013908561556824175 0.0008905824761232762 2
9.59998474 0.016144434962386146 0.0010337482280731302 2
9.70001293 0.018680950195574753 0.0011961644497556062 2
9.80001255 0.021506517044180162 0.0013770890054835266 2
9.9000048 0.024650584736123173 0.001578407565907625 2
9.9999745 0.027960799714151146 0.0017903647434768667 2
10.1000079 0.031445440444907005 0.002013490618695352 2
10.1999881 0.0349454798020589 0.002237602487092834 2
10.3000253 0.03842627695861613 0.0024604822534802237 2
10.3999846 0.04160474470252073 0.002664003491969164 2
10.5000108 0.04468723844306164 0.0028613793957870896 2
10.5999963 0.047582566941528605 0.003046770876625728 2
10.7000236 0.05052314196125351 0.00323505954843363 2
10.8000121 0.05344727942926557 0.0034222957033837645 2
10.9000031 0.056443412667100526 0.0036141418369213564 2
10.9999644 0.059853006989264865 0.0038324623973619958 2
11.1000441 0.06355709946229252 0.004069640040279356 2
11.2000138 0.06742927426535154 0.0043175802036097945 2
11.2999431 0.07147193886574447 0.004576437040475672 2
11.4000254 0.07566928417238206 0.004845198275133734 2
11.5000049 0.07994634712963057 0.0051190639299995766 2
11.5999941 0.08392575908465477 0.005373870621399031 2
11.7000704 0.08764914697853922 0.0056122837740859854 2
11.7999654 0.0882905464170525 0.005653353376992189 2
11.8999722 0.029939381446953843 0.002131297706562785 2
11.0999233 0.012460077958881126 0.002101747388007189 3
11.2000446 0.0163803766906231 0.002397225464231786 3
11.3000266 0.019629547124886324 0.0024467599961918015 3
11.3999723 0.02543260166157218 0.002504728595273162 3
11.5000265 0.0364778374287964 0.0027062779886619483 3
11.5999831 0.049960427567106704 0.0033300500293600753 3
11.7000256 0.05891311297861595 0.0038283271251222262 3
11.7999767 0.06652803405162518 0.0042883690633889445 3
11.8999954 0.06836392832597472 0.004377427264301709 3
12.0000059 0.07730298678898775 0.004949806283345189 3
12.0999648 0.08319923355071543 0.005327350288844223 3
12.2000095 0.08889207479354572 0.005691869986262461 3
12.3000409 0.09470719786554621 0.0060642195411222755 3
12.3999796 0.1027302545835843 0.006577945830417957 3
12.4999978 0.10657371008814771 0.006824047061385604 3
12.6000208 0.10838840774623265 0.006940244406966566 3
12.6999439 0.10860556716115058 0.006954149394097044 3
12.7999516 0.11076230692672925 0.007092248120765164 3
12.9000509 0.11224906652914932 0.007187447185220083 3
12.9999879 0.1155991658030718 0.007401958203806676 3
13.100041 0.11887911051214124 0.007611977138447498 3
13.1999516 0.12117980417811293 0.007759293412202412 3
13.3000247 0.12627309803992212 0.008085423345951597 3
13.3999979 0.12969011097152064 0.008304218929170996 3
13.4999663 0.1315344351453539 0.008422313297362547 3
13.6000015 0.1326890055740544 0.008496241876320903 3
13.7000272 0.13355063804926995 0.00855141327417902 3
13.7999634 0.13336871294883618 0.008539764383979171 3
13.9000261 0.13398547492950133 0.008579256419850413 3
13.9999648 0.13570036579565303 0.008689063012546495 3
14.1000025 0.13605150708447114 0.00871154702551844 3
14.1999971 0.1357347981528922 0.008691267759158395 3
14.2999998 0.13600918240074406 0.008708836923436295 3
14.3999805 0.135774222916957 0.00869379217578178 3
14.4999432 0.1360289422739788 0.008710102172668675 3
14.6000491 0.13593086007799177 0.008703821847804822 3
14.7000106 0.13507070545134967 0.008648745078426903 3
14.79999 0.13419649123946814 0.008592768056338834 3
14.8999416 0.13309873835669528 0.008522477575434888 3
15.0000758 0.13176505679039466 0.008437080287812919 3
15.0999625 0.13000820388836842 0.008324586813827235 3
15.1999801 0.1279853358091489 0.008195060057555437 3
15.2999924 0.12682914925194028 0.00812102799588087 3
15.400031 0.12539826334481655 0.008029406593551822 3
15.4999729 0.12366438507001395 0.007918384213490354 3
15.600067 0.12192638662244408 0.007807098013647799 3
15.6999717 0.12000474536908504 0.0076840529367974576 3
15.7999606 0.11861684366791059 0.007595183866577816 3
15.9000124 0.11660725317146738 0.0074665072904269115 3
16.0001052 0.1148555717150764 0.007354344950530125 3
16.0999833 0.11309025527768447 0.007241309545860096 3
16.1999581 0.11105434710945006 0.007110947816488003 3
16.2999882 0.1091464650144193 0.006988783755639447 3
16.4000304 0.10675918492126799 0.006835923245379466 3
16.4998844 0.1029654057681349 0.006593002852910526 3
16.6001286 0.09688728475717379 0.006203813213277177 3
16.699889 0.08490193371839813 0.005436376295971923 3
16.8000024 0.07281692388135856 0.004713500534951294 3
16.9000396 0.06825964575948952 0.004732135959807918 3
17.0000473 0.0713436617255149 0.00514226546758398 3
17.1000031 0.06602611046362054 0.00484132257473975 3
17.1999567 0.06775138981457413 0.005048377185631932 3
17.3000584 0.0646451381397279 0.004875700942292821 3
17.3999219 0.06621863040099218 0.004979441903838695 3
17.5000441 0.0700610413243445 0.005527833586723756 3
17.5999836 0.06530300952572068 0.005913782086763445 3
17.7001239 0.059936699750475476 0.006017991508860985 3
17.7998568 0.049620059327048986 0.005319733507942468 3
17.900013 0.051515322724962134 0.00533798802730241 3
15.0998507 0.0876611281179043 0.0056130509413245926 4
15.2001122 0.08756664770718588 0.005607001243246255 4
15.2998967 0.0872416835435366 0.005586193384120658 4
15.4000892 0.08868519002059919 0.0056786228972223645 4
15.4999926 0.08937955190109743 0.005723083751088043 4
15.6000074 0.08820200965660632 0.00564768425822502 4
15.6999717 0.08745100626892428 0.005599596578284411 4
15.8000014 0.08938896590379154 0.005723686541376261 4
15.9000538 0.09020343550595776 0.00577583804187909 4
15.9999797 0.09068696854152325 0.005806799262875378 4
16.1000045 0.09114274756958278 0.005835983360290195 4
16.1999581 0.09298628790511211 0.0059540275383413235 4
16.3000099 0.0946286415614919 0.006059189483377341 4
16.4000084 0.09672146916953338 0.006193195835195532 4
16.4999289 0.0970594309754779 0.006214835949505231 4
16.6000385 0.09814117796766685 0.006284101553349783 4
16.7000029 0.0987145911799306 0.006320817913724885 4
16.7999793 0.09833008536307387 0.006296197528571394 4
16.8999463 0.09768812537524117 0.006255092032995857 4
17.0000709 0.09684235316874922 0.0062009361878484996 4
17.100027 0.09632008440852746 0.0061674946702782 4
17.1999325 0.09483119057666206 0.006072158948460385 4
17.2999851 0.09366880718799628 0.005997730095968832 4
17.3998724 0.09198417386027377 0.0058898609310495615 4
17.5001192 0.08972752854711215 0.005745365128049617 4
17.5998824 0.08793563799634033 0.005630628149884877 4
17.7000983 0.08583330114010804 0.005496012909090984 4
17.8000121 0.08416059285020686 0.005388907319158772 4
17.8999345 0.08184247480778543 0.005240475340932182 4
18.0000848 0.0797386940571475 0.005105767645785638 4
18.1000235 0.07772154869437091 0.004976607322157437 4
18.1999684 0.07558211185501243 0.004839616523351908 4
18.2999833 0.07370678153608042 0.004719536793168445 4
18.4000522 0.07153597773211676 0.004580537528649734 4
18.4999349 0.06973822051099494 0.004465424900293884 4
18.6000882 0.06805519575489422 0.0043576587342140025 4
18.6999601 0.06610384528751406 0.004232711339479925 4
18.7999861 0.0644186590053501 0.00412480676820079 4
18.8999787 0.06303585145955043 0.004036263883078642 4
19.0000967 0.06149635866589777 0.003937688246874736 4
19.0999395 0.06006394138415734 0.0038459687887264374 4
19.1999636 0.058633348737111776 0.0037543661642045313 4
19.3000363 0.05745101274221017 0.0036786597215470933 4
19.4000506 0.05634427737068195 0.003607794080728528 4
19.4999881 0.05519830244782499 0.003534415882688172 4
19.5999875 0.05417155976173006 0.003468672272898758 4
19.6998762 0.05341342018110621 0.0034201276536582606 4
19.8001154 0.05242469078316007 0.0033568180819357474 4
19.8998267 0.051700524059290584 0.0033104487869202366 4
20.000057 0.05089933305488986 0.0032591475315293227 4
20.1000805 0.05019114251863607 0.0032138012116552503 4
20.1999425 0.049537626242348386 0.003171955752572705 4
20.2999936 0.04887482402202137 0.003129515702956702 4
20.4000545 0.04820739650725979 0.0030867794899917082 4
20.5000765 0.04762262376346953 0.003049335764700173 4
20.6000091 0.04706832221329868 0.0030138431477927173 4
20.6998004 0.04658480296096698 0.0029828828093540123 4
20.8001036 0.04610176269222419 0.002951953140829582 4
20.8999915 0.04562078624337429 0.0029211556212569304 4
21.0000506 0.045197131240741054 0.0028940284651002247 4
21.0998718 0.04479367419501134 0.0028681946092174743 4
21.2001323 0.044431620200879644 0.0028450118421666343 4
21.2999785 0.044101129056332365 0.0028238500835875585 4
21.3999089 0.04381106022532397 0.0028052766159640218 4
21.4999126 0.04356055788878997 0.0027892366401380776 4
21.600131 0.04335094263220621 0.0027758147148384056 4
21.7000183 0.04314412643388833 0.002762572016716977 4
21.8000569 0.04299455531678092 0.0027529947922652724 4
21.8999249 0.04287220468967271 0.002745160529606256 4
22.0000397 0.042761129039168476 0.002738048217706933 4
22.0999566 0.042687962903917215 0.002733363299167067 4
22.20002 0.042621872450055276 0.0027291314452972037 4
22.300059 0.04258034323468831 0.002726472278042426 4
22.3999786 0.0425478000020921 0.002724388494428414 4
22.4999704 0.04252090618747707 0.0027226664500664285 4
22.5999406 0.04249241251142568 0.002720841964589046 4
22.7000453 0.042455658215401156 0.0027184885413520017 4
22.8000637 0.04242711427943207 0.002716660837669648 4
22.8999817 0.042394556132270125 0.0027145760990574625 4
23.0000877 0.04235707098129614 0.0027121758782700086 4
23.0999391 0.042309048725746604 0.0027091009535855546 4
23.1999576 0.0422482128886054 0.002705205559352521 4
23.300003 0.042167452710911595 0.002700034384840415 4
23.3999307 0.04215728202262 0.002699383143033302 4
23.5001325 0.04213228107093639 0.00269778230103646 4
23.5999673 0.04207211225231097 0.0026939296168276786 4
23.7001032 0.04215717160798405 0.0026993760730469867 4
23.7998891 0.0428901547255992 0.002746309892707293 4
23.9000053 0.04469578919923474 0.0028619269113280936 4
23.999979 0.046057721289293335 0.002949133115084011 4
24.0996061 0.0464498388857524 0.002974240891942121 4
24.2000637 0.04637209100748868 0.002969262598704926 4
24.3000595 0.04632765868183133 0.0029664175416915053 4
24.400204 0.04618355309530168 0.00295719028195293 4
24.5000002 0.046041599217313295 0.0029481007987854804 4
24.6002204 0.04587899713633632 0.0029376891855278737 4
24.6997185 0.04562438100115532 0.002921385798063684 4
24.8002257 0.04524156098656038 0.002896873356923412 4
24.8999329 0.04432624277988564 0.0028382643949821855 4
23.0997211 0.04011243026594793 0.002568448744582262 5
23.2000015 0.04003222423987311 0.002563313053086783 5
23.2999586 0.039956556445952494 0.002558467950234321 5
23.4000201 0.039806463962287826 0.002548857342034224 5
23.5000874 0.03964459955730121 0.00253849296308675 5
23.5998308 0.039496726284963334 0.002529024453744998 5
23.700195 0.03930279921141253 0.0025166070622955226 5
23.7999354 0.039143336760400126 0.0025063964834451426 5
23.9000053 0.03894392073202807 0.0024936276273991257 5
24.0000261 0.03872806185013736 0.00247980591501413 5
24.0996535 0.03852885667432732 0.0024670505601196166 5
24.200303 0.03833727975760741 0.0024547836521317977 5
24.3000595 0.038140614172988516 0.002442190910416376 5
24.3997662 0.0379414752127993 0.0024294397953903285 5
24.5000002 0.037742702201964226 0.0024167121125560726 5
24.6003193 0.0375736972503716 0.002405890515538184 5
24.6999179 0.03737184333882553 0.0023929655588037714 5
24.7999242 0.03718045455221603 0.00238071069702065 5
24.9000343 0.03700457250650489 0.0023694487511224274 5
24.9999855 0.03682508211392373 0.0023579557582911986 5
25.0999187 0.03663147400968626 0.002345558790843136 5
25.2001351 0.036452259185793215 0.0023340834430173674 5
25.2997951 0.03625936134631809 0.0023217319547044514 5
25.3998774 0.036087625747522306 0.0023107355109536582 5
25.5000108 0.035888482383972395 0.002297984113974955 5
25.6001872 0.03570662944934753 0.0022863398446415074 5
25.6999662 0.03550679211878234 0.0022735440120926487 5
25.7999279 0.035312440317530364 0.002261099424800796 5
25.9000672 0.03513163874341574 0.0022495224753870027 5
25.9999926 0.034930890146954816 0.0022366682933507064 5
26.1000797 0.03473616624688047 0.002224199880108972 5
26.1998185 0.034458228514945226 0.002206403181830455 5
26.30004 0.03429301123837497 0.002195824114349958 5
26.4001768 0.03408500736256851 0.002182505367763395 5
26.4998166 0.03385224988039758 0.0021676016170080704 5
26.6002114 0.033647036191958676 0.0021544615295851087 5
26.6997387 0.03348722446006916 0.00214422858584623 5
26.8000723 0.03326939582545362 0.002130280747747094 5
26.8999801 0.03306062811284188 0.002116913091740917 5
27.00004 0.03289959410464762 0.0021066018841317206 5
27.1000068 0.03269970059827366 0.0020938024545760353 5
27.1999307 0.03256120164385534 0.0020849341944570846 5
27.300168 0.0323624803180599 0.0020722098210801286 5
27.399613 0.032189160485259785 0.0020611119368578266 5
27.4999706 0.03210313158219938 0.0020556033993147683 5
27.6000079 0.03196776586024183 0.0020469357639629287 5
27.6998978 0.03181357766179787 0.002037062902057102 5
27.8001345 0.031729855770664596 0.0020317020853539104 5
27.8999543 0.03160314899365825 0.002023588893004947 5
28.0002373 0.03151462523170572 0.002017920606547477 5
28.0997598 0.03143338397018779 0.0020127186276404268 5
28.2002522 0.03135901595198656 0.002007956751042085 5
28.2997644 0.03128798517535473 0.002003408562167535 5
28.3999814 0.03127082220784714 0.002002309596035194 5
28.4999151 0.031186530357376032 0.001996912284127498 5
28.6000867 0.031142198306163302 0.0019940736478113444 5
28.7000226 0.03110424441170731 0.001991643412796383 5
28.7999817 0.03110183110020303 0.001991488885462528 5
28.9000252 0.03106570951255869 0.0019891759753291275 5
29.0000103 0.031063086054678016 0.0019890079920617115 5
29.0999284 0.031083217386558122 0.001990297026252645 5
29.1999104 0.031085829494975382 0.0019904642827998182 5
29.3001609 0.03112253833644124 0.001992814795524999 5
29.3999721 0.03116409275093981 0.0019954755763114808 5
29.4997545 0.03120689910519572 0.001998216520356002 5
29.6001449 0.031205974882727812 0.0019981573412431518 5
29.6997793 0.03127339094003744 0.002002474075148666 5
29.7997965 0.03127660597610629 0.0020026799379024326 5
29.9001974 0.03129140272676688 0.0020036273922303337 5
23.0997647 0.03931172180341138 0.002517178386946408 6
23.2002214 0.039229444852904104 0.002511910091586656 6
23.3000474 0.03909292221269125 0.0025031683773216037 6
23.3999754 0.038982303044030796 0.002496085294521859 6
23.5001325 0.03884808646592808 0.002487491240278711 6
23.5999673 0.03873373467143001 0.0024801691528092656 6
23.6999656 0.03851065512406973 0.0024658850922434842 6
23.800028 0.03836591748885934 0.0024566173616426407 6
23.899912 0.0382011688447753 0.0024460683012824534 6
23.9997907 0.03799910272530305 0.0024331297566108855 6
24.100223 0.0378600586956085 0.002424226594644811 6
24.2001116 0.03759854494725092 0.0024074815444395073 6
24.3000113 0.03739937752635667 0.0023947286070391577 6
24.3999122 0.03717962845950068 0.002380657801277769 6
24.4999512 0.036964198180793086 0.002366863532887074 6
24.6000226 0.03685324110876369 0.002359758813714814 6
24.6999677 0.036625613434768146 0.002345183530950101 6
24.8000247 0.036446653935090105 0.0023337245318510273 6
24.9000343 0.036239508542064404 0.0023204607549834736 6
25.0000876 0.036033434953629914 0.002307265607095477 6
25.1000217 0.03585636065010328 0.0022959273194480974 6
25.19972 0.03568994251996075 0.002285271359821459 6
25.3000043 0.03549288481102139 0.0022726535098986328 6
25.4000356 0.035304175815966655 0.0022605702384980667 6
25.4998515 0.035168895370489665 0.002251908063505223 6
25.6002407 0.0349973788893232 0.0022409256501284614 6
25.7000202 0.03483888707835851 0.002230777222566235 6
25.7997103 0.03458286666245243 0.002214383917262576 6
25.9002316 0.0344313255385478 0.0022046805508281605 6
26.0000478 0.03420961400699481 0.002190484086014107 6
26.100024 0.0340199826313386 0.002178341753437687 6
26.1999307 0.0338287672546968 0.002166097995310238 6
26.2999834 0.03363629249172301 0.002153773597111322 6
26.4000059 0.03344106838730397 0.002141273155163955 6
26.4999314 0.03322729278129555 0.0021275848375219104 6
26.6001536 0.03304339788591032 0.002115809818904097 6
26.699797 0.032846726376589974 0.002103216697822681 6
26.8000136 0.03259072461616141 0.002086824587052425 6
26.9000393 0.03244284047274669 0.002077355381622117 6
27.0000995 0.03226712049399821 0.0020661038130728613 6
27.0998868 0.03204838138672129 0.0020520976762780684 6
27.2000517 0.03190458101355499 0.0020428899597303386 6
27.3001071 0.03178690461960772 0.0020353549940277634 6
27.3997971 0.0316102006458145 0.002024040419053303 6
27.5000324 0.0314826806010549 0.002015875152159716 6
27.6000079 0.03135410066727674 0.0020076420192554913 6
27.6998978 0.031232048706862768 0.0019998268805959626 6
27.8000713 0.031050616776947215 0.0019882095687170976 6
27.9000815 0.03097354521242365 0.0019832745806889207 6
28.0001092 0.0309101758393998 0.0019792169610057214 6
28.0999534 0.03082972907327526 0.00197406585462577 6
28.1999923 0.030771292265975237 0.00197032407325396 6
28.2998953 0.03070241460880845 0.0019659137512937374 6
28.3999814 0.030641694282543524 0.00196202575336562 6
28.4999814 0.030609153301431886 0.001959942113916962 6
28.6000867 0.030578935096131382 0.0019580072046892485 6
28.7000899 0.030530064991494774 0.001954877991174403 6
28.7999817 0.030580911893178485 0.001958133781460096 6
28.8998205 0.03057549658689295 0.0019577870326707957 6
29.0001477 0.030546376920315556 0.001955922464242319 6
29.0999976 0.030595381435307566 0.001959060284219209 6
29.1999104 0.030565395230143184 0.0019571402302484423 6
29.3002311 0.030614084278175663 0.0019602578504839853 6
29.3998308 0.03062282667380433 0.0019608176369374166 6
29.4999678 0.030695127135335527 0.0019654471253134965 6
29.5998585 0.030731385031389974 0.0019677687634437418 6
29.6999955 0.030761787503628492 0.0019697154715124254 6
29.8000867 0.03084068315154834 0.001974767257866661 6
29.8993208 0.030825461734861562 0.0019737926116455092 6