photon_energy_eV    total_yield    yield_error    energy_region
3.09999661 0.00013187596712866819 0.0001144926986697154 0
3.19999724 0.0008647285148599509 0.0019668108050374645 0
3.29999607 0.0005338475347688045 0.0004848191109814555 0
3.40000244 0.00021901590766816828 0.0001321925915878481 0
3.50000038 6.644297500957846e-05 3.6761008383034687e-05 0
3.60000168 -0.00010237702409441409 0.0003273751159816782 0
3.70000105 -0.03490104922910242 0.002234757542307028 0
3.79999641 -0.0016053109192393224 0.00010279005255596914 0
3.90000082 -0.00011865145607340834 0.0001695865792173683 0
3.99999776 -0.0011084029149989244 0.0019260269293125377 0
4.09999823 0.00014490913245166038 0.00019440092331919338 0
4.20000517 9.850614926121443e-05 8.191800118252002e-05 0
4.29999246 -0.0024277550413614774 0.0023983485233962207 0
4.40000409 0.055461091775963346 0.12812020834116197 0
4.09999411 0.00018031005613490438 0.00014388764465704618 1
4.1999994 0.00016121818982119931 0.00010035454711238271 1
4.29999246 -0.00011046104836009014 8.925672287891623e-05 1
4.40000568 -4.731492221096638e-05 4.7816537370788584e-05 1
4.49999833 3.935558437135807e-05 1.5415361859135688e-05 1
4.59999606 0.0001808138557039563 0.00019056318552660418 1
4.70000225 -4.69454039780377e-05 0.00015092454089096286 1
4.80000817 -5.7242950039646336e-05 0.00012817845564276403 1
4.89999527 3.891397261607985e-05 2.6739593093257262e-05 1
5.00000848 -5.657868831394553e-05 5.128232709929107e-05 1
5.10000126 -3.377016473597271e-05 3.344807344093809e-05 1
5.19999315 -4.0669730139831136e-05 4.1910223419540433e-05 1
5.30000824 -3.208759021760636e-05 2.354857992594765e-05 1
5.39999506 -4.699909843668243e-06 8.672417425264048e-06 1
5.50000295 -3.647012941163024e-05 1.956532244052793e-05 1
5.6000028 -6.4641419929279165e-06 3.76193039331781e-06 1
5.70000311 -5.885756729625232e-06 1.8518815875646409e-06 1
5.80000637 1.0365570807866824e-05 1.6822931158075368e-05 1
5.89998949 4.417468861807978e-05 2.1315023427604083e-05 1
6.00001586 6.66574992024534e-05 2.2905313547565836e-05 1
6.09999682 7.758223756084956e-05 2.3524179618653237e-05 1
6.19999102 9.589086344488878e-05 2.3983003417967038e-05 1
6.3000149 8.565705535347755e-05 2.2489641878476546e-05 1
6.39999718 0.00013976443604298456 2.6050828824568483e-05 1
6.50001257 0.00018732215436052823 2.8519620520739947e-05 1
6.59999144 0.0002016377796867439 2.638634065438466e-05 1
6.70000771 0.00023937087266274966 2.7597647288112036e-05 1
6.79999091 0.00027980322697821256 2.8570811774772293e-05 1
6.89999487 0.0002950915544334548 2.774603634265493e-05 1
7.00001199 0.00038908093036420834 3.1198164867798445e-05 1
7.10001255 0.0004159610388583042 3.166592277362927e-05 1
7.19999617 0.0004386498505792925 3.194971585924848e-05 1
7.29999579 0.00048677216148358275 3.403868894189671e-05 1
7.39998779 0.0005597964984384933 3.835212923352243e-05 1
7.50004429 0.0006401221614195125 4.3670497946483e-05 1
7.59998716 0.0006887839774421963 4.8768268490371515e-05 1
7.70000289 0.0006951845085170308 5.938952723917424e-05 1
7.80001061 0.0003611710829593866 0.00010908698052135407 1
7.89998742 -0.0004478798296516025 0.00016431360536413694 1
7.09999607 0.0003904347739314128 2.918744681896226e-05 2
7.1999877 0.0004610292152637795 3.251490195942041e-05 2
7.29998273 0.0005302494066656011 3.6161646503756733e-05 2
7.40003254 0.0005849597509668809 3.8917024325170926e-05 2
7.49998913 0.0007049091529105707 4.5565141303781665e-05 2
7.60000604 0.0007684879654901039 4.920723918005143e-05 2
7.70000289 0.0009106998626866658 5.831324363795757e-05 2
7.7999957 0.0010460537732266402 6.698012269005585e-05 2
7.89999762 0.0011986901601916597 7.675362017895481e-05 2
8.00000757 0.0013715504323842662 8.782207816461199e-05 2
8.10000797 0.0016091055629126575 0.00010303302830474066 2
8.19999537 0.001846360329625601 0.0001182247457766019 2
8.29999332 0.002087817990621965 0.00013368557979099856 2
8.40000921 0.002347216176919315 0.0001502951679292654 2
8.50002596 0.002628474514631315 0.00016830448872110317 2
8.59998675 0.0029771141248512126 0.00019062831610438483 2
8.70001905 0.0033629913328945423 0.0002153365131393365 2
8.79998164 0.00391630823255998 0.00025076608165162614 2
8.90001507 0.004611640137677402 0.0002952890473988033 2
9.00000528 0.0054208579094399975 0.0003471042666761481 2
9.09996657 0.0064595609535041 0.0004136137130455694 2
9.20001496 0.007734725741794268 0.0004952640986717865 2
9.30001152 0.00917263422475417 0.000587335165256295 2
9.40001753 0.010935965176042924 0.0007002434367844204 2
9.49997748 0.012852067024776597 0.0008229338186745852 2
9.60000733 0.015081828473310176 0.0009657082144225724 2
9.70001293 0.017593339480536083 0.0011265233844520485 2
9.80003609 0.020357471258660498 0.0013035141762917164 2
9.89998878 0.023401862173090135 0.0014984503088157639 2
9.99999084 0.02653183863205325 0.0016988665900855738 2
10.0999995 0.029872026391639567 0.0019127429620954103 2
10.1999881 0.03322134186627908 0.0021272037930401416 2
10.3000166 0.03642365627534151 0.002332251963125623 2
10.4000022 0.03948765683755189 0.002528443725759595 2
10.5000018 0.04241073412862032 0.002715611996262893 2
10.5999963 0.04515141871991769 0.002891101435599842 2
10.7000236 0.048042983615478756 0.003076251928268613 2
10.8000216 0.05089770820692089 0.0032590434904952 2
10.8999934 0.053860367756590394 0.003448746262192707 2
11.0000138 0.05721061428370612 0.0036632667095842066 2
11.0999938 0.0608548903214657 0.0038966142318369477 2
11.2000241 0.06455063553201718 0.004133257389167533 2
11.2999222 0.06842541452256762 0.004381364301858424 2
11.4000572 0.07233693103686081 0.00463182356383632 2
11.5000157 0.07646163706740808 0.004895933615401147 2
11.5999941 0.08043826006394786 0.005150561726323912 2
11.6999921 0.08412562968924758 0.005386668584525216 2
11.7999995 0.08508077597950543 0.005447827788139658 2
11.8999607 0.028891947608441524 0.0020567339303621014 2
11.0999032 0.00584719996143272 0.001635636450153954 3
11.2000036 0.010462979097157491 0.0019566667738265993 3
11.2999327 0.010431014126708745 0.0016052222103371003 3
11.4000466 0.020501397359223055 0.002200481657253932 3
11.5000265 0.03150067368121333 0.0024202372756799407 3
11.5999721 0.04451780642187635 0.0029672789005476628 3
11.7000256 0.051520928550061046 0.003347963777627501 3
11.7999995 0.059187538141983305 0.0038152037877637237 3
11.8999722 0.06114338340206133 0.003915086802203883 3
12.0000177 0.07000592280919024 0.0044825662110337915 3
12.0999887 0.07657617886372897 0.0049032678689233606 3
12.1999852 0.08359578528148641 0.005352741988831179 3
12.3000409 0.08880273400058983 0.005686149384294789 3
12.3999921 0.09537231942002532 0.0061068081005855165 3
12.499985 0.09967819159243266 0.006382518445289808 3
12.6000208 0.10125359830374013 0.00648339369425968 3
12.7000098 0.10158801218284169 0.006504806630405771 3
12.7999917 0.10423576780128313 0.006674345712158186 3
12.8999829 0.10590632798940523 0.006781313756464736 3
13.0000293 0.11009553997808291 0.007049554204669198 3
13.0999568 0.11406392049476964 0.00730365453936673 3
13.1999516 0.1185413031378612 0.007590346912589137 3
13.3000391 0.12425564990297035 0.0079562436353168 3
13.4000566 0.1290207934829785 0.008261361698836778 3
13.4999812 0.13203209645492042 0.008454179169295726 3
13.6000015 0.1345404874437782 0.00861479456067286 3
13.6999966 0.13625449362084902 0.008724544505627978 3
13.7999634 0.13700947030520585 0.008772886600690998 3
13.8999945 0.13819341290337006 0.008848695916151342 3
14.0000289 0.1405502947360833 0.008999609988029456 3
14.09997 0.14189255202057033 0.009085556389541151 3
14.2000301 0.14284460380769393 0.009146517448275377 3
14.2999831 0.14329745349773518 0.009175513976537547 3
14.4000314 0.14347727088962098 0.009187027907540505 3
14.4999432 0.14442004420750146 0.009247394854361761 3
14.5999446 0.14501103317318373 0.009285236612063916 3
14.7000636 0.14446597637750974 0.009250335948272341 3
14.79999 0.14442541177287968 0.009247738546241453 3
14.8999779 0.14353267071799986 0.00919057522737893 3
15.0000206 0.14294364969288023 0.00915285947935592 3
15.1000184 0.14116238640487833 0.009038802978029377 3
15.1999234 0.1393851353333184 0.008925003383906288 3
15.300088 0.13838559427568076 0.008861001528181601 3
15.3999729 0.1372239251168448 0.008786618408713394 3
15.4999533 0.1355277695870915 0.008678011462883203 3
15.6000074 0.13380321055618508 0.008567585805586395 3
15.700012 0.13230084064571634 0.008471387193713273 3
15.8000014 0.13200458559403705 0.008452417614694577 3
15.8999505 0.12869969132164227 0.008240801128517336 3
16.0000633 0.1267556707140909 0.008116323073814526 3
16.1000045 0.12535419840076184 0.008026585060438842 3
16.1999796 0.12275362188626551 0.007860066915326144 3
16.2999882 0.12065871439005955 0.007725927385684779 3
16.4000304 0.1179325461213317 0.007551367444516662 3
16.5000178 0.11395614683583903 0.007296753658090176 3
16.600016 0.10687362087265535 0.006843250721519087 3
16.6999118 0.09212198783513059 0.005898685331076187 3
16.8000254 0.0782723308850873 0.005066633604295842 3
16.8999929 0.07460810694139301 0.005161659750015325 3
17.0000945 0.07243892006226718 0.005301845468220254 3
17.1000031 0.0691696167272547 0.005103692876999189 3
17.1999325 0.0722609694728385 0.005466193737267741 3
17.2999361 0.07329921818471165 0.005514064075822862 3
17.3999714 0.0662969598273578 0.005104371984731421 3
17.5000691 0.06693425678278858 0.005462898706286602 3
17.6000089 0.06389579175884587 0.006140409254578253 3
17.6999959 0.05836744702630987 0.00636789837801488 3
17.800038 0.05200224826543257 0.0060314463749011555 3
17.8999606 0.0435440908361715 0.005067051737872404 3
15.099888 0.09585505911148665 0.006137718522773187 4
15.1998857 0.09603590134178165 0.00614929807545272 4
15.3000306 0.09580387182265192 0.006134440937075325 4
15.3999923 0.09753608190600345 0.006245356500765662 4
15.4999729 0.09836388914036824 0.006298362026428497 4
15.5999676 0.09701455599510549 0.006211962548760463 4
15.700012 0.09634381662717839 0.0061690142737227185 4
15.8000014 0.09838632703384598 0.006299798752624139 4
15.8999918 0.09939489024040421 0.0063643783077531 4
16.0000215 0.10007131320876325 0.006407690510787659 4
16.1000256 0.10055808245874227 0.006438858950613437 4
16.200001 0.10216019699835947 0.006541444335011102 4
16.3000099 0.1039390799168464 0.00665534841832029 4
16.4000084 0.10646615171557061 0.006817159965161731 4
16.4998621 0.10676968593123029 0.006836595638093538 4
16.6001736 0.10771516243916819 0.006897135673532543 4
16.699889 0.1084431366017778 0.006943748763580848 4
16.8000946 0.10826343481548685 0.006932242234947751 4
16.8999696 0.1072507926321765 0.006867401497869738 4
17.0000001 0.10653031976312438 0.006821268724967334 4
17.1000031 0.1058775151931659 0.006779468837325253 4
17.1999808 0.10415784663682277 0.0066693563231905355 4
17.2999851 0.10307097449393793 0.006599762549579568 4
17.4000209 0.10131066329402484 0.006487047636483689 4
17.499944 0.09888395828949932 0.006331662700167919 4
17.6000849 0.09697078050960883 0.006209159550038572 4
17.6999959 0.09491161531461939 0.006077308644349422 4
17.7999862 0.09265047529335402 0.005932525039605484 4
17.900013 0.09008896053132345 0.005768508067032484 4
18.0000583 0.08775455041297224 0.005619032886943254 4
18.09997 0.08545388761973939 0.005471718590008162 4
18.1999414 0.08297609924266025 0.0053130627218831135 4
18.2999833 0.0806935322544522 0.005166907121825522 4
18.4001075 0.07818568724582249 0.005006326690240704 4
18.4999629 0.0760367095705351 0.0048687249798573555 4
18.6000599 0.07404464036532002 0.004741170313751793 4
18.6999887 0.07177216111928977 0.0045956606443586 4
18.7999861 0.06972107542632665 0.004464327079221959 4
18.9000371 0.0680381748403811 0.004356568863911381 4
18.9999787 0.06605572823683005 0.004229630344945239 4
19.0999991 0.064488020623871 0.004129248078807778 4
19.1999636 0.0627072281579447 0.004015221724803674 4
19.2999146 0.06125254475135218 0.003922076539018234 4
19.4001428 0.060037568145786084 0.0038442800775080927 4
19.4999571 0.05872162732491459 0.0037600187518565973 4
19.5999875 0.05759421146010987 0.0036878289133606226 4
19.6999713 0.05674653695182576 0.0036335512614661435 4
19.8000514 0.05582913661820615 0.0035748089783498556 4
19.8998914 0.055016614921148836 0.0035227822046311787 4
20.0002858 0.05459970977477544 0.003496087250156639 4
20.1000145 0.05409696170343014 0.0034638956665471016 4
20.2000759 0.05349777447525857 0.0034255289639124453 4
20.2998589 0.053045092198933025 0.003396543155358482 4
20.4000545 0.05248098655238718 0.0033604227699797775 4
20.5000765 0.05199044239333378 0.003329012618036118 4
20.6000091 0.0515718578877614 0.0033022101321056744 4
20.6999404 0.05114717076915106 0.003275016888280681 4
20.8000329 0.05072662620271925 0.003248088897218279 4
20.8999201 0.05031410976111055 0.0032216749569622368 4
21.0001226 0.04995696601662896 0.0031988065992968606 4
21.0998718 0.04966807872020011 0.0031803087868003603 4
21.2001323 0.049427372147508676 0.0031648960459032616 4
21.2999044 0.04923643892527651 0.003152670354473202 4
21.4000212 0.04902353507296671 0.003139037856303525 4
21.4999882 0.04880068142997369 0.0031247682606750362 4
21.6000929 0.048576174229212996 0.003110392785688347 4
21.6999798 0.04832210209169695 0.003094124231070493 4
21.7999793 0.04809875319478955 0.0030798229237185763 4
21.9000033 0.047906062415279706 0.0030674846937124834 4
22.0001188 0.047720285533968496 0.0030555891691976984 4
22.0999166 0.04752353699437559 0.003042991115772229 4
22.2001005 0.047332932067233754 0.0030307864454846697 4
22.2999371 0.04713479263122067 0.003018099331233403 4
22.4000606 0.046957468804345544 0.003006745066296019 4
22.5000117 0.046798229046895755 0.002996548746791122 4
22.5999406 0.04664448397404502 0.002986704258767558 4
22.7000874 0.04649315824946066 0.002977014684619225 4
22.8000212 0.04635147309932776 0.002967942408430223 4
22.8999817 0.046191884432207876 0.0029577237478056735 4
23.0000445 0.04603887133472597 0.002947926129074363 4
23.0998955 0.04587700590347479 0.002937561684413894 4
23.2000015 0.04571117865039642 0.0029269435593797634 4
23.3000474 0.04551200462805731 0.0029141901992806975 4
23.3997964 0.04538776695939499 0.0029062351070065586 4
23.5002227 0.045254673862680096 0.0028977129906724575 4
23.6000583 0.04518838772426184 0.0028934686068773398 4
23.7000115 0.04514166259540609 0.0028904767388266057 4
23.7998428 0.04613972188788235 0.0029543837152871044 4
23.900052 0.04939138045777855 0.0031625914532946897 4
23.9999319 0.05136394667229952 0.003288897318676094 4
24.0997959 0.05187081645835901 0.0033213528207994935 4
24.199968 0.05176339063457519 0.0033144742118395294 4
24.3002043 0.051647480167928896 0.0033070523206559788 4
24.4000581 0.051401208476164 0.003291283238270645 4
24.4997059 0.05121646439612836 0.003279453845304661 4
24.6002204 0.05101486683942749 0.0032665453032894747 4
24.7001672 0.05079498610934419 0.003252466066968067 4
24.8000749 0.05065037107864726 0.0032432061868865407 4
24.8999836 0.05036757725317129 0.0032250985469055252 4
23.0996339 0.04403833833959395 0.002819829515985223 5
23.2000015 0.04389191421628632 0.0028104537974562634 5
23.2999586 0.043725597892226284 0.0027998043565995675 5
23.3998412 0.04354716342855077 0.002788378976208028 5
23.5002227 0.04337305432850558 0.0027772305542234582 5
23.6000128 0.04318045134340316 0.002764897945802346 5
23.6999656 0.04298748854172126 0.0027525422978786226 5
23.7999817 0.042793607606639424 0.0027401278607326364 5
23.8999587 0.04259189370175313 0.0027272118687985893 5
23.9998849 0.04239195061431722 0.00271440926450591 5
24.0999857 0.042205126409514654 0.0027024466785668055 5
24.1998723 0.04200812164647241 0.00268983221883555 5
24.3002525 0.04181610156787532 0.0026775369346421617 5
24.3999608 0.04163099861742704 0.0026656845627578054 5
24.4999512 0.041416424050997026 0.0026519450866873584 5
24.5998743 0.04122092699606151 0.002639427167379315 5
24.7003666 0.041035973182813754 0.0026275843449351916 5
24.7999242 0.04085256497532133 0.002615840489547803 5
24.9001356 0.04065464754476538 0.0026031675905817705 5
24.9998323 0.04045284455415399 0.0025902458943780683 5
25.1001761 0.04024892196626506 0.0025771884777273523 5
25.19972 0.040050171652245246 0.0025644622481983755 5
25.2998997 0.03986523321032047 0.00255262040999916 5
25.400141 0.03966099799031442 0.0025395429751255776 5
25.5000108 0.039477069913229634 0.0025277658318423176 5
25.6000265 0.03927866333764421 0.0025150616123123465 5
25.7000742 0.03915288401702001 0.0025070078061477804 5
25.7998191 0.038953457703181246 0.002494238291510552 5
25.900122 0.0388115043317114 0.0024851488407761128 5
26.0001031 0.03862070098352616 0.0024729314653426297 5
26.0999127 0.03849310758905042 0.002464761501775591 5
26.1998746 0.038320949790805886 0.0024537380240695645 5
26.30004 0.03823208728173644 0.002448048047213348 5
26.4001198 0.03811702025010108 0.0024406801622214097 5
26.4997019 0.038016274992909695 0.002434229318240124 5
26.6002114 0.037923698627788674 0.0024283015385669258 5
26.6999135 0.037835075377791356 0.0024226268817663463 5
26.7998962 0.03775728466207858 0.002417645845594069 5
26.899921 0.03767146441020865 0.00241215066824596 5
27.0002187 0.03760019894675229 0.0024075874520824666 5
27.1000068 0.03753690918506481 0.0024035349300120423 5
27.1998703 0.037465992766598503 0.002398994063632907 5
27.3000462 0.03739142612925044 0.0023942194692038346 5
27.3998584 0.03733624121927127 0.002390685910857552 5
27.5000324 0.03729013714182665 0.002387733809500251 5
27.5998834 0.037204132269554095 0.002382226810678394 5
27.7000859 0.037165325321636446 0.002379741953590471 5
27.8000082 0.03708506268818605 0.002374602637454407 5
27.9000179 0.03703798736645875 0.002371588346119036 5
27.9998529 0.03698611768735912 0.0023682670661247297 5
28.1002114 0.036940999109008256 0.00236537806749876 5
28.2000573 0.03689341964656536 0.002362331495407039 5
28.2998953 0.036859679665022606 0.0023601710824711695 5
28.3999814 0.03682629994018949 0.0023580337372199915 5
28.4999814 0.0368142420430626 0.002357261655086535 5
28.6000198 0.03681188468922582 0.0023571107107916503 5
28.6999553 0.03681456077478018 0.0023572820638743963 5
28.7999817 0.036830504773393814 0.002358302977914042 5
28.9000252 0.03685274368729409 0.002359726963200132 5
28.9999415 0.03689835876795671 0.002362647753485965 5
29.0997208 0.03701858160668856 0.0023703457712117336 5
29.2003981 0.03701245489178633 0.002369953470044871 5
29.2999505 0.03709735461809228 0.002375389704997481 5
29.3999721 0.037198915595070554 0.0023818927805301505 5
29.4999678 0.037300281224257444 0.002388383347701043 5
29.5999301 0.037414224204795475 0.002395679258304727 5
29.7000676 0.03754735230036593 0.0024042036156590317 5
29.7999416 0.03767490594033664 0.0024123710336957237 5
29.9001243 0.03782848559944529 0.002422204930071876 5
23.0998083 0.04264585295773254 0.0027306669469965455 6
23.2002214 0.04256418939606538 0.002725437927686285 6
23.2999143 0.04239032736526853 0.002714305325852639 6
23.3998859 0.042217440058956196 0.0027032351368387096 6
23.5001776 0.042018072493257945 0.0026904693839179044 6
23.6000583 0.04192290053010499 0.0026843754048780167 6
23.7000115 0.0416957154037932 0.002669828458991304 6
23.7999354 0.041468063952325454 0.002655251653725505 6
23.900052 0.04135680376980794 0.002648127526012114 6
23.9996495 0.041077222479678654 0.0026302255886605183 6
24.1002705 0.040956132155429856 0.002622472024759358 6
24.199968 0.04073755626589162 0.002608476338999151 6
24.3001078 0.040496773262388985 0.0025930587041422546 6
24.3999122 0.040246478528343725 0.002577032021361584 6
24.5000492 0.04008829281499584 0.00256690319361005 6
24.5999237 0.039871439040618184 0.0025530177770230864 6
24.7001672 0.03968503646573168 0.0025410821885713296 6
24.8001252 0.03944778920358662 0.0025258909516262733 6
24.899629 0.03925969294859035 0.002513846914732904 6
25.0000366 0.03915143171792033 0.0025069148136321285 6
25.1001761 0.03888876361916623 0.002490095848936801 6
25.19972 0.03871571107184412 0.002479015079335724 6
25.3001089 0.038468357842127904 0.0024631767447316918 6
25.3999302 0.03836723757070763 0.0024567018881234224 6
25.5001171 0.03818256606056298 0.0024448771418977173 6
25.5999729 0.03801658661604887 0.0024342492718568776 6
25.7002361 0.037906747493255094 0.0024272161363630856 6
25.7999279 0.03762633153934829 0.0024092607544528503 6
25.900122 0.03755045357969961 0.002404402194427717 6
25.9999926 0.03731961241424847 0.0023896211478127423 6
26.1000797 0.03727556546042873 0.00238680076663686 6
26.1998185 0.03717052694930632 0.002380075020272542 6
26.3000965 0.037046907538337524 0.0023721595158066274 6
26.4001768 0.036936216999546474 0.0023650718630887522 6
26.4997592 0.036805593820780955 0.0023567078986695125 6
26.6002114 0.03675883676276746 0.0023537139861551397 6
26.699797 0.036672519711925235 0.0023481869981516242 6
26.8000723 0.03649288112605209 0.002336684516319799 6
26.9000984 0.03649494723069366 0.0023368168115668743 6
27.0000995 0.036417059498353076 0.002331829563299387 6
27.0998868 0.03632351921842986 0.0023258400629638616 6
27.1998703 0.03622799628946192 0.0023197236111468095 6
27.300168 0.03623704116862358 0.002320302765996656 6
27.3998584 0.036128974829078654 0.0023133831440167486 6
27.5000324 0.036146085725189084 0.0023144787759528376 6
27.5999456 0.03609272604786645 0.002311062089521176 6
27.7000232 0.03599712793562124 0.0023049408236254744 6
27.7998819 0.0358927660348814 0.0022982584014645565 6
27.9000179 0.03585629827419386 0.0022959233254411233 6
28.0001733 0.03581944184443353 0.0022935633624540873 6
28.0997598 0.03580987641546055 0.0022929508761531043 6
28.2002522 0.03580564633756399 0.002292680019010047 6
28.2998953 0.03575348689896258 0.002289340185354851 6
28.4000473 0.03573561122247946 0.0022881955835813554 6
28.4999151 0.03567912709877313 0.0022845788349660136 6
28.6001535 0.03573250632397494 0.002287996773072665 6
28.7000226 0.035677870171117274 0.002284498352326635 6
28.8000494 0.035784842866201545 0.0022913479468930106 6
28.9000935 0.035739445357079194 0.0022884410879832067 6
29.0000103 0.035794588764237446 0.002291971988852303 6
29.0999284 0.035878271930357294 0.002297330325944774 6
29.1999801 0.03600925502942961 0.0023057173365084145 6
29.3001609 0.036041132457755 0.002307758487847788 6
29.3999721 0.036166473696305663 0.002315784243072924 6
29.4998256 0.03625097718570193 0.0023211951064839326 6
29.5999301 0.036395105610419615 0.0023304238285800608 6
29.7000676 0.036470285918274864 0.0023352377170941167 6
29.8001593 0.03665966362556239 0.0023473638069697387 6
29.8998321 0.036742648679014854 0.0023526774430408003 6