photon_energy_eV    total_yield    yield_error    energy_region
3.09999739 -1.3621669594068677e-05 8.722124273208323e-07 0
3.19999724 -0.00017127434137359464 1.0966908864996116e-05 0
3.29999874 -0.00029854935707559024 1.911648624360706e-05 0
3.39999961 -1.0752438954732276e-05 6.884920248256335e-07 0
3.50000038 -1.5251731381926666e-05 9.765873087442985e-07 0
3.60000274 2.409425768405466e-05 7.319621259750408e-05 0
3.69999545 -8.868989588824879e-05 5.6789242197744175e-06 0
3.79999877 -6.8251472154806784e-06 4.3702265559491653e-07 0
3.90000331 9.734468137618488e-05 0.0001270631537097033 0
3.99999384 -1.899803777044213e-05 2.0573639733442687e-05 0
4.10000235 -2.0372157671362715e-05 1.3044545655430612e-06 0
4.20000661 -3.128760552381352e-05 2.0033842526076824e-06 0
4.29999397 0.00090528688847656 0.0007224478152355926 0
4.40000093 -0.011716539355995256 0.0047930265991817786 0
4.09999685 -0.005395670006414046 0.0003454914539525924 1
4.19998643 -9.79315364457482e-05 6.270677946248087e-06 1
4.30000454 -0.0003668902998752167 0.011711535221965318 1
4.39999777 -0.00013749867006050982 0.00026379391986184947 1
4.50000825 -0.00010297187429196695 6.593417040527821e-06 1
4.59999087 0.000555910307634419 0.0067471207891187214 1
4.70000225 1.1231019617055433e-05 3.411883903444614e-05 1
4.79999687 1.55854177133819e-06 3.1603335448788617e-06 1
4.90000508 2.9983452659020595e-05 6.110847414592219e-05 1
4.99999214 7.344904469429666e-06 4.988800155444029e-06 1
5.10000126 -0.0001455800843046264 0.0006308669189096395 1
5.20000199 0.00010598951300382859 9.2394907457148e-05 1
5.30000365 -8.580630369973293e-06 8.514580773894326e-06 1
5.39998791 -8.144862118364325e-06 1.621878853885251e-05 1
5.50000789 -5.8154984802603085e-05 6.567088767675397e-05 1
5.59999767 -1.1476558247374639e-05 8.141018818050403e-06 1
5.70000576 -2.273868601353864e-05 8.977900448514944e-06 1
5.80000637 -1.0152468653599925e-05 2.885559429011594e-06 1
5.89997811 -3.633492234059682e-05 1.0280317055613204e-05 1
6.00002175 -3.871549904902617e-05 8.8746699091216e-06 1
6.09998466 -5.66857568356139e-06 1.0686677520098145e-06 1
6.19999731 -3.5036123337493717e-06 5.49749465664031e-07 1
6.30001814 1.0159264681902323e-05 2.586689737538959e-05 1
6.40000722 -3.047301605038322e-06 3.638553905066543e-07 1
6.49999876 -1.6312437961486507e-05 1.6261652925614974e-06 1
6.599995 -2.3567836770143017e-05 2.032115070585522e-06 1
6.70000404 -3.000439556183183e-05 2.4083011464604645e-06 1
6.79998713 -3.4965747650876293e-06 2.5572125751311813e-07 1
6.89999098 2.3134261371628093e-07 2.0494301813293525e-05 1
7.000024 2.0710143209808453e-05 2.0654539483410218e-05 1
7.10001255 -6.078444282687866e-06 3.89210339123638e-07 1
7.19998346 6.696108245751047e-06 1.7896924979110246e-05 1
7.30000015 1.221429172565686e-05 1.7489819805792e-05 1
7.39999227 2.0892772264522058e-05 1.839724439431485e-05 1
7.5000305 1.3014837555562362e-05 2.0297643090852335e-05 1
7.5999966 7.723530549865422e-06 2.437386578329269e-05 1
7.69999804 -1.78275745453849e-05 1.16136135763838e-06 1
7.80001559 -0.00012179333145436434 1.1552677671284938e-05 1
7.89998742 -0.00023981560905925357 9.780930270190128e-05 1
7.09996724 -3.1241389922825386e-05 2.000425010259336e-06 2
7.19999193 -1.3411830472707537e-07 8.587761676813408e-09 2
7.3000045 -8.955446965471418e-06 5.734283952165449e-07 2
7.40001911 -2.5577578582281218e-06 1.637764133550482e-07 2
7.50000752 1.1425695990704002e-05 1.551428993179406e-05 2
7.60000132 -1.4323996510307684e-05 9.171832923205467e-07 2
7.69998836 -8.329084485534072e-06 5.333216274494912e-07 2
7.8000305 -4.858692675950579e-06 3.111081283561662e-07 2
7.89999762 1.0577665679074496e-05 1.474412361775824e-05 2
8.00000234 1.8097460363169762e-05 1.4938364356487466e-05 2
8.09999724 3.830230003713553e-05 1.5300422753297612e-05 2
8.20000636 3.512875224523034e-05 1.5398151912663015e-05 2
8.2999877 6.05262443141643e-05 1.591818905016705e-05 2
8.40000344 6.443469463063e-05 1.5989433163046297e-05 2
8.50003777 6.414779352117216e-05 1.591823881440576e-05 2
8.5999807 7.60181235705628e-05 1.624146770438748e-05 2
8.70000668 7.541465929102842e-05 1.6288475445988373e-05 2
8.80000062 8.610739689801158e-05 1.6682195099096025e-05 2
8.90001507 0.00011611666005657195 1.7501667504774464e-05 2
9.0000119 0.0001478497679379369 1.8445334401981797e-05 2
9.09997334 0.00016873304690578024 1.9244361639597423e-05 2
9.20001496 0.0001887534982655517 2.0129837085468443e-05 2
9.30001152 0.00020188516788342126 2.0670611474859462e-05 2
9.39998865 0.00023353848633666456 2.202031805629858e-05 2
9.49999223 0.00027169929529467275 2.37100921859131e-05 2
9.60000733 0.0003005340335707518 2.5114224532293922e-05 2
9.70001293 0.00034162369817061214 2.7137757482187036e-05 2
9.79999685 0.00038248035999376384 2.9295950063417596e-05 2
9.9000048 0.0004097157657415054 3.0877058096037844e-05 2
9.99999901 0.0004701931094042144 3.4153215468874056e-05 2
10.0999495 0.0005487617644252515 3.849878401963044e-05 2
10.2000136 0.0005864762662178912 4.07386587682962e-05 2
10.3000166 0.0006654091264258935 4.520362181956778e-05 2
10.3999934 0.0007623211097941584 5.0691182492865654e-05 2
10.5000018 0.0008520752486973382 5.586519506906695e-05 2
10.599978 0.0009216020915218417 5.994370404679512e-05 2
10.7000236 0.001040837893494414 6.693363052613021e-05 2
10.8000121 0.0011676689684270397 7.47672947303339e-05 2
10.9000031 0.0013385850536137987 8.571126400659864e-05 2
10.9999644 0.0015161774327828552 9.708272468100615e-05 2
11.1000441 0.0017255168589795384 0.00011048698821830883 2
11.2000138 0.0020408085719510844 0.0001306755083102071 2
11.299964 0.002446118326232323 0.0001566279954232686 2
11.4000041 0.0029841097546864834 0.00019107625497392816 2
11.4999941 0.0037682974171975767 0.00024128876525913407 2
11.5999831 0.004920089515388593 0.0003150394442632394 2
11.700048 0.006585657098516385 0.0004216878058693196 2
11.7999881 0.009320444266124033 0.0005967996258406082 2
11.8999954 0.00527113857635351 0.0006043149841080635 2
11.0999334 0.0035345236882053264 0.0015888273059206314 3
11.1999216 0.0022168374930389054 0.0014682617355736745 3
11.2999744 0.004471756942835136 0.0014519363028720424 3
11.4000891 0.004388714420000681 0.0012524796616801928 3
11.5000049 0.005998660505116108 0.0010587018598345475 3
11.6000051 0.009316281220572275 0.0009527024758168211 3
11.7000145 0.012209840967886288 0.000986450668940736 3
11.8000109 0.01397319722853543 0.0010404325893232137 3
11.8999607 0.014414265710646489 0.001031519200064806 3
12.000053 0.016188140081266667 0.0011149147424228637 3
12.0999648 0.01684839651618467 0.0011198807691132808 3
12.2000095 0.01573618127641653 0.0010239245515804515 3
12.3000409 0.015511395202457524 0.000993213905772554 3
12.3999796 0.015156742521526339 0.0009705050540011438 3
12.4999978 0.015351135989640744 0.0009829523092739635 3
12.6000208 0.015182573466048592 0.0009721590414706058 3
12.7000098 0.015273355320278572 0.0009779719163819968 3
12.7999516 0.016129405079353665 0.0010327858459898197 3
12.9000101 0.01668838054731485 0.0010685777396601459 3
12.9999741 0.017454801751726878 0.0011176526415606772 3
13.100041 0.018139306240485226 0.0011614823143866787 3
13.1999801 0.01818038129755718 0.0011641124013215924 3
13.3000247 0.017789536445988352 0.0011390861199000305 3
13.4000125 0.017797988392663625 0.0011396273085461297 3
13.4999365 0.01750067827266966 0.0011205901721924555 3
13.6000166 0.017403034709392036 0.0011143379335259327 3
13.7000426 0.017487050512637835 0.0011197175697868385 3
13.7999478 0.017516830360630686 0.0011216244104515392 3
13.8999945 0.017755484478908394 0.001136905730142611 3
13.9999968 0.018288686270478947 0.0011710473032930913 3
14.1000025 0.018443354383976346 0.0011809508947560232 3
14.1998983 0.018742835726763517 0.0012001270572026181 3
14.3001 0.01858775179298801 0.0011901968402506745 3
14.3999636 0.018403853578194136 0.0011784216090870013 3
14.5000119 0.017971143316244092 0.001150714633426219 3
14.6000143 0.017501135665510693 0.00112061945962432 3
14.6999753 0.017110007365406372 0.001095575028640881 3
14.7999542 0.016629702976406445 0.001064820541895373 3
14.8999961 0.016366988594044545 0.001047998613603136 3
15.000039 0.016304827253021417 0.001044018345709771 3
15.0999997 0.01602705426653096 0.0010262321962867594 3
15.1999989 0.015846862819077396 0.0010146943140410792 3
15.3000115 0.01585605533506698 0.001015282922260438 3
15.3999729 0.01568159252474059 0.0010041118517671226 3
15.4999926 0.015515289423611387 0.0009934632575911162 3
15.6000273 0.01540054450445058 0.0009861159978611078 3
15.6999516 0.01513260397768898 0.0009689594330501304 3
15.799981 0.014789191517653729 0.0009469703065872489 3
15.8999918 0.014221050872383735 0.0009105915552272585 3
16.0000215 0.01420719116255622 0.0009097041007880551 3
16.1000468 0.014077360113495602 0.0009013908574179413 3
16.1999367 0.013847542784394045 0.0008866753683164188 3
16.3000099 0.013850008527960218 0.0008868332529403373 3
16.3999645 0.013936115040796962 0.0008923467599337951 3
16.5000178 0.014534157446530053 0.000930640158165417 3
16.600016 0.015913556287733922 0.00101896477969741 3
16.6999802 0.019039991404215452 0.0012773865529757628 3
16.7999332 0.024364650098831063 0.0019134504548918394 3
16.8999929 0.03263171812037378 0.00274024128253994 3
17.0000945 0.04155364112815271 0.003429263428434198 3
17.1000509 0.04169055784019218 0.0034581675205778172 3
17.1998358 0.05365433631085186 0.004280714953617343 3
17.300034 0.056144165760231755 0.004393737925204247 3
17.3998724 0.0541200628887996 0.0043347456398597035 3
17.5000942 0.056728544993521306 0.004710074753285926 3
17.6000342 0.05807306996444425 0.00575303722485834 3
17.7000983 0.054882201699210736 0.005996819682184457 3
17.7999862 0.04745935713141437 0.005361517412402745 3
17.900013 0.04599327255289307 0.0050314822360077345 3
15.0998507 0.015772206245989306 0.0011622225651127303 4
15.1999045 0.018659759700408285 0.0012639264480741616 4
15.3000115 0.01970726579484366 0.001288407665984567 4
15.4000504 0.020173365663543035 0.0012955868504854254 4
15.4999533 0.01966157885637984 0.0012589553212148299 4
15.600067 0.018369092057786453 0.0011761957857484766 4
15.6999516 0.017844331279266143 0.0011425947011505014 4
15.799981 0.017345790938013052 0.0011106725437263446 4
15.9000331 0.016929878388747762 0.0010840411464778138 4
16.0000215 0.016580342930337534 0.0010616599568219263 4
16.0998774 0.016209496058742678 0.0010379141709030747 4
16.2000439 0.01616758313797977 0.001035230434515089 4
16.2999882 0.016275220628736407 0.0010421225967742918 4
16.4000084 0.016316867437068092 0.0010447892936526952 4
16.4998844 0.016152967575196076 0.001034294581872049 4
16.6001286 0.01596024250746854 0.0010219541563487782 4
16.7000029 0.015688344576186695 0.0010045441940097922 4
16.8000024 0.015442769929665728 0.000988819744297418 4
16.8999229 0.01489430006612165 0.0009537005375298123 4
17.0000237 0.014750788418871199 0.0009445113084611794 4
17.100027 0.014404210665970715 0.0009223195043636584 4
17.1999567 0.01371382935890834 0.0008781135315604418 4
17.2999361 0.013391802781983205 0.0008574937697623732 4
17.4000209 0.012807826253788741 0.0008201010271446346 4
17.499944 0.012255685184283181 0.0007847467484983032 4
17.6001102 0.011729167196585549 0.0007510331476135923 4
17.6999703 0.011168810508094495 0.0007151528126767455 4
17.7999344 0.010670320770159886 0.0006832338954459391 4
17.9001439 0.010039404671046113 0.0006428355537857192 4
17.9999789 0.009501692077712467 0.0006084051483942438 4
18.09997 0.008995351528884796 0.0005759835339883087 4
18.1999414 0.008492912545218006 0.0005438117416468293 4
18.2999833 0.008018765546924682 0.000513451520278049 4
18.4000245 0.007508652444136699 0.00048078834455511096 4
18.4999629 0.007034384889524407 0.00045042040381545117 4
18.6001164 0.006642439100522914 0.00042532362800229927 4
18.6999601 0.006223041356421554 0.00039846906939849843 4
18.7999861 0.005856253523609048 0.00037498318877572624 4
18.9000079 0.005574606017723079 0.0003569489490622166 4
19.0000082 0.005227677696524514 0.0003347346976410324 4
19.0999693 0.004963477010576659 0.00031781759948364146 4
19.1999033 0.00469512297866784 0.0003006345574243596 4
19.3000668 0.004436373282861326 0.0002840664929378889 4
19.3999583 0.00423361570292328 0.0002710836731936436 4
19.5000503 0.003998184739897457 0.00025600873613771557 4
19.5999562 0.0038012221128944732 0.00024339697442940305 4
19.700003 0.0036268325708447855 0.00023223059539487136 4
19.8000193 0.0034338466646880047 0.00021987346806291713 4
19.9000208 0.003288313566224395 0.00021055480296170673 4
19.9997301 0.003108880150245214 0.00019906545841309007 4
20.1002126 0.0029846653478742212 0.0001911118302959937 4
20.2000092 0.002858963294189647 0.0001830629716295659 4
20.2998926 0.002734946990813603 0.00017512205364972615 4
20.3999525 0.002633224110993952 0.0001686086112769794 4
20.5002825 0.002527450947530634 0.00016183582421056025 4
20.5998011 0.002435046205206641 0.00015591903375827525 4
20.7000455 0.0023457627021054306 0.00015020210013117256 4
20.7999975 0.0022656483468655557 0.00014507227843314505 4
20.9000629 0.0021897601917682894 0.00014021306558077137 4
21.0000145 0.0021268654112650983 0.00013618583464629133 4
21.0999809 0.0020620990983461164 0.0001320387671660844 4
21.1999487 0.002004577964033395 0.00012835561747326024 4
21.3001639 0.0019506683462674273 0.00012490371767178015 4
21.3999838 0.0018969688308401165 0.00012146527098407004 4
21.4999126 0.001843090051232341 0.00011801534578817155 4
21.600131 0.0017992146569372103 0.0001152059497817908 4
21.6999028 0.0017545888069920017 0.00011234850116778874 4
21.8000569 0.0017102527755041958 0.00010950960998967716 4
21.8999249 0.0016700261886260614 0.00010693385165539137 4
22.0000397 0.0016342730407468663 0.0001046445331778934 4
22.0999166 0.0015961932089621261 0.00010220623423931107 4
22.2000602 0.001560906852429216 9.994680499164532e-05 4
22.2999777 0.0015304934997152446 9.799940023260106e-05 4
22.4000606 0.0015006784243203316 9.609030391358054e-05 4
22.5000531 0.0014732518784220294 9.433414810567571e-05 4
22.5998989 0.0014486957699290798 9.276178997099333e-05 4
22.7000032 0.0014230982745132357 9.112275053784566e-05 4
22.8001061 0.0014009878146252523 8.970699032175032e-05 4
22.8999389 0.0013844099846242466 8.86454912709155e-05 4
23.0000445 0.001362644338669029 8.725180991932313e-05 4
23.0999827 0.0013469079326985805 8.624418829452852e-05 4
23.1999576 0.0013338255760986684 8.540650874825217e-05 4
23.300003 0.0013232267466688334 8.472785253214624e-05 4
23.4000201 0.0013189836795085147 8.445616367039331e-05 4
23.5000422 0.0013220217300563533 8.465069382136742e-05 4
23.6000128 0.0013375370038800575 8.564415608007711e-05 4
23.7001032 0.0013720651990766454 8.785503931545794e-05 4
23.7998428 0.0014709816416865825 9.418878202702118e-05 4
23.9000053 0.001795597078444895 0.0001149743117365412 4
23.9997907 0.0023474906768882493 0.00015031274450330793 4
24.0999383 0.0029230559951777665 0.00018716690690096156 4
24.2001594 0.003243665672465522 0.00020769594285492907 4
24.2999148 0.003408411130505229 0.0002182447992087393 4
24.4000581 0.003495252651776168 0.00022380536970539416 4
24.5001473 0.003558113384341414 0.00022783042050810728 4
24.5999732 0.0036073545874943398 0.00023098339592199583 4
24.7001173 0.0035111654825140215 0.00022482428802723137 4
24.8001252 0.0038432182574020205 0.0002460860397371532 4
24.8999329 0.004375234827436937 0.00028015172168021783 4
23.0997647 0.000387589812606875 2.481785723285137e-05 5
23.1998696 0.000382543859271203 2.449475857180541e-05 5
23.3000917 0.00037926756825704263 2.428497358778887e-05 5
23.4000649 0.0003779265766425765 2.419910822870105e-05 5
23.4999971 0.0003754063274937703 2.4037733544610142e-05 5
23.5998308 0.00037416615463455456 2.3958323735675637e-05 5
23.7001491 0.0003729142880323523 2.3878165161849696e-05 5
23.7997965 0.00037241049315872755 2.3845906550189686e-05 5
23.9001454 0.00037097301886990404 2.3753863285595158e-05 5
23.999979 0.0003694834038011581 2.3658481382083842e-05 5
24.0999383 0.0003694927369078286 2.3659078992499165e-05 5
24.1998723 0.0003690542416020459 2.3631001593294586e-05 5
24.2999148 0.0003689640497383328 2.362522649620898e-05 5
24.4002527 0.00036897354777875517 2.3625834667537345e-05 5
24.4999512 0.0003691174165827385 2.3635046765795304e-05 5
24.5999732 0.00036887221143645283 2.3619345975642055e-05 5
24.6999677 0.000369183793834548 2.3639296983694064e-05 5
24.8001252 0.00036948448071257245 2.365855033805963e-05 5
24.8999836 0.0003699086153277333 2.3685708204402333e-05 5
24.9999855 0.00036998346584345154 2.369050097591613e-05 5
25.1001246 0.0003713243895635047 2.3776361987640347e-05 5
25.1997719 0.00037168226934096416 2.3799277474411717e-05 5
25.2998997 0.00037247831835267027 2.385024948162212e-05 5
25.4000883 0.0003725117693793855 2.3852391392421394e-05 5
25.5002234 0.0003743747969151993 2.397168336011713e-05 5
25.5998658 0.00037302821991597575 2.3885460361904152e-05 5
25.7000742 0.00037390664276419183 2.3941706868205428e-05 5
25.7998735 0.0003735901856094833 2.3921443723431188e-05 5
25.9000124 0.000374225247702035 2.3962107538202117e-05 5
26.0001031 0.00037529508322181084 2.4030610435669547e-05 5
26.0998571 0.0003751803436830165 2.402326352045109e-05 5
26.2000429 0.00037438699712417006 2.3972464554654758e-05 5
26.30004 0.00037574576369116725 2.405946806603629e-05 5
26.4001198 0.0003753413576016369 2.403357344169992e-05 5
26.499874 0.0003756812434623712 2.40553367556282e-05 5
26.6002114 0.00037547016584775516 2.404182119372693e-05 5
26.6997387 0.00037597138883830987 2.407391512451872e-05 5
26.8000723 0.00037685395388554083 2.413042686096908e-05 5
26.8999801 0.00037718058806710154 2.415134165341633e-05 5
27.0000995 0.00037694054593736376 2.4135971457627044e-05 5
27.1000068 0.0003778587524317907 2.4194765360221376e-05 5
27.1998703 0.0003790331091797639 2.4269960881784775e-05 5
27.3002289 0.0003801566683743606 2.43419037728959e-05 5
27.3997357 0.0003823020579973596 2.4479275735833516e-05 5
27.4999706 0.0003812503227223397 2.4411931819525092e-05 5
27.5998834 0.0003824965135405475 2.449172696585042e-05 5
27.7000859 0.0003836268320217096 2.4564102662477888e-05 5
27.8000082 0.0003858380588277098 2.4705690262037498e-05 5
27.9000179 0.0003866564252661668 2.475809128180936e-05 5
28.0001733 0.00038963150223864367 2.4948589156516307e-05 5
28.0998888 0.00039093227226609224 2.5031879077417127e-05 5
28.2001222 0.00039202827149368636 2.5102057269601284e-05 5
28.2997644 0.0003919368444973607 2.509620308544e-05 5
28.4000473 0.00039239267573448614 2.5125390525866166e-05 5
28.4999814 0.0003948489901822279 2.5282671391617082e-05 5
28.6000867 0.00039425037416943216 2.524434126461261e-05 5
28.6999553 0.0003959524394870885 2.5353326621504402e-05 5
28.7999817 0.00039616679579272077 2.5367052122064802e-05 5
28.9000935 0.00039711192548307794 2.5427569950343237e-05 5
29.0000103 0.0003965150476675317 2.5389351122268136e-05 5
29.0999284 0.0003963763784972678 2.538047196301712e-05 5
29.2000498 0.00039507643309371466 2.5297234843808817e-05 5
29.3001609 0.0003945142726215735 2.526123901036388e-05 5
29.3997602 0.00039183979728330226 2.508998903175487e-05 5
29.50011 0.00039053130698493807 2.500620477231585e-05 5
29.5997869 0.0003881371242224626 2.4852902275563348e-05 5
29.7001397 0.00038718311215770487 2.4791815697816814e-05 5
29.7997965 0.00038444750407720625 2.461665131377323e-05 5
29.8998321 0.0003833001532412929 2.4543185014310477e-05 5
23.0995903 0.001989070818427677 0.00012736267567444652 6
23.1999576 0.001943042509807959 0.00012441542588913695 6
23.2997368 0.0019181103160833958 0.00012281898654983576 6
23.4003333 0.0018658277946636687 0.00011947127174886817 6
23.5000422 0.0018306005321456979 0.00011721562636439589 6
23.5998763 0.0017884710673658206 0.00011451802439397484 6
23.7000115 0.0017562577744599578 0.00011245536722824428 6
23.800028 0.0017257574550480278 0.00011050239388348458 6
23.8998653 0.0016934229715394673 0.0001084319767328992 6
23.999979 0.0016683949708507068 0.0001068294027546523 6
24.0998908 0.0016532728482075388 0.00010586111445447332 6
24.2002073 0.0016399068496495467 0.00010500527296123158 6
24.299963 0.001629859493495161 0.00010436192826408891 6
24.4001067 0.0016198646423090186 0.00010372194552529369 6
24.499804 0.0016069950267230627 0.00010289788805044492 6
24.6002204 0.0016011758693233237 0.00010252528017256787 6
24.7000176 0.0016031212191641635 0.00010264984333972955 6
24.8000749 0.001600019591958461 0.00010245124229636639 6
24.8996796 0.0015990717176223401 0.00010239054872500983 6
25.0000876 0.001596426304667399 0.0001022211596469118 6
25.1003305 0.0015920485022145553 0.00010194084351698684 6
25.1998757 0.0016025688567664845 0.0001026144748891653 6
25.299952 0.0015946976147139334 0.00010211046948151138 6
25.3999829 0.0015870758067300786 0.00010162243564716659 6
25.4999577 0.001590693585156288 0.0001018540864944318 6
25.6001336 0.0015823106683173736 0.00010131731791451544 6
25.6999123 0.0015786667084374698 0.000101083990636243 6
25.7999279 0.0015605311126642481 9.992274590768498e-05 6
25.9000672 0.0015573456756957588 9.971877842108751e-05 6
25.9998821 0.0015523280678020868 9.939749475390845e-05 6
26.1002467 0.0015453552169290593 9.895101444961758e-05 6
26.1996503 0.0015380690447460846 9.848447179258844e-05 6
26.3002095 0.0015221221395551497 9.746337164118724e-05 6
26.4000059 0.0015218400960063105 9.74453120423514e-05 6
26.4999314 0.0015189881965184697 9.726270137501824e-05 6
26.6000958 0.0015246461785930643 9.762498899658622e-05 6
26.70003 0.001513858617110341 9.693424803265799e-05 6
26.7998375 0.0015092751116919539 9.664076048628919e-05 6
26.899921 0.0015133093577425344 9.689907827295159e-05 6
27.0001591 0.0015163680404595107 9.709492952734847e-05 6
27.1000668 0.0015222028705186839 9.746854094508042e-05 6
27.1998098 0.0015237560696382 9.756799421435774e-05 6
27.3000462 0.0015261901755058201 9.77238530371321e-05 6
27.3999198 0.0015302953944605923 9.798671530702481e-05 6
27.4999706 0.001536717128526756 9.839790691747883e-05 6
27.5999456 0.0015388501441265198 9.853448655633553e-05 6
27.6999605 0.001546495639054695 9.902403709515318e-05 6
27.8000713 0.001545044727618432 9.893113343331417e-05 6
27.9000815 0.0015467520601222026 9.904045605467666e-05 6
27.9999811 0.0015428977646204552 9.8793660725222e-05 6
28.1000824 0.0015461199141892656 9.899997896522883e-05 6
28.1999273 0.0015517032364226891 9.935748602441115e-05 6
28.2998953 0.0015528377899149226 9.9430132894059e-05 6
28.4000473 0.0015476795384734934 9.90998436457851e-05 6
28.4999151 0.0015499062295794965 9.924242144368636e-05 6
28.6001535 0.0015483017717772309 9.913968601727009e-05 6
28.699888 0.0015362704769932168 9.836930726487791e-05 6
28.8001172 0.0015228585529310492 9.751052510454716e-05 6
28.9000935 0.0015259097037110367 9.770589407966115e-05 6
28.9998041 0.001510634488389353 9.672780306507838e-05 6
29.1000668 0.0015019925611895314 9.617444972996531e-05 6
29.1999801 0.0015042176968081613 9.631692792807753e-05 6
29.3001609 0.001478023368533092 9.463967254546386e-05 6
29.3999014 0.001467275394002 9.39514663832304e-05 6
29.4999678 0.0014614562946277199 9.357886222079555e-05 6
29.5999301 0.0014451493526511483 9.253470846670958e-05 6
29.6999955 0.0014288773925395367 9.149279464489758e-05 6
29.8001593 0.001417511413421312 9.076501688115697e-05 6
29.8995399 0.0014084460265655807 9.018454889818061e-05 6