photon_energy_eV    total_yield    yield_error    energy_region
3.09999896 5.751887081002585e-05 1.712696403815899e-05 0
3.1999939 0.00016940130508415736 6.920048808374237e-05 0
3.30000319 0.0001588735722211931 5.205581165851097e-05 0
3.39999866 0.00011255214431971426 4.4631903974631966e-05 0
3.49999638 5.948374157624212e-05 1.8714007650279465e-05 0
3.60000274 -3.8355003497972136e-05 0.00011709587174350138 0
3.69999881 0.00045179313903698297 0.00013746509919783267 0
3.79999994 7.128617964294243e-05 4.43269272829794e-05 0
3.89999958 -7.299683927413961e-05 9.823370493929657e-05 0
3.99998991 -0.0001370952880748213 9.332907209857681e-05 0
4.10000784 5.959018634740723e-05 2.7462424955283828e-05 0
4.20000229 5.416203973825581e-05 1.6661964919666567e-05 0
4.2999985 -0.0010511667473648973 0.0009547072568881624 0
4.40000251 0.006204078564890105 0.004358799885801074 0
4.10000097 0.00020317792075774652 7.66543153258452e-05 1
4.19999652 8.49722609722354e-05 4.937232157183365e-05 1
4.29999246 -0.00014051442478703067 0.00010173942121770179 1
4.40000093 -5.4249042034193666e-05 5.4464676504717146e-05 1
4.50000991 4.866115476004128e-05 2.2047796307186986e-05 1
4.59999087 0.0005774714687609039 0.000214890744214159 1
4.69999323 -1.757725076603648e-05 5.405302624288931e-05 1
4.80000064 -6.0487938606508046e-05 0.00012823339012839249 1
4.90000508 3.430941058734541e-05 1.5677260874850943e-05 1
4.99999009 -3.492394778830032e-05 3.762098568010708e-05 1
5.10000338 -0.00016637881681026996 0.0001833714229272559 1
5.2000042 -1.935417831177593e-05 1.8342227364345143e-05 1
5.30001054 -2.4198919505675486e-05 2.563719411978934e-05 1
5.39998314 1.0990391498616029e-05 2.2557787344996107e-05 1
5.50000047 0.00011787884673430676 0.00019017526842703532 1
5.6000028 6.949280340597417e-05 0.0001000642284369799 1
5.70000311 3.991524724387513e-05 5.089010491317368e-05 1
5.80000087 0.000122134486324931 6.94361779499019e-05 1
5.89999802 4.319495565055591e-05 2.6339631667868625e-05 1
6.00000998 1.4536364100638932e-05 2.5124594863294225e-05 1
6.09999986 6.652312313633212e-05 2.7837888734951054e-05 1
6.19998788 4.4270438865534654e-05 2.4097957043560378e-05 1
6.30000841 3.747518202650461e-05 2.4871381288345165e-05 1
6.40000722 3.8009941789995946e-05 2.5088575096785553e-05 1
6.50000221 4.607891659622636e-05 2.538613559786117e-05 1
6.59999144 1.6003482157865553e-05 2.4979074217596975e-05 1
6.70000771 2.104714688996e-05 2.4224948014025003e-05 1
6.79999091 3.413348203424857e-05 2.2864626902108523e-05 1
6.89999487 4.3196768391735295e-05 2.160789694898906e-05 1
7.00001199 2.9979236997403987e-05 2.1122201983057777e-05 1
7.10001255 2.1885061606114593e-05 1.9937107929495367e-05 1
7.1999877 3.683982792391916e-05 1.8574006788752542e-05 1
7.29999144 4.1394543773655095e-05 1.7854392965055426e-05 1
7.40000122 3.6815376115733006e-05 1.8218516882696974e-05 1
7.50001671 2.0936115923896995e-05 2.0116195688329082e-05 1
7.5999966 3.028803475196413e-05 2.539823192292927e-05 1
7.69998836 8.531971882041095e-05 4.303100700031225e-05 1
7.8000305 0.00027706302606699966 0.0001165515033330268 1
7.89998742 0.0007533906067642333 0.0005280342615161888 1
7.10000843 3.5465912691922886e-05 1.7881302390160594e-05 2
7.19997923 5.558547855050749e-05 1.719507448005138e-05 2
7.29999144 1.9428193977470704e-05 1.6554773550222627e-05 2
7.40001016 1.9805991804541446e-05 1.5852899972162345e-05 2
7.50000292 2.419431363352651e-05 1.540529149944764e-05 2
7.60000132 4.569034029380396e-05 1.5150752345953564e-05 2
7.69998836 9.471351200468204e-06 1.4771302786876204e-05 2
7.80000067 3.73564135395789e-05 1.470600672053022e-05 2
7.90000782 3.093141106870404e-05 1.4761652034048134e-05 2
7.99997096 3.2365468462505894e-05 1.4789000560989366e-05 2
8.10001333 1.2674831870636087e-05 1.4899651770310194e-05 2
8.20000636 5.302805747870239e-05 1.5300941131370937e-05 2
8.30001584 1.3491629709657226e-05 1.518087432625639e-05 2
8.39996308 1.8821153250223392e-05 1.5296520624206954e-05 2
8.50005548 2.2429094342690915e-05 1.5193469281256843e-05 2
8.5999807 1.6431135852877442e-05 1.5231964021045415e-05 2
8.70002524 3.641978617048361e-05 1.5461559929854303e-05 2
8.79997531 2.792410493717474e-05 1.5385919052027037e-05 2
8.89999565 3.2875413430938545e-05 1.5689404290837616e-05 2
9.00001852 2.296608801061226e-05 1.5758722548411477e-05 2
9.0999801 4.097679329497324e-05 1.601511347455212e-05 2
9.20000805 5.8876772726279424e-05 1.639901467324221e-05 2
9.29997619 5.0494226616715005e-05 1.6447076032716232e-05 2
9.39999587 5.945652132349527e-05 1.6726026118567872e-05 2
9.50000698 6.905222121120973e-05 1.698862226690761e-05 2
9.59998474 9.001026540928461e-05 1.7605882119938294e-05 2
9.70003599 0.00018412765155416096 2.0392717021670052e-05 2
9.79996546 0.00011230603356895915 1.8706435437818246e-05 2
9.90003683 0.00014165747790389403 1.977621366816717e-05 2
10.0000072 0.000101560108982706 1.925069006051855e-05 2
10.0999579 0.00016078003127348653 2.1084149783113958e-05 2
10.1999966 0.00013555670179435104 2.0800634600855965e-05 2
10.3000253 0.0001644806256650243 2.1915197854321756e-05 2
10.3999846 0.00018167375769523065 2.270115686184463e-05 2
10.5000198 0.00022175713707581944 2.4263103336544177e-05 2
10.6000055 0.0002479293013188404 2.5462938089406534e-05 2
10.7000143 0.00027433822020106203 2.6781320050440607e-05 2
10.8000407 0.0002990140110574229 2.8126372344117857e-05 2
10.8999837 0.0003428736894761702 3.0378761450326382e-05 2
11.000004 0.00040316562760611354 3.3553484968443464e-05 2
11.0999837 0.0004197508586329098 3.493379187421832e-05 2
11.2000343 0.0005166586197077806 4.0075774416802805e-05 2
11.299964 0.000580526656345633 4.388080269101778e-05 2
11.4000466 0.0007345213881774973 5.2480715942303976e-05 2
11.4999725 0.0008308599984388766 5.851661013743701e-05 2
11.6000161 0.0011024186622185356 7.446320410459402e-05 2
11.6999921 0.0014075253312865236 9.383500440038195e-05 2
11.7999995 0.0020270872007879296 0.0001417488429811276 2
11.9000185 0.0027758315057084073 0.001065484075074797 2
11.0999233 0.004879573732107819 0.002370320152986963 3
11.1999318 0.0009104056128903074 0.002212477401959771 3
11.299964 0.003538606703883927 0.001629753266451591 3
11.4000572 0.005216190252285276 0.001604393815362872 3
11.4999941 0.004094461672046098 0.0010812008036565476 3
11.6000271 0.002509523873103427 0.0008045472678387558 3
11.700048 0.0027392783584305196 0.0006804274855754651 3
11.7999881 0.0018665937849573536 0.0006343920845043924 3
11.8999954 0.002946685331397186 0.0005955700993956805 3
12.0000177 0.00244869812431839 0.0005510926929014854 3
12.0999528 0.002604247505183322 0.0004847161358371386 3
12.2000095 0.0021733297551435006 0.00038942380407881147 3
12.3000285 0.0019099427224442249 0.00032060618565309606 3
12.3999921 0.0021068850820002817 0.0002941334984389561 3
12.4999722 0.0020968306557145665 0.00028664406456405084 3
12.6000467 0.0021969658057195483 0.0002959172667329936 3
12.6999702 0.00250269595770084 0.0003157535303104405 3
12.8000185 0.0029643361558810673 0.0003445199318812198 3
12.8999829 0.002882760128493495 0.00034822653543957943 3
12.9999879 0.0023183465542577835 0.0003307840813972745 3
13.0999709 0.0026942799440991287 0.0003244945261800359 3
13.2000086 0.0024958330010169017 0.00029372638234771893 3
13.3000102 0.002582548561281136 0.00027387915950407237 3
13.3999979 0.002397195756226267 0.0002474729690617625 3
13.4999365 0.002737498248451384 0.00024613475482317576 3
13.6000469 0.002735458098612284 0.00023841976153766154 3
13.7000119 0.002728742398426448 0.00023569986901527944 3
13.7999789 0.002696766592964594 0.00023433388024452786 3
13.8999787 0.0027282676691950183 0.00023823135653683837 3
13.9999968 0.003008696967685024 0.00025394730904758237 3
14.1000025 0.0032182981352443006 0.000263818701579975 3
14.2000136 0.00324766231632945 0.00026354208149446094 3
14.2999831 0.002976647498017864 0.00024637487482683694 3
14.3999636 0.0031766350546286533 0.0002484660051247547 3
14.4999775 0.0031724195478296463 0.00024105224018241623 3
14.6000666 0.003120938117757435 0.00023171755060203284 3
14.699993 0.002942878631984549 0.00021669072926774896 3
14.79999 0.0030486531698851985 0.00021782279398607071 3
14.9000323 0.003107168791555333 0.00021820371119429848 3
14.9999655 0.003003485498704609 0.00021142334167751253 3
15.100037 0.003063999828271782 0.00021384960470180084 3
15.1999801 0.0030120721806328574 0.0002109326815200353 3
15.3000115 0.0030394625354024244 0.00021237194850128277 3
15.3999535 0.0030681000488595334 0.000213572207450871 3
15.4999926 0.0029367985018336445 0.00020552793481055947 3
15.6000273 0.003018708441325468 0.00020821881960557065 3
15.6999919 0.002855377944332155 0.0001974502754218603 3
15.8000218 0.0028128271850055733 0.0001932089166843256 3
15.8999505 0.0028810784846720412 0.00019517254982976635 3
16.0000633 0.0027789264241632524 0.00018865327377933183 3
16.1000045 0.002708223262199784 0.00018487299608385167 3
16.1999367 0.0025450217455932405 0.00017724189144524452 3
16.3000316 0.002649131933750091 0.00018548613989036013 3
16.3999864 0.0025878416948022015 0.00018746715280597553 3
16.5000178 0.0025638185278458393 0.00020053350055130987 3
16.5999485 0.003145951011719473 0.00028939168757456934 3
16.7000029 0.00380641474094155 0.0006543210759468687 3
16.8000485 0.007244617011878976 0.0014857583154296867 3
16.8999229 0.007423708127608234 0.0021939818626198837 3
17.0001654 0.00952072014354987 0.002441675767098473 3
17.0999553 0.00669253180102107 0.0024173813180355694 3
17.1998116 0.00890767229578275 0.0026694967609596078 3
17.3000584 0.006941589746388485 0.002629573675734914 3
17.3999961 0.00841505729291392 0.002633193887085632 3
17.4999941 0.007274539132119479 0.003032094709867781 3
17.6000849 0.015139947246864398 0.004149254620972543 3
17.6999703 0.009183583722264124 0.004679061899030744 3
17.7999862 0.010964611417349324 0.004496780507639196 3
17.8998821 0.010749617461259712 0.004342416815516513 3
15.099888 0.00740331592891688 0.0008119711431509335 4
15.2000745 0.006717658383179778 0.0007023478684583861 4
15.3000689 0.005729343380763478 0.000593944600054171 4
15.3999729 0.0053375724324682666 0.0005316965500917258 4
15.4999729 0.004988426493558098 0.00047980399349583584 4
15.6000273 0.004409810595149001 0.00042129185174884194 4
15.6999717 0.004070746579475542 0.00038049873929644264 4
15.8000422 0.0038788912751479797 0.00035761177995512254 4
15.9000124 0.005729295188138364 0.0004287834701805061 4
16.0000424 0.003717141081286852 0.00032378437893295145 4
16.1000045 0.003618019448579441 0.00030840662743452583 4
16.1999796 0.0036979412230214964 0.000304439988642108 4
16.2999882 0.0036935200612089876 0.00029826169345757735 4
16.4000524 0.0036257090093744534 0.00029003754012675895 4
16.4999511 0.0032758563777310987 0.00026704088837470406 4
16.600016 0.0033315701695336396 0.00026380561752080694 4
16.7000257 0.00326856301212542 0.00025565630931950896 4
16.7999562 0.0030188775659747737 0.0002377400096343246 4
16.8999463 0.0031201538811042816 0.00023685946435361756 4
17.0000945 0.0029466965630280894 0.00022320943322285113 4
17.0999792 0.002783632825703132 0.00021060035456107066 4
17.1998358 0.00279806459956375 0.00020618382523897357 4
17.3001073 0.0026613244595249962 0.00019494611561237074 4
17.3999961 0.0027130495218210733 0.00019324252420432547 4
17.5000441 0.002554939047163409 0.00018067035637034235 4
17.5999836 0.002434347459660581 0.00017061450464447226 4
17.6999959 0.0023251545362892078 0.00016117950780213263 4
17.8000121 0.0023062186870509926 0.0001570160223370056 4
17.900013 0.002149707376745689 0.0001454363483407879 4
18.0000583 0.00201925457734451 0.0001355760216738778 4
18.0999432 0.0020376822874380524 0.0001342554778571577 4
18.2000226 0.001916249367700719 0.00012536455226305743 4
18.2999559 0.001915822977499777 0.00012360698513489964 4
18.4000522 0.0017951422696990194 0.00011521013763366642 4
18.5000188 0.0016940356339437963 0.00010847120626780443 4
18.5999468 0.0016379866819248438 0.00010488232223625178 4
18.7000744 0.001572969279305829 0.00010071917717060434 4
18.7999861 0.0015249374673257416 9.764364057602919e-05 4
18.8999787 0.0014169610409718245 9.07297758494477e-05 4
19.0000082 0.0013869725368959186 8.880957467651981e-05 4
19.0999693 0.0013225751265542199 8.468612848665142e-05 4
19.2000238 0.0012860452754970503 8.234707673971169e-05 4
19.3000059 0.0012113751508415018 7.756585588977093e-05 4
19.3998353 0.0011941891724971797 7.646541634496569e-05 4
19.5002056 0.0011476480090602311 7.34853278285512e-05 4
19.5999248 0.001107697534324111 7.09272492977532e-05 4
19.6999713 0.0010676759364290256 6.836461666272507e-05 4
19.8000514 0.0010329372177858291 6.614025334950896e-05 4
19.9000208 0.0009991549258479837 6.397713122647645e-05 4
19.9996974 0.0009884742101967275 6.32932317338796e-05 4
20.1002456 0.0009381212382656566 6.006906838389343e-05 4
20.1998425 0.0009157067936911564 5.863384365065765e-05 4
20.3001283 0.0008901428858114559 5.6996954869177544e-05 4
20.3999185 0.0008743644028119702 5.598663899993826e-05 4
20.5001795 0.0008352956568770778 5.34850186597201e-05 4
20.5999398 0.0008149843911532509 5.218446308122834e-05 4
20.6999755 0.0008013675850806745 5.1312562071230975e-05 4
20.8000329 0.0007734678274771939 4.95261059299375e-05 4
20.8999201 0.0007528838318588677 4.820808711746834e-05 4
21.0001587 0.0007362494897935358 4.714296952894558e-05 4
21.0997626 0.000717058110474356 4.5914121668261506e-05 4
21.2002058 0.0006992525782065901 4.477401131602025e-05 4
21.2999414 0.0006831818831278894 4.3744984744312054e-05 4
21.400096 0.0006654417141709933 4.26090596860715e-05 4
21.4998749 0.0006533852998966296 4.18370725015044e-05 4
21.600131 0.000641786946957586 4.109441555332149e-05 4
21.6999798 0.0006208384711878685 3.975305862393797e-05 4
21.8000958 0.0006117808707459242 3.917308921471e-05 4
21.8999249 0.0005961819667729789 3.817427201364447e-05 4
22.0000792 0.0005813002012308877 3.7221374077260895e-05 4
22.0999965 0.0005684993760277107 3.640172133608486e-05 4
22.2000602 0.0005525633131594371 3.538131543207389e-05 4
22.3000183 0.0005460623008181712 3.49650475351718e-05 4
22.4000196 0.0005360237641135636 3.432226755835548e-05 4
22.5000531 0.0005253501013881324 3.363881967336155e-05 4
22.5998989 0.0005161037828152933 3.304676640775384e-05 4
22.7000453 0.0005073363398994608 3.248537614540708e-05 4
22.8001061 0.000499204457567689 3.196468161686187e-05 4
22.899896 0.0004890593166149592 3.131507563759591e-05 4
23.0000445 0.00048363811193815123 3.096794916697437e-05 4
23.0999827 0.00047599585730004974 3.0478606107955765e-05 4
23.1999576 0.00046884603053040115 3.002079381713393e-05 4
23.300003 0.0004667218016311241 2.9884776801625764e-05 4
23.3996622 0.00046162117070212334 2.9558177066348926e-05 4
23.5004032 0.0004580181181032654 2.9327469132104e-05 4
23.5998308 0.000464595282401241 2.974861313340345e-05 4
23.700195 0.00048190505481723536 3.085697936641645e-05 4
23.7996577 0.0005627029116999431 3.603056652379942e-05 4
23.9000987 0.0007866259607742583 5.036863755227555e-05 4
24.0002143 0.0010654380905240851 6.916461490396485e-05 4
24.099701 0.0011950486732552597 7.821164128539951e-05 4
24.2001594 0.0011547645006125522 7.630673080403611e-05 4
24.3000113 0.0011670187622082886 7.69237088764789e-05 4
24.4000581 0.0011658516893167164 7.667361345832743e-05 4
24.5000002 0.0010699043528007944 7.121026785006227e-05 4
24.5999732 0.0010858692804703405 7.20282350869021e-05 4
24.7001672 0.0011203431497365268 7.432094653320625e-05 4
24.8002257 0.0011644594261202132 7.853828173877264e-05 4
24.8995783 0.0015357007903543216 0.00010533379706542934 4
23.0997647 0.00022497344016510478 1.4405328874998312e-05 5
23.1999576 0.000212909444201214 1.3632856225431501e-05 5
23.300003 0.00022441351930769176 1.4369476446866856e-05 5
23.4000649 0.00021641593764086764 1.3857381356749957e-05 5
23.5000874 0.00022443167274209476 1.4370638833825042e-05 5
23.6000128 0.00022289123143827915 1.4272002463336997e-05 5
23.6999656 0.00022254028882992866 1.424953117212223e-05 5
23.7998891 0.00019791056018361825 1.2672459047556388e-05 5
23.8998186 0.0002064389143832465 1.3218540162366905e-05 5
24.0001202 0.00020287032259275065 1.2990038796494625e-05 5
24.0998908 0.00019964861851304408 1.278374908170857e-05 5
24.200303 0.00021189923792045912 1.3568171462220417e-05 5
24.2998665 0.00020497042939219743 1.3124511243981979e-05 5
24.3999608 0.00018758827977046353 1.2011510608565892e-05 5
24.5000002 0.00018495988587641132 1.184321128208063e-05 5
24.5999732 0.00019500815377186423 1.248661435913656e-05 5
24.7001672 0.00019267280323646382 1.2337078962975317e-05 5
24.7999744 0.0001856469018249196 1.1887201766794593e-05 5
24.8999329 0.00018496322857385547 1.184342531915086e-05 5
24.9999855 0.00019561277512539918 1.2525329015569451e-05 5
25.1001761 0.00019765254046374286 1.2655937724335688e-05 5
25.1998238 0.00017602483018393542 1.1271088565407582e-05 5
25.2997428 0.00017059562392839192 1.0923449743758657e-05 5
25.4000356 0.00019024527097979326 1.2181641056676944e-05 5
25.5003297 0.00017422564566313707 1.1155884545280203e-05 5
25.5999729 0.00018145531046132848 1.1618808964258348e-05 5
25.6999662 0.00018662044635015407 1.1949539032252084e-05 5
25.7998191 0.0001736139055444525 1.1116714065470612e-05 5
25.900122 0.00017750254136498418 1.1365708248200571e-05 5
26.0000478 0.00015746346940415836 1.008258157452032e-05 5
26.100024 0.00017955575705966165 1.149717819999324e-05 5
26.1999868 0.00016101147423168901 1.0309764731577226e-05 5
26.2999834 0.00016129644271835783 1.0328011617816162e-05 5
26.4002337 0.00017708741117036352 1.1339126946091915e-05 5
26.4997592 0.00017501225092666787 1.1206251857562264e-05 5
26.6002114 0.00014914129550720393 9.549702440643124e-06 5
26.6999135 0.00016168705913624612 1.035302327234536e-05 5
26.8000136 0.00015031221999594322 9.624678190383626e-06 5
26.9000393 0.00017130225834566785 1.0968696423401294e-05 5
27.0000995 0.00017630515560471789 1.128903815036939e-05 5
27.1001268 0.00014951890187346305 9.573881045403151e-06 5
27.1999912 0.00015812383865702813 1.0124865838207382e-05 5
27.3001071 0.0001680785838718302 1.0762280541831058e-05 5
27.3998584 0.00016748790931883268 1.0724458916363728e-05 5
27.5000942 0.00015579652055366312 9.975844768648653e-06 5
27.5998211 0.0001613241657524433 1.0329786758131041e-05 5
27.7000232 0.00015316348407343528 9.807248171602735e-06 5
27.8000713 0.00016645807266296443 1.065851719584586e-05 5
27.9001451 0.00015031035737047015 9.624558924160507e-06 5
28.0001092 0.0001530758496413293 9.80163683004022e-06 5
28.0999534 0.00015420210724178247 9.873752503430768e-06 5
28.2001222 0.00014110833526607503 9.035342016460054e-06 5
28.2999607 0.00016109902475333536 1.031537070024876e-05 5
28.3998496 0.00015943462500624152 1.0208797116634824e-05 5
28.4999814 0.000149392341171734 9.565777206435673e-06 5
28.6000867 0.0001308449983978714 8.378167805882727e-06 5
28.6999553 0.0001390446943019939 8.903204521715382e-06 5
28.7999139 0.0001632237645265575 1.0451420427650322e-05 5
28.9000935 0.00015847303501555224 1.0147225314876274e-05 5
28.9999415 0.0001399305785808183 8.959928792688394e-06 5
29.0996516 0.00015729493534430303 1.0071790129285395e-05 5
29.2003284 0.00015408992766770727 9.86656950593371e-06 5
29.3000908 0.00015327822041751323 9.814594882259536e-06 5
29.4000427 0.0001700288268977418 1.0887157025712048e-05 5
29.4997545 0.00013447600507507344 8.610665674493455e-06 5
29.6000017 0.0001540598599270601 9.864644231144682e-06 5
29.6999235 0.000165582822578506 1.060247384554975e-05 5
29.8003044 0.00015980657882778894 1.0232613781934386e-05 5
29.8999052 0.00015657339882002894 1.0025589249217672e-05 5
23.0996339 0.0002573622325734749 1.647922349191047e-05 6
23.2000015 0.00018494573059439856 1.221661233219778e-05 6
23.2999143 2.9110924060747453e-05 4.9121450512058e-06 6
23.4001096 0.0001717305695394805 1.1343683289734221e-05 6
23.5000422 0.0003693957464394625 2.3652868572311212e-05 6
23.6000128 -1.3264571771553164e-05 8.493470100959965e-07 6
23.7001032 4.09958046817268e-05 4.738643279719651e-06 6
23.7998891 3.2541420492527624e-05 4.407336160131769e-06 6
23.8999587 0.0001869581561555825 1.2010856331539914e-05 6
23.999979 0.00016230002175231521 1.0580375478887476e-05 6
24.0999857 0.00019738561691032177 1.2638846277591166e-05 6
24.2002073 7.424063927497e-05 5.878638807663023e-06 6
24.299963 0.0001822596077533286 1.1709004885276744e-05 6
24.4000094 2.4033501057896446e-05 4.055386322960445e-06 6
24.499804 9.697169100404632e-05 7.021667548985002e-06 6
24.6002699 5.3926825283537586e-05 5.0604826331305e-06 6
24.7001173 0.0002103752390983964 1.3470587924266727e-05 6
24.8000749 0.00019046967455492157 1.2236448752150448e-05 6
24.8999836 7.841069387423757e-05 6.208838615163777e-06 6
24.9999344 5.610362058278696e-05 5.264752674057503e-06 6
25.1000217 4.107791794643272e-05 4.748134628236782e-06 6
25.1998238 0.0001497626716240207 9.972098054709438e-06 6
25.3000566 4.8995379757455064e-05 5.031943843646998e-06 6
25.3999829 9.54964909004246e-05 7.0845746837744825e-06 6
25.5000108 7.988258046898113e-05 6.325387849395058e-06 6
25.60008 8.70857160020822e-05 6.652938044079899e-06 6
25.6998043 0.0001397177530795156 9.389150245477471e-06 6
25.7999823 0.00013050993752183204 8.863978683517147e-06 6
25.900122 0.00016656221029257522 1.0858228523088431e-05 6
26.0001583 8.370410175976165e-05 6.3945986621932185e-06 6
26.0996901 0.00017103307412370448 1.1089010183517793e-05 6
26.2002112 -3.3996870453409565e-05 2.176861851970915e-06 6
26.3000965 0.00018357488746096804 1.179350312771288e-05 6
26.4000059 5.992937945140191e-05 5.242726119645783e-06 6
26.4999314 1.6714553936726468e-05 3.896808679963719e-06 6
26.6001536 0.0002181299868060524 1.3967134054287417e-05 6
26.6999135 -4.854194711237766e-06 3.108201180874489e-07 6
26.7998962 0.00011787422580297594 8.105183086040285e-06 6
26.899921 0.00010408858299407973 7.386048783770723e-06 6
27.0000995 0.00013403507471557172 9.007269491029409e-06 6
27.1000668 9.780741032715033e-06 3.907062304247364e-06 6
27.1999307 0.00011408668384706633 7.95885099129628e-06 6
27.3001071 9.976420872661264e-06 3.985229523254373e-06 6
27.3999198 -5.071427017965583e-05 3.247297725710722e-06 6
27.4999706 1.016124445758676e-05 4.059060049917221e-06 6
27.5999456 -3.613181603301271e-05 2.313565069834485e-06 6
27.7001486 3.3692105663826215e-05 4.5631823490083806e-06 6
27.799945 -2.872539341976057e-05 1.8393226283586298e-06 6
27.9000179 0.00015242699503275508 1.01495047074704e-05 6
28.0002373 0.0001450087664255486 9.744710782071969e-06 6
28.0998888 -2.1193596525294688e-05 1.35705231589487e-06 6
28.2000573 2.5873419089011594e-06 4.15878616021384e-06 6
28.2998953 2.579079282158026e-06 4.145505156405208e-06 6
28.3999814 8.141016006136977e-05 6.44634705396696e-06 6
28.4999151 8.876377331364629e-05 6.781133709692662e-06 6
28.6000867 -2.856076579882789e-05 1.8287813172611803e-06 6
28.7000226 0.000187077539587629 1.2070607642451475e-05 6
28.7994395 0.00012447867368788943 8.55931340099913e-06 6
28.9005712 9.969868916858954e-06 3.982612247175937e-06 6
28.9999415 0.00014307911664496268 9.527066827084636e-06 6
29.0998592 0.00010452305925977585 7.416878897905378e-06 6
29.2000498 -4.828616688787612e-06 3.091823255324871e-07 6
29.3001609 2.2903408862411107e-06 3.681399024652565e-06 6
29.3999014 8.485143115344092e-05 6.294852254398682e-06 6
29.4999678 0.0001504509838799457 9.807933994285895e-06 6
29.6000017 0.00012737696907859884 8.481523545148534e-06 6
29.7000676 7.292592980858581e-05 5.571197150309248e-06 6
29.8000867 2.0529414778705193e-06 3.2998130539008796e-06 6
29.8995399 0.00015555701114529347 9.993535188029208e-06 6