wavelength(nm)    spectral_current_density(A*m^-2*nm^-1)    error(A*m^-2*nm^-1)
1.05 1.2898060265324485e-10 1.8184548132249887e-10
1.15 4.140341560411016e-10 5.848979754831173e-10
1.25 5.720134439504122e-10 7.574853889222852e-10
1.35 6.327771966114566e-10 8.752701136762933e-10
1.45 1.498405645060632e-09 2.0453302423575746e-09
1.55 3.072227051406684e-09 4.157382665253233e-09
1.65 3.943578603084124e-09 5.187503391062263e-09
1.75 3.4268181715144236e-09 4.05019075589039e-09
1.85 2.269021296162329e-09 2.4800337509502044e-09
1.95 1.4845714989903667e-09 1.37464438405558e-09
2.05 4.214243744309257e-09 2.6260318603030015e-09
2.15 5.555914973827679e-09 3.3490081327683638e-09
2.25 6.683862111979774e-09 3.947357275102239e-09
2.35 1.3116815833391666e-09 1.0824923175871611e-09
2.45 1.1919581654946582e-09 9.63677174600035e-10
2.55 1.0649704345466497e-09 8.378591027298644e-10
2.65 5.639888720337129e-10 4.675057321269263e-10
2.75 1.25094371500164e-09 7.735469639298607e-10
2.85 1.983321048888754e-09 1.1327368066785229e-09
2.95 2.8695622138676615e-09 1.5760230536779794e-09
3.05 2.2905859212910226e-09 1.4977610597011785e-09
3.15 2.175397821316824e-09 1.684520410363114e-09
3.25 6.030842909537259e-09 3.53143284227585e-09
3.35 5.3256138860282025e-09 2.993652186228861e-09
3.45 4.160622038100952e-09 2.169545939166447e-09
3.55 1.6480061641655666e-09 1.0319103891337319e-09
3.65 1.8655590638196536e-09 1.3167769916312776e-09
3.75 2.295950094500548e-09 1.8008013844887595e-09
3.85 3.975956932825698e-09 2.714601182248964e-09
3.95 3.039982659300425e-08 1.0614450510854259e-08
4.05 3.414783823235255e-08 1.2169979334833711e-08
4.15 3.1753641296979415e-08 1.1216413903355017e-08
4.25 7.531541660438283e-09 4.297216584971695e-09
4.35 4.491906378982894e-09 2.621672961114957e-09
4.45 -5.338428215931203e-10 3.27490795229226e-10
4.55 -2.006565107146955e-09 1.2143003056720361e-09
4.65 6.358381589074509e-10 3.4214788825237485e-10
4.75 3.1642989420287516e-09 1.561563092387732e-09
4.85 1.3451985253904719e-09 6.10597111384734e-10
4.95 -3.8716318557761273e-10 1.914014333700261e-10
5.05 1.7199194294026372e-09 8.213314938328398e-10
5.15 1.9407567177269065e-09 9.384362437214193e-10
5.25 9.129609320400957e-10 4.974980842761373e-10
5.35 1.3735003403462058e-09 7.760785031292015e-10
5.45 2.293247535719363e-09 9.546788843532032e-10
5.55 2.7329867626539082e-09 1.0803621626915527e-09
5.65 2.989882864461446e-09 1.0428927451009603e-09
5.75 1.5451418694027886e-09 6.15895138265167e-10
5.85 1.189988203254151e-09 5.550923647705122e-10
5.95 9.84241687755929e-10 3.7702382650820853e-10
6.05 1.8593810868099541e-09 7.032011293643862e-10
6.15 2.3892241715204336e-09 8.940471783590477e-10
6.25 2.8745692462912473e-09 1.6089171154518035e-09
6.35 2.404839392102834e-09 1.3917527089064295e-09
6.45 2.0160423117571336e-09 1.1802770596876625e-09
6.55 1.642810250746244e-09 7.517045744823196e-10
6.65 1.9702041409428365e-09 9.315129010126266e-10
6.75 1.779132494429069e-09 7.977312475951031e-10
6.85 2.3324815179512237e-09 9.99948061827475e-10
6.95 2.4458481373788766e-09 9.500632388624944e-10
7.05 2.9691050412351284e-09 1.5561173212505028e-09
7.15 3.2638880642204534e-09 2.1758289837875892e-09
7.25 2.9993249225323542e-09 2.1499578914393515e-09
7.35 2.807817489303141e-09 1.6307127391979178e-09
7.45 2.505533124044445e-09 1.5567774235775952e-09
7.55 2.7277330782887893e-09 2.1880699034540443e-09
7.65 2.5572726553127666e-09 2.159837444108713e-09
7.75 2.024251476807363e-09 1.5199090667281423e-09
7.85 1.894857006943587e-09 1.308891196483151e-09
7.95 1.7976869392559627e-09 1.3728752865964082e-09
8.05 2.0045202872528164e-09 1.4179133617238545e-09
8.15 2.5356981964134016e-09 1.7011533142526207e-09
8.25 3.2246301304998886e-09 2.0708190516313187e-09
8.35 3.218521443528233e-09 2.10978378533841e-09
8.45 2.8056166860294007e-09 1.8635265678565714e-09
8.55 2.4307789596759843e-09 1.5931167690731086e-09
8.65 2.3365131794625426e-09 1.3578434570645155e-09
8.75 2.430833702291388e-09 1.3118877481398487e-09
8.85 2.4477593170378655e-09 1.454892740163894e-09
8.95 2.469570721688969e-09 1.6148725545365976e-09
9.05 2.571223939862749e-09 1.6205414493753936e-09
9.15 2.7315285980111728e-09 1.7254359895636568e-09
9.25 2.9392143409270525e-09 1.8677922485292775e-09
9.35 3.0715463217519958e-09 2.087446578417124e-09
9.45 3.3147291234130444e-09 1.7831439745659572e-09
9.55 3.4856922056845594e-09 1.5256096420979593e-09
9.65 3.771094984920085e-09 1.6329310158883028e-09
9.75 3.5611719311143915e-09 1.5729289124307612e-09
9.85 3.0840555528779446e-09 1.4595181991076981e-09
9.95 3.0597059079872873e-09 1.4140422247815407e-09
10.05 3.037097354722093e-09 1.5992093373770926e-09
10.15 3.511259480162016e-09 1.736077887867709e-09
10.25 4.118689574386692e-09 1.7933082361709374e-09
10.35 4.4118700566356305e-09 2.1041935516312658e-09
10.45 4.222910831523278e-09 1.9219642878380656e-09
10.55 2.9817296138325564e-09 1.2245625007825312e-09
10.65 2.51830549237231e-09 1.0102618680143863e-09
10.75 2.220388144251903e-09 1.1364352953752998e-09
10.85 2.117002294075429e-09 1.4217108489850423e-09
10.95 2.0438827751392487e-09 1.298865769901715e-09
11.05 2.491718996291099e-09 1.1440501582521104e-09
11.15 2.9320270950214875e-09 1.2719982263496258e-09
11.25 3.38124920280802e-09 1.2222841354879296e-09
11.35 3.1234036248862694e-09 1.1637925820444808e-09
11.45 3.263122502894056e-09 1.1958538882317622e-09
11.55 3.441616110342811e-09 1.245823520728908e-09
11.65 3.6277400510967366e-09 1.5460431913338289e-09
11.75 3.314848511152174e-09 1.4418404971028793e-09
11.85 2.506251514781322e-09 1.0491532778656796e-09
11.95 2.063525199823061e-09 9.791973134804874e-10
12.05 2.0777885337038658e-09 1.0918650158599588e-09
12.15 2.2651957558757078e-09 1.1634866080612509e-09
12.25 2.397149129992533e-09 1.1250014952737204e-09
12.35 2.273552850459502e-09 1.0954302519411802e-09
12.45 1.8224707743335663e-09 9.877348652448431e-10
12.55 1.3170789872913936e-09 7.28758052428145e-10
12.65 1.4682088257158997e-09 6.958108093381159e-10
12.75 1.692530565163216e-09 8.143241394652839e-10
12.85 2.2410604410418927e-09 9.87544206390166e-10
12.95 2.827352554010236e-09 1.1147042399551182e-09
13.05 3.818042321145718e-09 1.4615038120236157e-09
13.15 3.6690745708618166e-09 1.4188152255861238e-09
13.25 3.1518045958271497e-09 1.3273650200359247e-09
13.35 2.476167151390106e-09 1.3341245618756866e-09
13.45 2.3140602702582854e-09 1.1572296694689169e-09
13.55 2.2493035580103872e-09 9.786275212313337e-10
13.65 2.2124621028073983e-09 9.48431428029153e-10
13.75 2.4768386140807426e-09 1.0822268270707335e-09
13.85 2.476256294234284e-09 1.1093773948747874e-09
13.95 2.864432245440837e-09 1.273217646128157e-09
14.05 3.3164285879110484e-09 1.933523545802554e-09
14.15 3.2191743896303934e-09 1.8217861146784664e-09
14.25 2.916800536487826e-09 1.1863127459348627e-09
14.35 4.448207863525626e-09 1.6019144811426377e-09
14.45 6.210495621281981e-09 2.3392833998014833e-09
14.55 6.438106666491252e-09 2.4286508133718264e-09
14.65 6.074251841295974e-09 2.373796003183512e-09
14.75 1.084498983613698e-08 5.633489171555542e-09
14.85 1.2603796154567511e-08 6.764594655272829e-09
14.95 1.2418459294660574e-08 5.090905524315593e-09
15.05 7.945556444969285e-09 2.8437041645548443e-09
15.15 9.358154566246872e-09 6.056229032033604e-09
15.25 8.166478687397356e-09 6.720072590700035e-09
15.35 6.931260503459465e-09 5.4880820959795504e-09
15.45 5.230091897245043e-09 4.281885527701073e-09
15.55 4.002155574980903e-09 2.5490994931315183e-09
15.65 4.042736459813565e-09 2.860244130333134e-09
15.75 6.693033375407888e-09 5.677087131486607e-09
15.85 7.356142488502334e-09 5.458193080786737e-09
15.95 6.46255327218261e-09 3.29996890487271e-09
16.05 5.4160349123593934e-09 3.5846785042462064e-09
16.15 5.026737192756592e-09 3.755071660398758e-09
16.25 3.8718237444080505e-09 3.108798586146821e-09
16.35 5.218391393614496e-09 5.130351245762116e-09
16.45 6.261023292522607e-09 6.027860263903121e-09
16.55 5.970608274765746e-09 4.235923412356794e-09
16.65 1.3939397885856142e-08 4.954644580938383e-09
16.75 2.770400403651487e-08 9.846983164237217e-09
16.85 3.615065059035847e-08 1.2854460838461836e-08
16.95 1.1497901889923651e-07 4.087853094276551e-08
17.05 1.879748770435434e-07 6.68867888169574e-08
17.15 1.8774915326918884e-07 6.68793620275796e-08
17.25 1.070868537694029e-07 3.819192975668053e-08
17.35 1.3144568411658738e-07 4.694807935385611e-08
17.45 1.4664056509071371e-07 5.2435058461508215e-08
17.55 1.6426112254406844e-07 5.882884902912819e-08
17.65 1.113049341074828e-07 3.993221418932474e-08
17.75 9.714282364220894e-08 3.490045195731283e-08
17.85 8.290216183345124e-08 2.983399740320485e-08
17.95 1.0241195716138658e-07 4.28157670136356e-08
18.05 1.1364550983681437e-07 5.648418501967955e-08
18.15 1.0770929056251258e-07 4.3863221932606656e-08
18.25 3.3285319114480323e-08 1.5345421721388746e-08
18.35 5.620822218766447e-08 2.037834707730651e-08
18.45 5.804204346172713e-08 2.2163860384411193e-08
18.55 6.632310759320863e-08 2.4109810355042444e-08
18.65 5.43508264677902e-08 2.794261957743469e-08
18.75 1.0934797307651776e-07 5.663344757134421e-08
18.85 1.051714557381983e-07 4.9960356465299265e-08
18.95 9.153567956516939e-08 3.334718242519388e-08
19.05 3.949510102768803e-08 1.7698951176401695e-08
19.15 5.645018372329785e-08 2.7864406250628507e-08
19.25 8.913489871214885e-08 5.525648196846703e-08
19.35 1.0424616197561867e-07 6.358579798486988e-08
19.45 1.2324837072462865e-07 8.736781609564868e-08
19.55 8.945466859023495e-08 6.717139727011254e-08
19.65 5.689926840451804e-08 2.884557002640684e-08
19.75 2.895240639210331e-08 1.7152226950941963e-08
19.85 2.342511735478801e-08 1.1529358571075701e-08
19.95 2.4457871620854e-08 1.5127734514247168e-08
20.05 3.974156481943619e-08 3.127123399721714e-08
20.15 7.717319777150856e-08 7.381244281494407e-08
20.25 8.007302648854026e-08 7.429054201091283e-08
20.35 6.099869671668803e-08 5.557872608874286e-08
20.45 4.2314686829009963e-08 4.666197046006482e-08
20.55 2.3482317326230895e-08 1.6407322784574084e-08
20.65 2.483543710734097e-08 1.2155572822800505e-08
20.75 2.83721500896559e-08 1.4697916094351208e-08
20.85 3.3162084203037453e-08 1.9979050673265828e-08
20.95 3.487952234803174e-08 2.875220466289734e-08
21.05 6.325881518553962e-08 7.529283288987939e-08
21.15 5.974905814290784e-08 7.521283979125748e-08
21.25 3.770316230949173e-08 3.954155704251426e-08
21.35 2.183758685527592e-08 1.5061484295353156e-08
21.45 2.3848332450197184e-08 1.6883572432653918e-08
21.55 3.068078977096247e-08 1.3928319680254084e-08
21.65 4.034897703174313e-08 1.8884081389644263e-08
21.75 4.662329212042927e-08 2.464783508079373e-08
21.85 4.907953039191334e-08 3.457105367239136e-08
21.95 5.697747544787532e-08 4.95214792249901e-08
22.05 5.390512055509175e-08 4.19419478791695e-08
22.15 4.683089256016897e-08 3.088665283418594e-08
22.25 4.3984070790964205e-08 2.7823778069453244e-08
22.35 5.7238205738951836e-08 2.7183280881727492e-08
22.45 7.63571246765529e-08 3.441289067683801e-08
22.55 9.343170144517115e-08 3.639633625514289e-08
22.65 9.275133203961578e-08 3.813139092477936e-08
22.75 8.344183329747779e-08 3.860790518090921e-08
22.85 5.76309357725399e-08 2.661483139374187e-08
22.95 4.3054687703408724e-08 1.6193901145167793e-08
23.05 3.666614772989387e-08 1.359296028820409e-08
23.15 3.6175850853515334e-08 1.4132766016515946e-08
23.25 4.059268342402298e-08 1.7187450342858385e-08
23.35 5.584516061948349e-08 2.7118422129319922e-08
23.45 5.4612485583805487e-08 2.6605438608392343e-08
23.55 4.236692353128169e-08 1.7202063547430053e-08
23.65 3.6186400680008286e-08 1.5162605543130745e-08
23.75 4.2003522072002575e-08 1.681309289366155e-08
23.85 4.1274900297868386e-08 2.202577485703822e-08
23.95 4.1874795029215775e-08 2.7667239561919608e-08
24.05 6.59278968390239e-08 2.9457849796988338e-08
24.15 8.690915711449678e-08 3.265297156162444e-08
24.25 9.300553459279542e-08 3.717071220919515e-08
24.35 7.626026298404249e-08 4.314587098882622e-08
24.45 5.724892380162015e-08 3.369083979379259e-08
24.55 4.684545183809177e-08 2.7558627560019313e-08
24.65 3.9052335995545956e-08 2.735977645122996e-08
24.75 2.8803048870010074e-08 1.7036848880818074e-08
24.85 2.905430629404267e-08 2.132768455628969e-08
24.95 2.4077535226430508e-08 2.159969377624777e-08
25.05 2.3165751682793243e-08 2.2388140540467904e-08
25.15 3.920587506676882e-08 5.067999612835862e-08
25.25 3.897025254690774e-08 4.382408620480262e-08
25.35 2.6180332021130273e-08 1.588327468791405e-08
25.45 3.674401590224633e-08 1.5399855619145746e-08
25.55 1.4294272061679693e-07 5.636632413626084e-08
25.65 2.238183940034382e-07 1.0867680115346161e-07
25.75 2.3324390384286185e-07 1.1212011710705455e-07
25.85 1.2125148926065687e-07 5.708416750248399e-08
25.95 5.320076272125305e-08 2.6993670765834897e-08
26.05 3.6099693419146575e-08 2.3164106228126198e-08
26.15 2.614864113454604e-08 1.9825928984844707e-08
26.25 2.637486769390186e-08 2.5622015333213326e-08
26.35 3.782347749142919e-08 3.824279239536905e-08
26.45 5.0496193418511815e-08 5.8576146364547325e-08
26.55 4.614276452733033e-08 5.071535960706545e-08
26.65 1.169263921501945e-08 7.765239530537223e-09
26.75 8.758508543009175e-09 5.513165920107623e-09
26.85 5.909794804996977e-09 4.643420135634084e-09
26.95 1.6717127734454894e-08 2.037325822367117e-08
27.05 2.9127345640315742e-08 3.2345576666052924e-08
27.15 3.7143886196972617e-08 3.298391748996886e-08
27.25 2.7012246320906786e-08 1.6498122640731527e-08
27.35 4.9608400699594487e-08 6.001533723898277e-08
27.45 5.4117795444011004e-08 6.606171081119151e-08
27.55 4.3906233736114864e-08 2.6301028368859728e-08
27.65 5.071081102579635e-08 2.1675374086166905e-08
27.75 5.143894455925158e-08 2.3660680007057568e-08
27.85 3.599013470723136e-08 1.4562609031276758e-08
27.95 2.1259151369982592e-08 9.148114063873537e-09
28.05 1.3815958280754413e-08 9.43168169845963e-09
28.15 1.2589099896992656e-08 1.0207440869629746e-08
28.25 1.8901814928690778e-08 1.4135219516826458e-08
28.35 1.7999196351634574e-07 2.9095582280750964e-07
28.45 2.0080443214411906e-07 3.2349645235264766e-07
28.55 6.0984476878338e-08 8.398400324596127e-08
28.65 1.2413950685459664e-08 1.3235368282177953e-08
28.75 1.2975396671423363e-08 1.575697093742565e-08
28.85 1.6595570646164825e-08 2.2291312733553982e-08
28.95 2.1888432073869584e-08 1.9196396128672212e-08
29.05 2.3317899931232504e-08 1.8295972413280095e-08
29.15 4.021194480145946e-08 2.627873523538461e-08
29.25 3.545160182662704e-08 2.2819864483097444e-08
29.35 2.822531070797406e-08 1.3426822970839149e-08
29.45 1.8817341876287568e-08 7.9212359392127e-09
29.55 3.594103837997915e-08 1.6674843587308854e-08
29.65 3.536230531525983e-08 1.644859207222161e-08
29.75 2.4337023017820586e-08 9.175810588087385e-09
29.85 6.830406184633799e-09 7.50445872742426e-09
29.95 8.403534265846082e-09 8.94659035149822e-09
30.05 8.578986406337247e-09 8.496949420818813e-09
30.15 1.3567662363867375e-08 8.123706712864819e-09
30.25 2.2591148290646777e-06 7.905782823163765e-07
30.35 2.749028703632308e-06 9.57280642322707e-07
30.45 2.7748239731508482e-06 9.615651588990237e-07
30.55 5.078695375387935e-07 1.7519783554848207e-07
30.65 2.9688034246356557e-08 1.0378452391786696e-08
30.75 2.2623023079812468e-08 1.0823589307371944e-08
30.85 1.946182347567473e-08 1.2343622193106664e-08
30.95 1.5550176392695595e-08 9.873636937936137e-09
31.05 1.798375659832546e-08 8.331683062647316e-09
31.15 3.219254006144376e-08 2.2324916400112708e-08
31.25 5.220139737386352e-08 2.8645207367984232e-08
31.35 7.653317800423712e-08 2.5829302060720347e-08
31.45 1.0541891323448775e-07 3.552950470879456e-08
31.55 1.1878105117552166e-07 3.999155945101391e-08
31.65 8.61704211810088e-08 2.8996399271516195e-08
31.75 5.15297650439607e-08 1.7341531825459372e-08
31.85 5.690933533043526e-08 1.914195626047322e-08
31.95 7.042272382231812e-08 2.3669313010380093e-08
32.05 7.293937940973186e-08 2.8338877458426414e-08
32.15 3.87773686644948e-08 2.3374351373904805e-08
32.25 1.3806416697646938e-08 1.0882709892787659e-08
32.35 1.08361180085525e-08 7.876586694916691e-09
32.45 1.0798388532656035e-08 8.95486333381654e-09
32.55 1.2243705963258335e-08 1.0655161003532637e-08
32.65 1.4272678577159285e-08 1.4503913503125488e-08
32.75 1.9138648078225938e-08 1.9525123550219643e-08
32.85 1.5897687996641036e-08 1.569020780514767e-08
32.95 1.3361921010982115e-08 1.0892410321681545e-08
33.05 9.228721377042795e-09 8.621342005020425e-09
33.15 1.721172194731684e-08 1.0980413171110612e-08
33.25 2.4418713753938345e-08 1.9939514237162455e-08
33.35 5.4177389454097597e-08 6.724988982959058e-08
33.45 1.549068949764485e-07 2.3968480661684005e-07
33.55 1.886555616582185e-07 2.881927600076874e-07
33.65 9.915813626187683e-08 1.4685934260118958e-07
33.75 2.1945534301557507e-08 1.7724594568449536e-08
33.85 2.8324182219311327e-08 1.8790739280245442e-08
33.95 2.7557765191046457e-08 1.570486175463308e-08
34.05 3.742123904370736e-08 1.6610549455428662e-08
34.15 6.164599441399494e-08 3.34844396430317e-08
34.25 5.9331302701190405e-08 3.236960581778367e-08
34.35 4.3982594310388084e-08 1.8058163445148846e-08
34.45 6.329108285902124e-08 2.1677126883239308e-08
34.55 7.34923039700955e-08 2.6845228161649627e-08
34.65 1.059299569164337e-07 4.2964869974543046e-08
34.75 8.963156878724079e-08 6.15921504503376e-08
34.85 1.1497684001244674e-07 6.703338869076389e-08
34.95 8.663462014854145e-08 4.912220263888744e-08
35.05 6.857035945853638e-08 2.964230191619944e-08
35.15 6.855820042977459e-08 3.4170495801316875e-08
35.25 6.508192439524406e-08 4.23864088450783e-08
35.35 7.368291451905716e-08 4.902601401596606e-08
35.45 4.664619128766644e-08 4.073120718551637e-08
35.55 5.2241372526988785e-08 3.8380435507673975e-08
35.65 4.24587501114804e-08 3.3239289630903e-08
35.75 3.832437622135398e-08 2.231492736532613e-08
35.85 3.784207395466603e-08 3.111675277937955e-08
35.95 7.611736565747973e-08 8.911395130339517e-08
36.05 1.4916227320472408e-07 2.1961710357999827e-07
36.15 1.1590770999814217e-07 1.825465500687388e-07
36.25 2.48257380292152e-08 2.9251381855597374e-08
36.35 5.049184111120684e-08 4.777483061234954e-08
36.45 7.673032453982287e-08 6.720102622461679e-08
36.55 6.945852702998735e-08 5.4844952285106086e-08
36.65 1.0963855405575495e-07 3.71827839774478e-08
36.75 2.5593212501353545e-07 8.660866307450903e-08
36.85 2.667610615658876e-07 9.028456070361916e-08
36.95 1.836616042726013e-07 6.212668098258797e-08
37.05 1.7336873750029593e-08 5.867920539458453e-09
37.15 7.1670507737688374e-09 2.447828823146863e-09
37.25 1.0737741116128417e-08 3.642610009424257e-09
37.35 1.7788826337877928e-08 6.013403648172434e-09
37.45 1.7923647748524328e-08 6.05769463227012e-09
37.55 2.272900727736355e-08 7.681392173071746e-09
37.65 1.67251345558881e-08 5.6531920276024945e-09
37.75 1.6921174248904095e-08 5.719553565034242e-09
37.85 1.0848257984833395e-08 3.668453194188393e-09
37.95 9.816712892953864e-09 3.3209457435434153e-09
38.05 1.0108416054664587e-08 3.4195610153696933e-09
38.15 7.306668598738619e-09 2.4725947495265267e-09
38.25 8.501921079983383e-09 2.8809847815943727e-09
38.35 1.0164586209300394e-08 3.441878396596459e-09
38.45 1.1274344924049765e-08 3.9546708714469725e-09
38.55 1.0267301837604645e-08 3.63695649016426e-09
38.65 8.94077798700537e-09 3.031457617266977e-09
38.75 8.384092189976737e-09 2.8524873975173546e-09
38.85 8.430530119818884e-09 3.08618217177241e-09
38.95 1.0977377154233555e-08 7.4098012623504346e-09
39.05 9.945392377288698e-09 6.375640778780578e-09
39.15 9.025609176636794e-09 3.067819549169893e-09
39.25 8.64758175862356e-09 2.941281300278877e-09
39.35 8.817765597948893e-09 3.3401931664384904e-09
39.45 7.973801683848834e-09 2.7149717031847937e-09
39.55 7.389413136621794e-09 2.5175105516636456e-09
39.65 7.021176922171913e-09 2.3929543008305173e-09
39.75 6.193045100322879e-09 2.1122947758562653e-09
39.85 9.498157442976439e-09 3.239896756083789e-09
39.95 1.2841677626060287e-08 4.381581572641102e-09
40.5 1.9448101443226575e-08 4.129388266875522e-09
41.5 1.4012563442175606e-08 7.384990835021857e-09
42.5 1.2690438456397858e-08 2.8619625165086145e-09
43.5 2.720912360970966e-08 4.839759107057108e-09
44.5 1.5808113938955042e-08 4.361747718688474e-09
45.5 1.757535383244716e-08 3.2437178302006377e-09
46.5 4.746336486891115e-08 7.176552987570716e-09
47.5 2.149191283922111e-08 4.209297536160745e-09
48.5 3.355733457732609e-08 7.319497786224965e-09
49.5 4.5225715933003876e-08 1.6805751177177927e-08
50.5 5.093313263778459e-08 1.4648830218380815e-08
51.5 2.079280162977229e-08 6.907576063154238e-09
52.5 2.3860453096212982e-08 9.396784735628918e-09
53.5 2.583195799453222e-08 4.651248903505311e-09
54.5 1.7083833921376902e-08 3.5377528833857505e-09
55.5 1.0172689451674903e-07 1.4815351548245338e-08
56.5 2.48408069214132e-08 4.379149484769204e-09
57.5 2.179618321971454e-08 4.738912133948828e-09
58.5 1.8760481193618877e-07 3.575907519433584e-08
59.5 3.337911910011447e-08 5.959166936409149e-09
60.5 7.882450931100993e-08 2.0200294783346876e-08
61.5 6.538672498972145e-08 1.7579678882268964e-08
62.5 1.8417509179326166e-07 2.982759801787441e-08
63.5 1.6380630964608421e-07 2.322116668925992e-08
64.5 2.3831231034591175e-08 4.4539596065841675e-09
65.5 2.3457487050361832e-08 4.225620949951451e-09
66.5 2.740398819599993e-08 5.066372988554485e-09
67.5 2.331434045667932e-08 4.711465797987584e-09
68.5 5.412442240863512e-08 8.210782192288698e-09
69.5 4.1001262459857365e-08 8.254187264875417e-09
70.5 1.001430268793005e-07 1.4389569421631784e-08
71.5 4.060844557418946e-08 6.9729535196110816e-09
72.5 3.9771317517928094e-08 9.642954495124989e-09
73.5 2.950677802633201e-08 5.499260841205152e-09
74.5 4.531446742461713e-08 7.426206397421401e-09
75.5 6.562968835255903e-08 1.0178304396162735e-08
76.5 1.7966378598291313e-07 2.4020818914576554e-08
77.5 1.6020694289343622e-07 2.3536387002924107e-08
78.5 2.437707352031947e-07 3.3241158262499994e-08
79.5 1.7060957680001287e-07 2.524514341999981e-08
80.5 1.3334253298039053e-07 2.2511779492575886e-08
81.5 1.419545582498453e-07 2.4172355687597345e-08
82.5 1.693538690291157e-07 2.9613612720867355e-08
83.5 4.131892048110188e-07 6.062201257969598e-08
84.5 2.3353448559248752e-07 4.105536403544058e-08
85.5 2.7837378519023094e-07 4.9630092799673725e-08
86.5 3.190077247415463e-07 5.619721984798313e-08
87.5 3.837064162034955e-07 6.793347977044966e-08
88.5 4.4858586393186806e-07 8.059543174149583e-08
89.5 5.164305794005619e-07 9.27175548329302e-08
90.5 6.197184336215491e-07 1.1007915899717897e-07
91.5 5.184113061118503e-07 9.304826037582742e-08
92.5 1.7021298209061914e-07 2.9675423258497073e-08
93.5 1.6862425769473245e-07 2.9188274991796368e-08
94.5 1.1767670798710819e-07 2.0652619023022584e-08
95.5 9.018435980523394e-08 1.6228989730802295e-08
96.5 6.288096431482079e-08 1.1303299346011344e-08
97.5 1.1663086085279921e-06 3.1198538652978525e-07
98.5 1.289175134959863e-07 2.086943689680431e-08
99.5 1.823072169354825e-07 3.162114783199758e-08
100.5 7.606153382660303e-08 1.7439580173246783e-08
101.5 9.390477455427554e-08 1.6322607148355035e-08
102.5 7.405697491532377e-07 1.350728683870034e-07
103.5 6.005523703141095e-07 1.0482202817319811e-07
104.5 9.11863250337464e-08 2.0946823895318162e-08
105.5 7.957931594125596e-08 1.6694643218377525e-08
106.5 8.115729636636458e-08 1.724049152121593e-08
107.5 8.991330685648117e-08 1.8593941162654644e-08
108.5 1.2551440272717903e-07 2.874117058253485e-08
109.5 8.942180641017281e-08 1.866107694452942e-08
110.5 9.810369367823054e-08 2.0018217905676172e-08
111.5 8.706041341332723e-08 1.774012990153587e-08
112.5 8.652447535165445e-08 1.724250482756464e-08
113.5 5.3836346365311563e-08 1.1299536708244196e-08
114.5 6.310207908856951e-08 1.207844626227836e-08
115.5 7.117909423166257e-08 1.3047522435241251e-08
116.5 8.004519068919315e-08 1.4119943565929637e-08
117.5 2.6027457512688677e-07 5.10705757235152e-08
118.5 9.702933067307311e-08 1.663239988254991e-08
119.5 1.5071732774220082e-07 3.222996141595583e-08
120.5 4.1564459181717833e-07 9.74875935849091e-08
121.5 1.6494697581752394e-05 3.394279150390289e-06
122.5 1.50746918944971e-07 2.893344805128917e-08
123.5 8.94490717362018e-08 1.737053437857104e-08
124.5 6.02433450344281e-08 1.182270525508637e-08
125.5 5.143616626726927e-08 9.489277926835584e-09
126.5 6.274323077862284e-08 1.3195593792205465e-08
127.5 3.123976791246025e-08 5.693540315104933e-09
128.5 2.2583185911102957e-08 4.082609666237273e-09
129.5 2.8559425950754263e-08 5.373078207952323e-09
130.5 1.78051419989873e-07 3.249831849743573e-08
131.5 2.6522333525381716e-08 4.970847406777338e-09
132.5 1.939177064361671e-08 3.6026405378559505e-09
133.5 1.6948938721048866e-07 3.410934346756084e-08
134.5 1.4928483123666587e-08 2.823496707858187e-09
135.5 3.163129012376442e-08 5.5064578888338056e-09
136.5 1.7803859591575424e-08 3.184949612084945e-09
137.5 1.7476741399491246e-08 3.1644802790096963e-09
138.5 1.5905191756019023e-08 2.815007068774786e-09
139.5 3.748348700076252e-08 7.4287527722222324e-09
140.5 2.9366812264665798e-08 5.510070830940629e-09
141.5 1.583320745570489e-08 2.7951495329356694e-09
142.5 1.5546813370206953e-08 2.790119875080349e-09
143.5 1.5623442245576582e-08 2.718081947132134e-09
144.5 1.3839618094363174e-08 2.428477202305955e-09
145.5 1.2907578342097696e-08 2.3308193638375246e-09
146.5 1.3964182240748421e-08 2.419478426574784e-09
147.5 1.5523907511601214e-08 2.6945845895091e-09
148.5 1.3959078127418195e-08 2.4126589190351087e-09
149.5 1.0998274487955681e-08 1.9067250046911403e-09
150.5 1.0818824043850842e-08 1.8575225654205698e-09
151.5 1.0280430430497863e-08 1.7723237850068473e-09
152.5 1.098262392463732e-08 1.9024209929226427e-09
153.5 1.0689445001286779e-08 1.840617183674695e-09
154.5 1.614750309062866e-08 2.8581457062995933e-09
155.5 1.2574335580899437e-08 2.1932510469250396e-09
156.5 1.1026560700247232e-08 1.8914491138064574e-09
157.5 8.500078257116262e-09 1.4613624756499834e-09
158.5 7.209519184621403e-09 1.2345255961674132e-09
159.5 8.30188350499308e-09 1.4305908013104133e-09
160.5 6.341471820689598e-09 1.0822983026086236e-09
161.5 7.053966374938218e-09 1.2195608302381127e-09
162.5 7.435379478853345e-09 1.298778158138189e-09
163.5 7.3485498750208485e-09 1.30304870324792e-09
164.5 8.200573462142056e-09 1.4734397482903611e-09
165.5 1.2232686485785525e-08 2.234606820147398e-09
166.5 7.929743340370737e-09 1.483527497379839e-09
167.5 8.750179531141092e-09 1.6742932062077196e-09
168.5 8.902539801408936e-09 1.7413636228966476e-09
169.5 1.1175262813203957e-08 2.2530485858182595e-09
170.5 1.2154000377124169e-08 2.5291112262316427e-09
171.5 1.1694305467437875e-08 2.519961809825781e-09
172.5 1.2471691982796048e-08 2.780898884866202e-09
173.5 1.1892146545148367e-08 2.7428048582243536e-09
174.5 1.4152993449461985e-08 3.38254759634128e-09
175.5 1.6780425951401622e-08 4.159892485721905e-09
176.5 1.7585363887355545e-08 4.512405773194887e-09
177.5 2.098886706325839e-08 5.581635474546052e-09
178.5 2.2931196701169518e-08 6.297181646245277e-09
179.5 2.2962523243169228e-08 6.514195063393511e-09
180.5 2.8874292702886182e-08 8.45618260523319e-09
181.5 3.3235831374235617e-08 1.0048654079595818e-08
182.5 3.1528448651398466e-08 9.792675761810649e-09
183.5 3.309440442796783e-08 1.056702421361048e-08
184.5 2.8313518440068334e-08 9.29414923262491e-09
185.5 3.1389922049860826e-08 1.0602010582928135e-08
186.5 3.5094830429097894e-08 1.220533428685504e-08
187.5 3.799410611351433e-08 1.362314005122985e-08
188.5 3.5443881471060434e-08 1.3143484816022864e-08
189.5 2.523523695973028e-08 9.74107652649815e-09
190.5 nan nan
191.5 nan nan
192.5 nan nan
193.5 nan nan
194.5 nan nan
190.5 4.978587483093038e-08 1.620670275649837e-08
191.5 4.941365373641086e-08 1.7555787805924298e-08
192.5 4.935145013828823e-08 1.8978602506096594e-08
193.5 3.583521836657638e-08 1.4789692686279894e-08
194.5 5.493407063853138e-08 2.4138437528973347e-08
195.5 5.024468728053506e-08 2.3314221709977422e-08
196.5 5.3590388242051394e-08 2.6046739331024027e-08
197.5 5.164160273590414e-08 2.608036286533863e-08
198.5 4.957946636713138e-08 2.581073605426698e-08
199.5 5.146837028565074e-08 2.7410047008979013e-08
200.5 5.367303689764672e-08 2.9022395635399512e-08
201.5 5.7862023288635685e-08 3.154642440813328e-08
202.5 5.562095142061928e-08 3.0384301909998474e-08
203.5 6.277858053309586e-08 3.4181806566640404e-08
204.5 6.807993031975209e-08 3.6798162367718875e-08
205.5 6.888366399421672e-08 3.686318948713363e-08
206.5 7.050406670618308e-08 3.732283188257622e-08
207.5 8.06455381413016e-08 4.227414637731876e-08
208.5 9.207189946853442e-08 4.7924693455483344e-08
209.5 1.327797968944253e-07 6.89732421478224e-08
210.5 1.7289940489396948e-07 9.028572856581963e-08
211.5 2.0859306998309156e-07 1.1047635194442141e-07
212.5 1.9772466188094338e-07 1.0735641066033605e-07
213.5 1.7770909334825594e-07 1.0010797800985314e-07
214.5 2.5137464388572193e-07 1.4882977669848152e-07
215.5 2.0314208694224078e-07 1.2813908835863363e-07
216.5 1.931511199898899e-07 1.3162098355662238e-07
217.5 1.8346309143042558e-07 1.3698059618001697e-07
218.5 2.5279870545600506e-07 2.0979035625107803e-07
219.5 2.561983859781259e-07 2.398151342044038e-07
220.5 1.1939296100221124e-07 8.40025461026949e-08
221.5 8.702697879171425e-08 6.714225954683713e-08
222.5 1.309639549497606e-07 1.0960982867245084e-07
223.5 1.7026788190892916e-07 1.5324986097021673e-07
224.5 1.598394039426337e-07 1.5359647790401127e-07
225.5 1.4406318464451366e-07 1.4690555952259325e-07
226.5 1.0311233065722512e-07 1.1100406238540099e-07
227.5 1.0690264876621307e-07 1.209511955466979e-07
228.5 1.5653956431893467e-07 1.854211250699226e-07
229.5 1.3558942849384123e-07 1.675709037046474e-07
230.5 1.6862058444103291e-07 2.1678025725975154e-07
231.5 1.4822272564814432e-07 1.976985770365079e-07
232.5 1.6344674406973518e-07 2.2563641939383314e-07
233.5 1.3962136837583968e-07 1.9906865439434893e-07
234.5 1.155780687911251e-07 1.6986516089710018e-07
235.5 1.893522356577476e-07 2.8636289626759486e-07
236.5 1.4845001345397774e-07 2.306507677301641e-07
237.5 1.8330685145246025e-07 2.9217880225688133e-07
238.5 1.2812475203305638e-07 2.092296699009159e-07
239.5 1.6171023203586915e-07 2.7021695282319347e-07
240.5 1.5136392800538785e-07 2.585206677620264e-07
241.5 1.8001985137352597e-07 3.139342443968515e-07
242.5 2.757400953320486e-07 4.905057854762855e-07
243.5 2.5598955318685915e-07 4.640928386720569e-07
244.5 2.4800129309884936e-07 4.5784025224646694e-07
245.5 1.9870171908040771e-07 3.7325108578733867e-07
246.5 2.0216904255706867e-07 3.8613397704044064e-07
247.5 2.3678462007650376e-07 4.5952069779662714e-07
248.5 1.8498583396953174e-07 3.6453885703545557e-07
249.5 2.4070884216655984e-07 4.813831694864076e-07