wavelength(nm)    spectral_current_density(A*m^-2*nm^-1)    error(A*m^-2*nm^-1)
1.05 9.745367673495298e-10 1.3753528055715684e-09
1.15 1.5560820486706148e-09 2.1992599511128248e-09
1.25 2.713512021731821e-09 3.591491487747763e-09
1.35 4.586325758162097e-09 6.328135360545777e-09
1.45 8.090184236998562e-09 1.102650193471186e-08
1.55 1.157005677185666e-08 1.5648741811353438e-08
1.65 1.3853632238798068e-08 1.821418984075981e-08
1.75 1.4128337634251773e-08 1.667267350202904e-08
1.85 1.1258883051697575e-08 1.2267923510163585e-08
1.95 7.004822491352893e-09 6.462381869228146e-09
2.05 1.5140640143090964e-08 9.402846493094217e-09
2.15 1.5187879312799845e-08 9.15240130485309e-09
2.25 1.571611010176106e-08 9.29280743156397e-09
2.35 3.0858009596877815e-09 2.548552882977215e-09
2.45 3.2135257310829655e-09 2.599386144269203e-09
2.55 3.5318264219912566e-09 2.778511666100034e-09
2.65 2.120018565943938e-09 1.7565451918094553e-09
2.75 4.188448823426918e-09 2.5886194804414347e-09
2.85 4.965905186077181e-09 2.8371190070885155e-09
2.95 5.440516311089233e-09 2.9912272923200687e-09
3.05 3.6964856431744693e-09 2.41907349457761e-09
3.15 3.455436482084299e-09 2.676826449149126e-09
3.25 1.0854843473793826e-08 6.357681252439659e-09
3.35 1.2178348889856433e-08 6.845469263795026e-09
3.45 1.2403331275612459e-08 6.4690019186063224e-09
3.55 5.164556567979812e-09 3.2344822005794297e-09
3.65 4.061808444007858e-09 2.8662714856566774e-09
3.75 2.858804145993898e-09 2.242501817616734e-09
3.85 3.0684110429381197e-09 2.0999456841243496e-09
3.95 1.7767032652877984e-08 6.345543507871333e-09
4.05 1.903099701645196e-08 7.00979156514377e-09
4.15 2.097602393168043e-08 7.694127243260772e-09
4.25 7.398938848018216e-09 4.28062167053039e-09
4.35 9.966560447222439e-09 5.8829456484519965e-09
4.45 7.699009135988773e-09 4.772386607002069e-09
4.55 7.102899245788047e-09 4.3407573546453e-09
4.65 6.488466186596614e-09 3.545301147300299e-09
4.75 8.083238468084472e-09 4.054306882185058e-09
4.85 7.207294719437668e-09 3.325842506598711e-09
4.95 9.105884511058548e-09 4.227709712466717e-09
5.05 9.958773110969362e-09 4.82328116330283e-09
5.15 1.0451231074305606e-08 5.1221753237804425e-09
5.25 4.51975111171363e-09 2.488829576229363e-09
5.35 6.34207633097766e-09 3.6177758235622122e-09
5.45 1.0063265952285937e-08 4.260788175725494e-09
5.55 1.1573323524865257e-08 4.658428702893767e-09
5.65 1.2338872780078678e-08 4.400170321097436e-09
5.75 6.242887619756278e-09 2.5290320148777294e-09
5.85 4.7098042112916946e-09 2.2217844344047192e-09
5.95 3.8087495824528365e-09 1.481995400295587e-09
6.05 7.015097802816209e-09 2.6936820711545978e-09
6.15 8.76548676555116e-09 3.3287823033212212e-09
6.25 1.0238831155396162e-08 5.767137366353785e-09
6.35 8.314144474255486e-09 4.838850364821169e-09
6.45 6.773266432353588e-09 3.986109339347364e-09
6.55 5.376927268898649e-09 2.4800431574874075e-09
6.65 6.304719211982919e-09 3.0014267668642223e-09
6.75 5.591101804427931e-09 2.5240522970072395e-09
6.85 7.2344554184004715e-09 3.1209959816411956e-09
6.95 7.525974937309774e-09 2.940635136251485e-09
7.05 9.10866124060048e-09 4.783617153371226e-09
7.15 1.0025641515402396e-08 6.6858755784289704e-09
7.25 9.253432248253884e-09 6.629016637740025e-09
7.35 8.714518131324432e-09 5.048665742532046e-09
7.45 7.821959028160638e-09 4.842441588626409e-09
7.55 8.550368789334329e-09 6.837662219213214e-09
7.65 8.024020420633085e-09 6.7528422654774256e-09
7.75 6.3340222393311695e-09 4.730029048422134e-09
7.85 5.891058374218033e-09 4.039120271844955e-09
7.95 5.5372428903050585e-09 4.200110695534835e-09
8.05 6.108424088479047e-09 4.283662760919205e-09
8.15 7.646812633748774e-09 5.077497201420562e-09
8.25 9.642343336155748e-09 6.118801196075594e-09
8.35 9.574057582230854e-09 6.201037526638353e-09
8.45 8.334811521310483e-09 5.4690823092996515e-09
8.55 7.238605770907815e-09 4.683085157913834e-09
8.65 6.993897140094725e-09 3.995897088992553e-09
8.75 7.322886993420481e-09 3.8729731010097144e-09
8.85 7.417117709937847e-09 4.3348292307523225e-09
8.95 7.5106725456148e-09 4.8428488828591275e-09
9.05 7.822315480579388e-09 4.855687471223561e-09
9.15 8.280874990491339e-09 5.151972880253355e-09
9.25 8.846972547989849e-09 5.5380701229809424e-09
9.35 9.151454949850567e-09 6.137977433850788e-09
9.45 9.750799871069864e-09 5.1347675344531144e-09
9.55 1.0095147191832167e-08 4.275959826220772e-09
9.65 1.0705977057113732e-08 4.4822452312348756e-09
9.75 9.842413008000932e-09 4.2086549457866206e-09
9.85 8.232097922002902e-09 3.78793400225196e-09
9.95 7.879503537934896e-09 3.535605217706905e-09
10.05 7.81160715837225e-09 4.023326477944669e-09
10.15 8.604483174610631e-09 4.145780718358395e-09
10.25 9.896281959558642e-09 4.164969313235177e-09
10.35 1.0597195587993642e-08 4.9136412226696225e-09
10.45 1.0245925066030944e-08 4.521041546685945e-09
10.55 7.334888702126042e-09 2.89976535374566e-09
10.65 6.277259969343918e-09 2.420021957699777e-09
10.75 5.5912466742567806e-09 2.7939395347895823e-09
10.85 5.3624812359091485e-09 3.5520950939057583e-09
10.95 5.183390069407412e-09 3.2437258622804572e-09
11.05 6.2969578543948105e-09 2.805932588231175e-09
11.15 7.3515345082628725e-09 3.083463323360208e-09
11.25 8.379171404359399e-09 2.8825466469239803e-09
11.35 7.625902919129374e-09 2.7118523610423895e-09
11.45 7.83051244314639e-09 2.7338365745259803e-09
11.55 8.104359611667907e-09 2.7909035589096516e-09
11.65 8.37636639540143e-09 3.4451788856094383e-09
11.75 7.505126807571617e-09 3.155205471411437e-09
11.85 5.568354887533529e-09 2.2468217106789654e-09
11.95 4.505394948833042e-09 2.0783112637014797e-09
12.05 4.466671858231866e-09 2.2942429614925234e-09
12.15 4.805631165081348e-09 2.4103795930323653e-09
12.25 5.031552020168196e-09 2.295249839278983e-09
12.35 4.733781531153328e-09 2.2207614636428583e-09
12.45 3.773720460065942e-09 2.003192503263641e-09
12.55 2.718715422588945e-09 1.4748837457321839e-09
12.65 3.027671015957331e-09 1.3968097895870757e-09
12.75 3.493138980732153e-09 1.6377747651925764e-09
12.85 4.635849700771303e-09 1.981040071765186e-09
12.95 5.8685790968458025e-09 2.226591716151959e-09
13.05 7.957870413621212e-09 2.9251132289610836e-09
13.15 7.682361409065231e-09 2.8557124069139385e-09
13.25 6.630151150244487e-09 2.701788698634125e-09
13.35 5.232311903292637e-09 2.7638412758506658e-09
13.45 4.9097222516738825e-09 2.3994702981250064e-09
13.55 4.7888388222517075e-09 2.020821585535733e-09
13.65 4.722996720146478e-09 1.9618989956175687e-09
13.75 5.2966796662834654e-09 2.2453623825640027e-09
13.85 5.299445117742806e-09 2.3069444059345867e-09
13.95 6.12832317994129e-09 2.645602581747208e-09
14.05 7.085491613029708e-09 4.062271993453892e-09
14.15 6.860717427368015e-09 3.814096667831127e-09
14.25 6.194410872996225e-09 2.4326687327152398e-09
14.35 9.404010312589007e-09 3.2374957055303934e-09
14.45 1.3058367086468978e-08 4.721570534826463e-09
14.55 1.3452301638123681e-08 4.872656453316628e-09
14.65 1.2603651140445982e-08 4.743921981065421e-09
14.75 2.233265597342668e-08 1.1362166050483042e-08
14.85 2.574656339561349e-08 1.355414010958185e-08
14.95 2.515646239041053e-08 9.974934044201966e-09
15.05 1.59582639166059e-08 5.466760743218442e-09
15.15 1.8633877709157798e-08 1.1904921246734642e-08
15.25 1.612223285770683e-08 1.3163097900339192e-08
15.35 1.3569211321406066e-08 1.0654147528391326e-08
15.45 1.0155977071076329e-08 8.250406973415371e-09
15.55 7.711365188500625e-09 4.849319583649464e-09
15.65 7.732545186322494e-09 5.415170760928857e-09
15.75 1.2714138459262781e-08 1.0708770028703657e-08
15.85 1.388523542994104e-08 1.0209187900714711e-08
15.95 1.2127645369351695e-08 6.074289540864641e-09
16.05 1.0110071168318126e-08 6.616080468325845e-09
16.15 9.338674979027797e-09 6.91482526382125e-09
16.25 7.162363004283539e-09 5.707257990608002e-09
16.35 9.616545084240528e-09 9.406617009762425e-09
16.45 1.1498740489497509e-08 1.1012275639137713e-08
16.55 1.0932129139118008e-08 7.680461040049443e-09
16.65 2.545339269111199e-08 8.68967991170738e-09
16.75 5.046243492877771e-08 1.7223036489862298e-08
16.85 6.569737165868189e-08 2.242530433896155e-08
16.95 2.0850305034364645e-07 7.113091962373565e-08
17.05 3.4016151803510427e-07 1.1609537292781647e-07
17.15 3.390470737389266e-07 1.1578741083610121e-07
17.25 1.929729923332527e-07 6.594662320786483e-08
17.35 2.3634436396632754e-07 8.084167328315211e-08
17.45 2.6304653847545484e-07 9.002060798288627e-08
17.55 2.939119607381037e-07 1.0067865301482986e-07
17.65 1.9861450058194705e-07 6.810838378745972e-08
17.75 1.728304576026454e-07 5.930836946514125e-08
17.85 1.4702074874771938e-07 5.0501335154739083e-08
17.95 1.8098862238878678e-07 7.308711061877993e-08
18.05 2.0008849145853924e-07 9.702152382170737e-08
18.15 1.88874511927548e-07 7.405858883216808e-08
18.25 5.811746207794389e-08 2.6008584136753583e-08
18.35 9.769555198083857e-08 3.3702027737216375e-08
18.45 1.0039956249183574e-07 3.664604559412964e-08
18.55 1.1414822829704846e-07 3.9447002598244074e-08
18.65 9.305399303773286e-08 4.666404119238916e-08
18.75 1.8620121697532273e-07 9.408275408077533e-08
18.85 1.7809036355530188e-07 8.212316795368562e-08
18.95 1.5411340809029183e-07 5.330659576424342e-08
19.05 6.610678259478157e-08 2.86401243128115e-08
19.15 9.392334883246898e-08 4.5092858269610825e-08
19.25 1.474078537998124e-07 8.980174476680966e-08
19.35 1.713409427295352e-07 1.0264388237891745e-07
19.45 2.0131584467950655e-07 1.408254875696039e-07
19.55 1.451993890137853e-07 1.0775009143724326e-07
19.65 9.177061084872709e-08 4.531816083976707e-08
19.75 4.6396672299798983e-08 2.696738308475874e-08
19.85 3.729562980170375e-08 1.7851836034942816e-08
19.95 3.86844491455858e-08 2.351322861069293e-08
20.05 6.244111850498991e-08 4.86091358857533e-08
20.15 1.2043852894459637e-07 1.1436354486238423e-07
20.25 1.2411513019707002e-07 1.1426862245589774e-07
20.35 9.390023853055942e-08 8.487441594303714e-08
20.45 6.468699815373667e-08 7.09435061448007e-08
20.55 3.5647178515087636e-08 2.4565662486868438e-08
20.65 3.743716797225544e-08 1.7805250450628076e-08
20.75 4.246891206356588e-08 2.1442837310512944e-08
20.85 4.929295991911945e-08 2.913893903924646e-08
20.95 5.148884160958039e-08 4.2016326681296044e-08
21.05 9.275151901503088e-08 1.0986024211589108e-07
21.15 8.703017143350421e-08 1.0907568625871089e-07
21.25 5.457121411341588e-08 5.686841953471347e-08
21.35 3.141755844306498e-08 2.1346577071370897e-08
21.45 3.411695171291995e-08 2.3809843167928453e-08
21.55 4.3662680851259525e-08 1.9123746771855496e-08
21.65 5.7150217651170374e-08 2.5855561443082183e-08
21.75 6.575921281676842e-08 3.385280603430738e-08
21.85 6.897033063494254e-08 4.7863953489398755e-08
21.95 7.982092125208157e-08 6.869983118802548e-08
22.05 7.532391427384052e-08 5.7889807920337666e-08
22.15 6.530536571434268e-08 4.233144501498434e-08
22.25 6.123860050844306e-08 3.801095327442569e-08
22.35 7.959694243266579e-08 3.652505468522403e-08
22.45 1.0608745673175417e-07 4.600478734782739e-08
22.55 1.2971420881045418e-07 4.794055556242688e-08
22.65 1.2868009439844656e-07 5.045803420131022e-08
22.75 1.1567372190669999e-07 5.1564258351412053e-08
22.85 7.98122842381626e-08 3.549395561532491e-08
22.95 5.95455644749786e-08 2.1121870424406838e-08
23.05 5.0619363574938725e-08 1.7653532706908965e-08
23.15 4.982730910476595e-08 1.8418068452676303e-08
23.25 5.575131972450022e-08 2.2514929005726407e-08
23.35 7.643998992687568e-08 3.580557786159336e-08
23.45 7.44663560656177e-08 3.498507195208987e-08
23.55 5.753009643473199e-08 2.213486438831842e-08
23.65 4.893071438909927e-08 1.948348021848174e-08
23.75 5.656946453040222e-08 2.139397843407696e-08
23.85 5.5397227934769724e-08 2.8648179121116825e-08
23.95 5.6062111758424336e-08 3.629433561130992e-08
24.05 8.81579843498527e-08 3.762956429631852e-08
24.15 1.1625315442176647e-07 4.089394519423627e-08
24.25 1.2465050449277907e-07 4.7038176304688105e-08
24.35 1.0254582607929548e-07 5.643857922229196e-08
24.45 7.72836545819746e-08 4.434950476640361e-08
24.55 6.343819518449851e-08 3.639791376805607e-08
24.65 5.288536376025056e-08 3.640851089580137e-08
24.75 3.873660474816991e-08 2.2344880280940315e-08
24.85 3.8296618723271983e-08 2.764395400770538e-08
24.95 3.035436137018718e-08 2.6906065734537943e-08
25.05 3.20807125179698e-08 3.0747885325030144e-08
25.15 5.332221528515505e-08 6.857503456637862e-08
25.25 5.2309224926829864e-08 5.84054307788212e-08
25.35 3.481083712136855e-08 2.058750204565347e-08
25.45 4.8532826454595925e-08 1.9251769452108522e-08
25.55 1.8794665669411696e-07 6.966412571526874e-08
25.65 2.9340647177535145e-07 1.3697464542876194e-07
25.75 3.051928869610711e-07 1.410282021665368e-07
25.85 1.5848139568550573e-07 7.163914090742375e-08
25.95 6.949458845101416e-08 3.406478072835913e-08
26.05 4.714058188219927e-08 2.9611954947678414e-08
26.15 3.413793167132028e-08 2.549179705388704e-08
26.25 3.442329338076498e-08 3.312900441719975e-08
26.35 4.9343376687849e-08 4.945194074265176e-08
26.45 6.58307335952417e-08 7.584069461298874e-08
26.55 6.009671779396814e-08 6.553044228079656e-08
26.65 1.5208859636945803e-08 9.872119140387867e-09
26.75 1.137376876447174e-08 6.971802589238229e-09
26.85 7.659293371280686e-09 5.913213629350881e-09
26.95 2.1616012169273033e-08 2.6146215142980638e-08
27.05 3.756424597302727e-08 4.1323508641939194e-08
27.15 4.776313405574265e-08 4.1767812830341164e-08
27.25 3.462426044063284e-08 2.0437895574000496e-08
27.35 6.337000706788756e-08 7.599844999488276e-08
27.45 6.887855295926122e-08 8.334663328651144e-08
27.55 5.566780155562905e-08 3.209828709566629e-08
27.65 6.403868329757948e-08 2.5292935998462817e-08
27.75 6.469022004372723e-08 2.7800366159512803e-08
27.85 4.506978686833279e-08 1.66688275158378e-08
27.95 2.6507152966848745e-08 1.0547933971830239e-08
28.05 1.715066040764751e-08 1.1369746145672619e-08
28.15 1.555793497959854e-08 1.2361426812992694e-08
28.25 2.325404533169842e-08 1.69879888461195e-08
28.35 2.2043037154336586e-07 3.546264976102969e-07
28.45 2.447963515789425e-07 3.925396365743653e-07
28.55 7.400444007276323e-08 1.0129298299679006e-07
28.65 1.4995178686145534e-08 1.5831892153878693e-08
28.75 1.5601426395670317e-08 1.8811371371041192e-08
28.85 1.986270641016479e-08 2.653382702020266e-08
28.95 2.6077492900618138e-08 2.259439077334188e-08
29.05 2.7653456328643396e-08 2.1393044639499366e-08
29.15 4.747097204086797e-08 3.044008096261347e-08
29.25 4.166085798345251e-08 2.6339938256189806e-08
29.35 3.3018486266877444e-08 1.5237246603477115e-08
29.45 2.191342873559041e-08 8.904348782366443e-09
29.55 4.166633368331565e-08 1.8836054014265955e-08
29.65 4.0811990361171684e-08 1.8551923485922425e-08
29.75 2.7962656948318768e-08 1.0218035458618603e-08
29.85 7.813280287616036e-09 8.557329367500811e-09
29.95 9.570598370270463e-09 1.0159345077866287e-08
30.05 9.727896931252298e-09 9.606862359962174e-09
30.15 1.5318322416956745e-08 9.109586141784245e-09
30.25 2.53972710357466e-06 8.738213011176877e-07
30.35 3.077458289496363e-06 1.0565776569012871e-06
30.45 3.093399276369775e-06 1.0596039645095227e-06
30.55 5.638532970695428e-07 1.9271793810057612e-07
30.65 3.282744410536717e-08 1.1397042771993916e-08
30.75 2.4915994114427055e-08 1.1888722786176865e-08
30.85 2.1350882574224214e-08 1.3527845895342842e-08
30.95 1.6994446519421173e-08 1.0784283057032224e-08
31.05 1.958072567166992e-08 9.067825159895024e-09
31.15 3.492361803654403e-08 2.4220993808780572e-08
31.25 5.642903886223174e-08 3.0980859084299726e-08
31.35 8.244601939683298e-08 2.7885114956730746e-08
31.45 1.131833034193079e-07 3.825532399916615e-08
31.55 1.2711609786480626e-07 4.294430039465267e-08
31.65 9.192804440865784e-08 3.105361983514143e-08
31.75 5.4806490536904405e-08 1.8521980532336804e-08
31.85 6.035175166260282e-08 2.0390504630741762e-08
31.95 7.447327058816582e-08 2.514674544476253e-08
32.05 7.692713833023986e-08 2.9993847945364146e-08
32.15 4.07919451526099e-08 2.4624937949644722e-08
32.25 1.4487847345767407e-08 1.1429570579287852e-08
32.35 1.1344110701147077e-08 8.253900907767528e-09
32.45 1.1279140126111744e-08 9.360310257231388e-09
32.55 1.2761319294274001e-08 1.1112556765687203e-08
32.65 1.4845576973249045e-08 1.5092576229129654e-08
32.75 1.98679774493371e-08 2.027716108617994e-08
32.85 1.6472779603694652e-08 1.6264002010779275e-08
32.95 1.3820685988217606e-08 1.1271997369360247e-08
33.05 9.529393070021745e-09 8.905154502966957e-09
33.15 1.774366269864004e-08 1.1326480708241938e-08
33.25 2.513428785529467e-08 2.0529799005762945e-08
33.35 5.568183539850405e-08 6.91238849389088e-08
33.45 1.589795868161873e-07 2.4599639890298113e-07
33.55 1.933463656876321e-07 2.9536468805741955e-07
33.65 1.0148637083201159e-07 1.5030770272935093e-07
33.75 2.2431186818584847e-08 1.8115600230010023e-08
33.85 2.89135060604547e-08 1.9177837064706265e-08
33.95 2.8095195412915532e-08 1.6004694316110438e-08
34.05 3.810260913446146e-08 1.6898415217556713e-08
34.15 6.268886364256803e-08 3.402715608961929e-08
34.25 6.025810707799164e-08 3.28489404399577e-08
34.35 4.4612145284140676e-08 1.8287625245764794e-08
34.45 6.411300413246186e-08 2.1903981824573014e-08
34.55 7.434728964015042e-08 2.7093919483491288e-08
34.65 1.0701554285454443e-07 4.331837850147924e-08
34.75 9.042248234761796e-08 6.209076439039815e-08
34.85 1.1582272487267552e-07 6.745719803355705e-08
34.95 8.714071156548188e-08 4.9354900150313794e-08
35.05 6.886329232082935e-08 2.971268117119513e-08
35.15 6.873965800549838e-08 3.421278891253113e-08
35.25 6.514450950680898e-08 4.239300886286353e-08
35.35 7.362494983147183e-08 4.895085683674533e-08
35.45 4.6524976078222395e-08 4.0608491693217385e-08
35.55 5.200754205010623e-08 3.818742065635289e-08
35.65 4.218625990694208e-08 3.3010849661786324e-08
35.75 3.800145758706467e-08 2.2109990653864514e-08
35.85 3.744481909930605e-08 3.0779362604269457e-08
35.95 7.515589918570811e-08 8.797479203305119e-08
36.05 1.469509673135899e-07 2.163429045374136e-07
36.15 1.1392854767079287e-07 1.794181293197245e-07
36.25 2.4344640481941218e-08 2.868184676848628e-08
36.35 4.939458321601578e-08 4.6731350290599814e-08
36.45 7.487890889437054e-08 6.55733695847726e-08
36.55 6.761347635570782e-08 5.338436695617252e-08
36.65 1.0645546435043562e-07 3.6098609178783663e-08
36.75 2.478629289063145e-07 8.388777416887697e-08
36.85 2.576792384133134e-07 8.724209662776473e-08
36.95 1.76944000620477e-07 5.988997670798237e-08
37.05 1.6658738815959044e-08 5.643045495762099e-09
37.15 6.868515503822606e-09 2.348278973589028e-09
37.25 1.0263272841058933e-08 3.4860255521259183e-09
37.35 1.695799078796271e-08 5.740965190426594e-09
37.45 1.7041724920663946e-08 5.7692184976422304e-09
37.55 2.1554493088751196e-08 7.297934132967289e-09
37.65 1.5820093381611526e-08 5.3580951654670495e-09
37.75 1.5964968546764463e-08 5.408123427667391e-09
37.85 1.020974380021314e-08 3.460572668675595e-09
37.95 9.216355941173883e-09 3.1255204600038916e-09
38.05 9.467598715552149e-09 3.211044815626246e-09
38.15 6.827576416291054e-09 2.3166667129222852e-09
38.25 7.926557124486449e-09 2.6934351313625635e-09
38.35 9.456044294103535e-09 3.211035252655838e-09
38.45 1.046642224035142e-08 3.6811547409980036e-09
38.55 9.51231656694234e-09 3.378506114554981e-09
38.65 8.267346040653189e-09 2.811308057831636e-09
38.75 7.738338738069322e-09 2.640385192648703e-09
38.85 7.767623360267509e-09 2.850512421307551e-09
38.95 1.0097539471823663e-08 6.820735289042616e-09
39.05 9.134103695423348e-09 5.8600033212639195e-09
39.15 8.277332937855038e-09 2.8207455066330083e-09
39.25 7.919957832818193e-09 2.700338461262362e-09
39.35 8.065764355739468e-09 3.0608666221281693e-09
39.45 7.285420247847827e-09 2.485613463756784e-09
39.55 6.744433248419952e-09 2.3018478827354192e-09
39.65 6.402282849743764e-09 2.1852633703481288e-09
39.75 5.642365140000936e-09 1.9267015373147176e-09
39.85 8.647103972351964e-09 2.9519363210930896e-09
39.95 1.1683322859239072e-08 3.9879039463383095e-09
40.5 1.765575425806563e-08 3.7236922834380503e-09
41.5 1.2721390323354666e-08 6.6733904682107724e-09
42.5 1.1512780824106913e-08 2.464632503732576e-09
43.5 2.4545823877461603e-08 3.834066597141042e-09
44.5 1.4157292203151697e-08 3.6808151041954475e-09
45.5 1.5722370790472447e-08 2.51458331611936e-09
46.5 4.2798753909196605e-08 5.275382159127855e-09
47.5 1.9571971164081557e-08 3.426472757016349e-09
48.5 3.0718969715712955e-08 6.0656023508874475e-09
49.5 4.1823763385417115e-08 1.5118689455016628e-08
50.5 4.7070228305431634e-08 1.2863457658662275e-08
51.5 1.918799502821772e-08 6.137989724202527e-09
52.5 2.212376205231165e-08 8.484121787130374e-09
53.5 2.3635927219353003e-08 3.690920835578322e-09
54.5 1.526154732148284e-08 2.848932113732093e-09
55.5 8.870968333089758e-08 1.0182226199248337e-08
56.5 2.1242200262601423e-08 3.2244699496826647e-09
57.5 1.835372716110541e-08 3.635492600597707e-09
58.5 1.5581236489846946e-07 2.6209760547948586e-08
59.5 2.7327462273756716e-08 4.219158554838615e-09
60.5 6.355711682744408e-08 1.5258753858639415e-08
61.5 5.197136046416641e-08 1.317330944333537e-08
62.5 1.4486268027253012e-07 1.953916748692653e-08
63.5 1.2832720627464648e-07 1.4092689067828626e-08
64.5 1.8736068849429377e-08 3.0726167701837007e-09
65.5 1.8634130846228913e-08 2.9116064726448507e-09
66.5 2.209734172084074e-08 3.5729285756438252e-09
67.5 1.9115595315076332e-08 3.46210517717693e-09
68.5 4.506655779356387e-08 5.515399114605785e-09
69.5 3.454164010567581e-08 6.226328173225355e-09
70.5 8.490840572252932e-08 9.535144039870175e-09
71.5 3.445290174854589e-08 5.0458176914827e-09
72.5 3.359446117754959e-08 7.568160234134627e-09
73.5 2.473390714486184e-08 4.0414811597020146e-09
74.5 3.766711310731751e-08 5.16759148672536e-09
75.5 5.4208948884758494e-08 6.860414638458252e-09
76.5 1.481374487451298e-07 1.4694436884634314e-08
77.5 1.3271039900242844e-07 1.544664635838137e-08
78.5 2.043545610246997e-07 2.0998766955545623e-08
79.5 1.45766929787362e-07 1.7160546784804542e-08
80.5 1.1679793900115596e-07 1.670932470472429e-08
81.5 1.2797465982423195e-07 1.8527740634443905e-08
82.5 1.5735513614626982e-07 2.3624790446367355e-08
83.5 3.951598083437733e-07 4.5896774213692726e-08
84.5 2.290140063912471e-07 3.4633237044602296e-08
85.5 2.783541770754009e-07 4.289726258253295e-08
86.5 3.232443031026446e-07 4.9019726640549744e-08
87.5 3.918689428228344e-07 5.982801655019994e-08
88.5 4.602196615315605e-07 7.165820565382399e-08
89.5 5.319956145479195e-07 8.275403880280141e-08
90.5 6.423917876944745e-07 9.850991738581701e-08
91.5 5.426565589671755e-07 8.438243623963774e-08
92.5 1.804558243154676e-07 2.6983766333139656e-08
93.5 1.81099206138509e-07 2.681647967103398e-08
94.5 1.275195159947658e-07 1.9240415589964594e-08
95.5 9.789150509320942e-08 1.52746341541372e-08
96.5 6.800400355397383e-08 1.0595677125937579e-08
97.5 1.2634079200246162e-06 3.1841723824219457e-07
98.5 1.424188445163824e-07 1.9197278323450727e-08
99.5 2.0664096781293173e-07 3.068368746196563e-08
100.5 8.474291978303383e-08 1.802400333169084e-08
101.5 1.0750911146568594e-07 1.599794052517162e-08
102.5 8.316770079907677e-07 1.3283575209792586e-07
103.5 6.687636044042628e-07 9.75475236777167e-08
104.5 1.0280756826243239e-07 2.0713316641254994e-08
105.5 9.168799169783263e-08 1.5553496906360822e-08
106.5 9.516946853882406e-08 1.6039799293124704e-08
107.5 1.0633855723472997e-07 1.7255643178583835e-08
108.5 1.4874932149225524e-07 2.859002075924279e-08
109.5 1.0608494984185301e-07 1.7919508518927065e-08
110.5 1.1682025362095978e-07 1.893282963974031e-08
111.5 1.0432962951980404e-07 1.662093603766267e-08
112.5 1.0430146868593335e-07 1.589669596998248e-08
113.5 6.508740516500482e-08 1.0913612027776058e-08
114.5 7.638375076005433e-08 1.1210100284020573e-08
115.5 8.652252449119697e-08 1.1759283269633433e-08
116.5 9.820303309349353e-08 1.1936273468243035e-08
117.5 3.213473412938356e-07 4.7529662458597264e-08
118.5 1.1902263595029596e-07 1.4825824474503827e-08
119.5 1.9133805864695915e-07 2.930668640240263e-08
120.5 5.153740286692248e-07 1.021190398852789e-07
121.5 2.0477034169665077e-05 3.3394169665098207e-06
122.5 1.8677676032998025e-07 2.7123594336365077e-08
123.5 1.1023861041134086e-07 1.6336754342305688e-08
124.5 7.362367609405717e-08 1.1108084553696294e-08
125.5 6.217409297397572e-08 8.407374728232999e-09
126.5 7.485575752136867e-08 1.2632838300939893e-08
127.5 3.672093254353339e-08 4.8530199544950585e-09
128.5 2.6112601039761257e-08 3.3978316527931624e-09
129.5 3.243584621503768e-08 4.546283559044769e-09
130.5 1.9834623986683445e-07 2.6286950140325007e-08
131.5 2.894498127625356e-08 4.0291480135415845e-09
132.5 2.071693322722553e-08 2.8379130654282518e-09
133.5 1.7724392058877853e-07 2.7884562975669823e-08
134.5 1.5296401858910972e-08 2.1644289361036724e-09
135.5 3.183019015768126e-08 3.840104299819594e-09
136.5 1.7662996023544094e-08 2.2517378863480462e-09
137.5 1.7188297795736546e-08 2.2434288381232527e-09
138.5 1.5617922756379355e-08 1.9490567407024635e-09
139.5 3.7060899583139324e-08 5.684763728546186e-09
140.5 2.951466618178879e-08 4.116709768248405e-09
141.5 1.6336848567615407e-08 2.028367908588806e-09
142.5 1.6631289136655943e-08 2.133615616228868e-09
143.5 1.7487127219327132e-08 2.106994129672902e-09
144.5 1.6339937728495976e-08 2.004020658768365e-09
145.5 1.6187309915176073e-08 2.101769917131402e-09
146.5 1.871154561200494e-08 2.235270183457324e-09
147.5 2.2340336856720306e-08 2.678865724666043e-09
148.5 2.167331351429705e-08 2.575620422561305e-09
149.5 1.849272688884029e-08 2.2119589167055444e-09
150.5 1.9742454961119264e-08 2.3132791780884218e-09
151.5 2.0337439320737644e-08 2.4039484744193698e-09
152.5 2.3411266974683905e-08 2.795244307694606e-09
153.5 2.428353961719647e-08 2.863442010549052e-09
154.5 3.864353888492334e-08 4.824526182779235e-09
155.5 3.164292266505423e-08 3.833002039521082e-09
156.5 2.974162467035073e-08 3.4779066762562667e-09
157.5 2.5506008084837016e-08 2.997530847714335e-09
158.5 2.36451629396621e-08 2.7553991754041554e-09
159.5 2.1908089686801093e-08 2.587153695611126e-09
160.5 2.3081121271221924e-08 2.689210043321947e-09
161.5 2.5778556000573315e-08 3.0274819020631685e-09
162.5 2.730033455107915e-08 3.1976753431483813e-09
163.5 2.71259736553692e-08 3.1851773833061667e-09
164.5 3.045190604692844e-08 3.5481224037698114e-09
165.5 4.572181294335876e-08 5.292303122283634e-09
166.5 2.984700452595053e-08 3.4716083755569627e-09
167.5 3.3178498781098593e-08 3.838538740830175e-09
168.5 3.401294500597405e-08 3.8781955925617905e-09
169.5 4.3021963677516334e-08 4.916911052367702e-09
170.5 4.713795827571995e-08 5.3923458218116756e-09
171.5 4.567253402566372e-08 5.263223762003147e-09
172.5 4.901503824046725e-08 5.65635075791832e-09
173.5 4.6985053788967694e-08 5.408468768194564e-09
174.5 5.6142389401155064e-08 6.488559085554811e-09
175.5 6.672856365856066e-08 7.789060688768875e-09
176.5 6.9972400155873e-08 8.200064382054435e-09
177.5 8.338936224096389e-08 9.920812889369485e-09
178.5 9.075141540920838e-08 1.0833148102244425e-08
179.5 9.027857916190329e-08 1.0914202211719011e-08
180.5 1.1243739778898499e-07 1.3827088168429861e-08
181.5 1.2775425848326332e-07 1.6118641020699396e-08
182.5 1.1917235048940336e-07 1.510358008033954e-08
183.5 1.2246236214146818e-07 1.575049578031958e-08
184.5 1.0202966107485881e-07 1.3387798314842758e-08
185.5 1.0944665958868871e-07 1.4776974593911857e-08
186.5 1.1742872171455815e-07 1.6408502425631487e-08
187.5 1.2068485789752832e-07 1.7566428776097757e-08
188.5 1.0527594946983857e-07 1.6210034295708964e-08
189.5 6.854390351404196e-08 1.1526691518880917e-08
190.5 nan nan
191.5 nan nan
192.5 nan nan
193.5 nan nan
194.5 nan nan
190.5 1.160738970195702e-07 2.0649827186783134e-08
191.5 1.1948793763761652e-07 2.1768775520497705e-08
192.5 1.2335074855894663e-07 2.307649606387307e-08
193.5 9.220726986151182e-08 1.7726934411937046e-08
194.5 1.4483399101128338e-07 2.8689178765746435e-08
195.5 1.3500442496267522e-07 2.759626346578499e-08
196.5 1.4585215207012477e-07 3.082447791800811e-08
197.5 1.413872755756986e-07 3.097051545861275e-08
198.5 1.3551643256932834e-07 3.084952855790709e-08
199.5 1.3928019901491802e-07 3.307954397484511e-08
200.5 1.4250755603963987e-07 3.542777838635228e-08
201.5 1.492748647220556e-07 3.900105096933498e-08
202.5 1.379846124042947e-07 3.806362713417329e-08
203.5 1.4811228559137895e-07 4.338444677788434e-08
204.5 1.5095289783374394e-07 4.726788261785314e-08
205.5 1.417202432128635e-07 4.78078532170313e-08
206.5 1.3271994010916217e-07 4.870277183693303e-08
207.5 1.3672796588109191e-07 5.52415820864708e-08
208.5 1.3802680105999954e-07 6.232230335800337e-08
209.5 1.7208509882089227e-07 8.860272329531531e-08
210.5 1.8813246734607586e-07 1.135773848177146e-07
211.5 1.8288882938896037e-07 1.3476887584293509e-07
212.5 1.3104530968620683e-07 1.256461438804936e-07
213.5 7.927793494934069e-08 1.1115805134021827e-07
214.5 5.682765968647036e-08 1.550305902593198e-07
215.5 2.145864283178005e-10 1.2384559849569674e-07
216.5 -4.4710499810085375e-08 1.1681966270521425e-07
217.5 -8.720017471967611e-08 1.1059734955432428e-07
218.5 -1.8600102104063738e-07 1.5280859572198917e-07
219.5 -2.6145187127620586e-07 1.5646171929558062e-07