wavelength(nm)    spectral_current_density(A*m^-2*nm^-1)    error(A*m^-2*nm^-1)
1.05 1.6413531160098207e-09 2.3154828364502824e-09
1.15 3.2883021763972737e-09 4.645467703945192e-09
1.25 5.385345124570161e-09 7.123698860470147e-09
1.35 8.915665492346774e-09 1.2295384654551869e-08
1.45 1.8288972892365095e-08 2.4914079628733008e-08
1.55 2.906963041000305e-08 3.929490533273544e-08
1.65 3.2452055757813874e-08 4.26397053125335e-08
1.75 2.5477221708998977e-08 3.004193302026462e-08
1.85 1.3543151482835937e-08 1.4741272575181227e-08
1.95 5.631547116179472e-09 5.184564129738787e-09
2.05 1.0551714040010776e-08 6.516829986081442e-09
2.15 1.243671836779093e-08 7.456554154634484e-09
2.25 1.608092429551613e-08 9.46987565300942e-09
2.35 3.604241998228861e-09 2.971654525514741e-09
2.45 3.822558668346144e-09 3.086850836347057e-09
2.55 3.955213936866512e-09 3.1056275090790697e-09
2.65 2.2226571510121553e-09 1.8380476666508764e-09
2.75 4.450303076494008e-09 2.7412684339820688e-09
2.85 5.941102334319184e-09 3.384159320760479e-09
2.95 7.646360288530342e-09 4.196051289846224e-09
3.05 5.873544888455026e-09 3.841672304099078e-09
3.15 5.730894716147167e-09 4.4393939997117374e-09
3.25 1.7341826606096915e-08 1.0158236568067616e-08
3.35 1.7836133907079167e-08 1.0023809435813603e-08
3.45 1.6858796208001795e-08 8.786420748464975e-09
3.55 7.197628893961234e-09 4.506597837132075e-09
3.65 6.784627007470965e-09 4.791062254159038e-09
3.75 6.370524633758036e-09 5.0033839282794235e-09
3.85 8.973970717962522e-09 6.147634038809443e-09
3.95 6.008587198746746e-08 2.1349486848968147e-08
4.05 6.255602371297411e-08 2.2734989028304577e-08
4.15 5.7503744399904253e-08 2.0740938722369428e-08
4.25 1.5574116044031782e-08 8.954554440506995e-09
4.35 1.7290769178776354e-08 1.0155012596050553e-08
4.45 1.5598291398826792e-08 9.636919949033113e-09
4.55 2.389256708565428e-08 1.4561208006796163e-08
4.65 2.997465810529175e-08 1.628694662165155e-08
4.75 3.299623656543283e-08 1.6403258656293897e-08
4.85 2.698714658442663e-08 1.2278952410127212e-08
4.95 5.113416353279216e-08 2.3437519882767904e-08
5.05 4.8183301077335255e-08 2.304609969365626e-08
5.15 5.2875845918889224e-08 2.5616983978566323e-08
5.25 2.403019605350883e-08 1.3118775932860512e-08
5.35 3.578641364766706e-08 2.0257526745985936e-08
5.45 6.024398080254322e-08 2.5160227587938408e-08
5.55 7.280215049167861e-08 2.8867900670680312e-08
5.65 8.048374219991546e-08 2.81596698986654e-08
5.75 4.173169922352413e-08 1.666070162263149e-08
5.85 3.204487974610341e-08 1.4957177502436177e-08
5.95 2.6360096220093756e-08 1.0099867178821252e-08
6.05 4.963620400299661e-08 1.8766189671426015e-08
6.15 6.395877100148616e-08 2.3915372884010166e-08
6.25 7.777915069633857e-08 4.351121157644126e-08
6.35 6.627020128793429e-08 3.832671642259147e-08
6.45 5.690296365392518e-08 3.328273816248723e-08
6.55 4.7637330837672126e-08 2.175108061631106e-08
6.65 5.872252936791389e-08 2.7685712123846912e-08
6.75 5.442082467564108e-08 2.4294343333347582e-08
6.85 7.301475325253786e-08 3.10958429677034e-08
6.95 7.808974968474442e-08 3.000665251979904e-08
7.05 9.636927820311253e-08 5.0117589417664525e-08
7.15 1.0740054246680343e-07 7.11618950937457e-08
7.25 9.985521097856427e-08 7.110942276242596e-08
7.35 9.443980855869188e-08 5.418390425936361e-08
7.45 8.502290232230699e-08 5.216665357066419e-08
7.55 9.320814109363582e-08 7.412142427166216e-08
7.65 8.771336546097279e-08 7.343099170622179e-08
7.75 6.935071381727225e-08 5.143305058143299e-08
7.85 6.440302682089556e-08 4.37879226944579e-08
7.95 6.010876116267034e-08 4.5276204143817155e-08
8.05 6.532151797615194e-08 4.542833668400122e-08
8.15 7.976855773349788e-08 5.2469200562938384e-08
8.25 9.707440726066675e-08 6.095907459472678e-08
8.35 9.206547989857954e-08 5.902600778576734e-08
8.45 7.59024541763443e-08 4.930774792700775e-08
8.55 6.20828838240733e-08 3.974779979458942e-08
8.65 5.63953770098889e-08 3.17868831539924e-08
8.75 5.563035579594785e-08 2.89554077899533e-08
8.85 5.335006675314719e-08 3.077299281963764e-08
8.95 5.147864848798333e-08 3.283678249132029e-08
9.05 5.140801878485158e-08 3.154107576913062e-08
9.15 5.243853328152647e-08 3.224788597402468e-08
9.25 5.4167306558578964e-08 3.352107277011137e-08
9.35 5.4322543765746914e-08 3.607272454147748e-08
9.45 5.6313953266749276e-08 2.917453222976039e-08
9.55 5.705771969664115e-08 2.355790962487214e-08
9.65 5.973463452654203e-08 2.436100730966836e-08
9.75 5.478649537926631e-08 2.2845283889067435e-08
9.85 4.621893486457108e-08 2.0813920529882065e-08
9.95 4.527744899995682e-08 1.9861873242651433e-08
10.05 3.975552167699529e-08 2.0159841447422396e-08
10.15 4.8865595696067796e-08 2.3080542225817117e-08
10.25 5.758727198388581e-08 2.359163890702975e-08
10.35 6.021150405099356e-08 2.7312851189750484e-08
10.45 5.557889768729208e-08 2.3948922996723475e-08
10.55 3.7777841424300166e-08 1.450742953477828e-08
10.65 3.084276335342453e-08 1.1538388901888601e-08
10.75 2.647103450701153e-08 1.299727081801308e-08
10.85 2.4753678382105815e-08 1.623422739602998e-08
10.95 2.3597345593615235e-08 1.4600782771598656e-08
11.05 2.8549104644885235e-08 1.243238264634666e-08
11.15 3.3442373639947056e-08 1.3659645554906587e-08
11.25 3.84378977604732e-08 1.2696684100744542e-08
11.35 3.537169929612673e-08 1.2104967283906443e-08
11.45 3.67472919324807e-08 1.2325160721618959e-08
11.55 3.84351757614415e-08 1.2701939123238015e-08
11.65 4.0044197567625615e-08 1.6011823213736093e-08
11.75 3.603824373374122e-08 1.4755160214887061e-08
11.85 2.674252442769934e-08 1.0493159355435982e-08
11.95 2.1541293624744286e-08 9.73613074440332e-09
12.05 2.1162219202096617e-08 1.0701724299773996e-08
12.15 2.246181346097171e-08 1.1094900735836059e-08
12.25 2.3110228508175468e-08 1.0362497379721107e-08
12.35 2.1296398516899244e-08 9.843933263482316e-09
12.45 1.6588624298464923e-08 8.714988494071086e-09
12.55 1.1659730685253472e-08 6.270155000507571e-09
12.65 1.266082782616028e-08 5.779622287585284e-09
12.75 1.4247159851440759e-08 6.621505089151942e-09
12.85 1.8462009958312542e-08 7.818999839403804e-09
12.95 2.2860698959723695e-08 8.590820182228699e-09
13.05 3.0391698949059616e-08 1.1075455650262106e-08
13.15 2.8840533295886386e-08 1.0643861421653428e-08
13.25 2.4536507641611726e-08 9.946199038210549e-09
13.35 1.914304431325272e-08 1.0082907249677975e-08
13.45 1.780774398085838e-08 8.67488610144504e-09
13.55 1.7263785153104718e-08 7.253141313199707e-09
13.65 1.696191619600162e-08 7.0123676815757595e-09
13.75 1.8987354282931143e-08 8.009583278808757e-09
13.85 1.8992788548010076e-08 8.226072847285949e-09
13.95 2.1985105708056888e-08 9.437889097544515e-09
14.05 2.546572203487277e-08 1.4550081620960314e-08
14.15 2.471578814063195e-08 1.3686774420181326e-08
14.25 2.2371959661671093e-08 8.71326519799859e-09
14.35 3.4046575494553594e-08 1.1589440880670768e-08
14.45 4.737589092366681e-08 1.6950591896603237e-08
14.55 4.88808527510291e-08 1.7518293375874982e-08
14.65 4.583648406209367e-08 1.708382282227142e-08
14.75 8.122327291948291e-08 4.110667298794558e-08
14.85 9.356463384893161e-08 4.9022123266211944e-08
14.95 9.126722939514373e-08 3.5898398309000666e-08
15.05 5.775079250982585e-08 1.958323765112632e-08
15.15 6.721183277593792e-08 4.2825569245541055e-08
15.25 5.7922691317625086e-08 4.722079384703553e-08
15.35 4.853240503310653e-08 3.805128370487823e-08
15.45 3.614903471930683e-08 2.9331622670335144e-08
15.55 2.7310567817241147e-08 1.7144989781993518e-08
15.65 2.7249573418147078e-08 1.9060633209745898e-08
15.75 4.459290853164813e-08 3.7533335707484666e-08
15.85 4.8491369677074426e-08 3.5625632414596865e-08
15.95 4.219831752170985e-08 2.110401966999795e-08
16.05 3.507764875279882e-08 2.293620450153589e-08
16.15 3.233959192717562e-08 2.3930426576896343e-08
16.25 2.4782522540117528e-08 1.9735719389241625e-08
16.35 3.3285306903524805e-08 3.2543468869080294e-08
16.45 3.986143077372972e-08 3.81526139873695e-08
16.55 3.800219814159829e-08 2.6663065121875094e-08
16.65 8.883233566490144e-08 3.011619462906558e-08
16.75 1.7701697055437377e-07 5.99064471385837e-08
16.85 2.3188652629431226e-07 7.83516388309328e-08
16.95 7.412009137650604e-07 2.498332914515939e-07
17.05 1.2188772981210407e-06 4.101997117533845e-07
17.15 1.2254059020468057e-06 4.117963908330536e-07
17.25 7.038607100943568e-07 2.36183687363889e-07
17.35 8.702784997725932e-07 2.916541492165147e-07
17.45 9.780208197876128e-07 3.272033821394308e-07
17.55 1.1034284665593395e-06 3.6870633705459283e-07
17.65 7.528115871889786e-07 2.5128686133604673e-07
17.75 6.611713399815956e-07 2.203942749432456e-07
17.85 5.674119256980536e-07 1.8895330478458147e-07
17.95 7.042772850755079e-07 2.7776314019449293e-07
18.05 7.844842183608701e-07 3.7392416471818475e-07
18.15 7.455128977204394e-07 2.8432204539914935e-07
18.25 2.3073851296665553e-07 1.010091679968719e-07
18.35 3.8976144989976073e-07 1.2931019532381683e-07
18.45 4.0209169798944463e-07 1.4160814632248573e-07
18.55 4.5843273403811476e-07 1.5204819612071562e-07
18.65 3.743622975003033e-07 1.8411429709959805e-07
18.75 7.496036972768572e-07 3.714603797357786e-07
18.85 7.166925971523486e-07 3.2275268226572243e-07
18.95 6.193648187321149e-07 2.0517790977898439e-07
19.05 2.6507351141255503e-07 1.1176336149892712e-07
19.15 3.754427128616707e-07 1.7633228773492975e-07
19.25 5.869625019849379e-07 3.5279304789385054e-07
19.35 6.79189002563199e-07 4.0127963323842754e-07
19.45 7.939915687760346e-07 5.498748998478518e-07
19.55 5.695457261005222e-07 4.189456008987555e-07
19.65 3.579006525269246e-07 1.7326261446637198e-07
19.75 1.7987253378533278e-07 1.0308698346469493e-07
19.85 1.43720873960889e-07 6.738873094085763e-08
19.95 1.4818365343654997e-07 8.894733054538612e-08
20.05 2.3778940090598335e-07 1.837278126520965e-07
20.15 4.5607392798002097e-07 4.3091312061633937e-07
20.25 4.674839458116616e-07 4.281344393780567e-07
20.35 3.5189621359794866e-07 3.1634614358218023e-07
20.45 2.412854173560909e-07 2.6365112790679236e-07
20.55 1.323931820746612e-07 9.038613930080635e-08
20.65 1.3849337627275131e-07 6.456905136822493e-08
20.75 1.5654560083242548e-07 7.76526837840082e-08
20.85 1.8110688863151132e-07 1.0568094658912893e-07
20.95 1.8860974461219731e-07 1.528650058742558e-07
21.05 3.3881515182279483e-07 4.0000699902124206e-07
21.15 3.1708485443157875e-07 3.962382913088993e-07
21.25 1.9832165446869854e-07 2.0578173469851014e-07
21.35 1.1388847115574967e-07 7.658776650634603e-08
21.45 1.2335513700521608e-07 8.52431250454098e-08
21.55 1.5744163346634863e-07 6.721009520228001e-08
21.65 2.054758233814879e-07 9.073809505910604e-08
21.75 2.356863232495511e-07 1.1908603490079027e-07
21.85 2.4633294252750156e-07 1.692117902880217e-07
21.95 2.84004664138467e-07 2.428221751592232e-07
22.05 2.668839359241078e-07 2.0341653321486023e-07
22.15 2.303305188100806e-07 1.4757143148184342e-07
22.25 2.14912693925187e-07 1.3172018644683212e-07
22.35 2.778407073855344e-07 1.2456921171319804e-07
22.45 3.6817743102723624e-07 1.5558765275554763e-07
22.55 4.4740543758070554e-07 1.5956963465284052e-07
22.65 4.409433263130171e-07 1.6758142155985825e-07
22.75 3.93644598554052e-07 1.7133801182498792e-07
22.85 2.696468919706306e-07 1.1708543207636064e-07
22.95 1.9965704831646463e-07 6.817609744965387e-08
23.05 1.6839919067979481e-07 5.645010654667771e-08
23.15 1.64426758609532e-07 5.866739274733314e-08
23.25 1.8245875317583772e-07 7.152241209421728e-08
23.35 2.480836582301894e-07 1.1364203904233565e-07
23.45 2.3967379504646063e-07 1.1008783066914125e-07
23.55 1.8367822581127726e-07 6.825957366864744e-08
23.65 1.55042833894989e-07 5.97343211358595e-08
23.75 1.780406269939242e-07 6.486861944869511e-08
23.85 1.733746158577562e-07 8.789861930858867e-08
23.95 1.7474360828160222e-07 1.1170833829384545e-07
24.05 2.741845884087334e-07 1.1363639061723979e-07
24.15 3.6152624689463935e-07 1.2176594129105564e-07
24.25 3.8839059025983013e-07 1.4127960003836348e-07
24.35 3.206549809865349e-07 1.7360081896829127e-07
24.45 2.426953261066703e-07 1.3724382832125632e-07
24.55 1.99896496056772e-07 1.1305577079173737e-07
24.65 1.6662025393734655e-07 1.1357081667087942e-07
24.75 1.2107501974893402e-07 6.880026359035869e-08
24.85 1.1689961812483181e-07 8.347039833968392e-08
24.95 8.757476804996005e-08 7.691464998358048e-08
25.05 9.851218395981858e-08 9.423406193959377e-08
25.15 1.6380599997691079e-07 2.1022203856812797e-07
25.25 1.6083354486796124e-07 1.7891414604960157e-07
25.35 1.0714178456797862e-07 6.239085415839955e-08
25.45 1.4951941327090448e-07 5.709434382816773e-08
25.55 5.794486667337226e-07 2.0521499676421008e-07
25.65 9.049405631677686e-07 4.106057710074958e-07
25.75 9.41272831596167e-07 4.226129483660191e-07
25.85 4.885562866465167e-07 2.1443051819907963e-07
25.95 2.1403414023966263e-07 1.0240248450204658e-07
26.05 1.4498711202885755e-07 8.979496334197862e-08
26.15 1.0480807660681733e-07 7.751051445183388e-08
26.25 1.054567097162052e-07 1.0092199658688875e-07
26.35 1.5079291260794444e-07 1.50361794534856e-07
26.45 2.006343299444773e-07 2.3027574445771068e-07
26.55 1.8263157948820464e-07 1.9832053349563862e-07
26.65 4.6081355472546226e-08 2.9562209167716293e-08
26.75 3.435751055330604e-08 2.0782962005038045e-08
26.85 2.3067958617491e-08 1.766001288868517e-08
26.95 6.491441406668267e-08 7.824674719699357e-08
27.05 1.1249996130624317e-07 1.2322718633101913e-07
27.15 1.426828542939688e-07 1.2390043697186714e-07
27.25 1.0319750412999416e-07 5.994695343234281e-08
27.35 1.8849788661558136e-07 2.2516883238314603e-07
27.45 2.0453975007433188e-07 2.4651197771283225e-07
27.55 1.6508777618745232e-07 9.344475191406709e-08
27.65 1.8972415633173394e-07 7.18836499322409e-08
27.75 1.915329528491562e-07 7.941116944710557e-08
27.85 1.3340440301379708e-07 4.691886975730861e-08
27.95 7.846574385143118e-08 2.9877799960029727e-08
28.05 5.078991302401929e-08 3.3146192868377184e-08
28.15 4.610713901416417e-08 3.623315447322659e-08
28.25 6.89866256860005e-08 4.9739341715052984e-08
28.35 6.547981525162144e-07 1.0506031421157343e-06
28.45 7.283121948856745e-07 1.1647204442996829e-06
28.55 2.2056688108701507e-07 3.0078638296350505e-07
28.65 4.477984767322255e-08 4.698840758137854e-08
28.75 4.668816183564186e-08 5.6033485543966017e-08
28.85 5.9571659146369907e-08 7.928539454617466e-08
28.95 7.838931532694404e-08 6.733532568834744e-08
29.05 8.331913055150689e-08 6.378084988481736e-08
29.15 1.4335936901948734e-07 9.056691256036951e-08
29.25 1.2609876357660673e-07 7.855645739755135e-08
29.35 1.001591909898928e-07 4.4992918961075284e-08
29.45 6.661102002514754e-08 2.617732921250768e-08
29.55 1.268993745944483e-07 5.592227818549372e-08
29.65 1.2451528754846025e-07 5.5263931019789825e-08
29.75 8.544432095862161e-08 3.0137186279037535e-08
29.85 2.3905888736016322e-08 2.6088354612144824e-08
29.95 2.9313146829415005e-08 3.1004493428025726e-08
30.05 2.981735163272446e-08 2.9331620998596383e-08
30.15 4.697356348056678e-08 2.7652751951038518e-08
30.25 7.788945780484188e-06 2.603758137184992e-06
30.35 9.435885939689346e-06 3.1535111190374704e-06
30.45 9.479142521531859e-06 3.1662714772017512e-06
30.55 1.7261554191071423e-06 5.762784873872507e-07
30.65 1.003611944762488e-07 3.411408599847906e-08
30.75 7.60419196172856e-08 3.5910884958774214e-08
30.85 6.502281281342235e-08 4.0974805337695e-08
30.95 5.162497633197141e-08 3.25943897738656e-08
31.05 5.930787685632605e-08 2.722036513320593e-08
31.15 1.054294451318514e-07 7.284644926651502e-08
31.25 1.697205253828711e-07 9.265407665801846e-08
31.35 2.4695765417229216e-07 8.233814762868752e-08
31.45 3.3751367443470985e-07 1.1252134314477443e-07
31.55 3.772283712156756e-07 1.2576287346861195e-07
31.65 2.7138712380167554e-07 9.050244349077373e-08
31.75 1.6090075869056192e-07 5.3696085097521455e-08
31.85 1.761380214651638e-07 5.877464359696877e-08
31.95 2.1600231170580484e-07 7.203819268083734e-08
32.05 2.2166428301110213e-07 8.562921599197318e-08
32.15 1.1673949268827534e-07 7.01995422094154e-08
32.25 4.1167031593090684e-08 3.240239921281197e-08
32.35 3.199629960065187e-08 2.321623101154112e-08
32.45 3.157012215812893e-08 2.614264676570676e-08
32.55 3.543725819901053e-08 3.0796486527686004e-08
32.65 4.089077821904318e-08 4.150777560160079e-08
32.75 5.426890816814956e-08 5.5300249432154716e-08
32.85 4.461127200387134e-08 4.39701520978249e-08
32.95 3.710259786480476e-08 3.0181740764683896e-08
33.05 2.5354722393370232e-08 2.3645376576069266e-08
33.15 4.678246550177373e-08 2.9727985039214348e-08
33.25 6.565756151391953e-08 5.3476866941980033e-08
33.35 1.440941805459527e-07 1.786533320191815e-07
33.45 4.0750222060241033e-07 6.300196481600829e-07
33.55 4.908232557434925e-07 7.491447712146335e-07
33.65 2.551208782213337e-07 3.774887361214271e-07
33.75 5.583309777251425e-08 4.4943119031799975e-08
33.85 7.125190069143842e-08 4.702573840014404e-08
33.95 6.853962054849897e-08 3.8777430381665994e-08
34.05 9.201078704888202e-08 4.0339590385295234e-08
34.15 1.4983445567374718e-07 8.07028752131087e-08
34.25 1.425406066944769e-07 7.710639241480137e-08
34.35 1.0443469573242579e-07 4.2223247807861574e-08
34.45 1.4851641687339587e-07 4.97327477844232e-08
34.55 1.7041187699023922e-07 6.101983593719629e-08
34.65 2.4269390956209684e-07 9.685704791300307e-08
34.75 2.0287961028735766e-07 1.3863744287396437e-07
34.85 2.570861530643395e-07 1.4872950324126837e-07
34.95 1.913390281025304e-07 1.0761081526255626e-07
35.05 1.4956963641659387e-07 6.376199251263134e-08
35.15 1.4767705855405918e-07 7.284870166150479e-08
35.25 1.3842409771868782e-07 8.961984264625318e-08
35.35 1.5472696929268924e-07 1.0237772152305571e-07
35.45 9.669751868255488e-08 8.416925145422078e-08
35.55 1.0689710798942964e-07 7.819232460791254e-08
35.65 8.574823157912102e-08 6.687778487876605e-08
35.75 7.638276568792315e-08 4.418190216250162e-08
35.85 7.442457281472077e-08 6.100169558476897e-08
35.95 1.4770941222111668e-07 1.7266501508703798e-07
36.05 2.855829179820978e-07 4.2007979815714224e-07
36.15 2.1892966883312395e-07 3.445252960561108e-07
36.25 4.625820647096521e-08 5.442977945253112e-08
36.35 9.28075347766886e-08 8.763261597241129e-08
36.45 1.3912066701650492e-07 1.2155949753559644e-07
36.55 1.242247944138358e-07 9.781686175425785e-08
36.65 1.9342203543584964e-07 6.463580435639919e-08
36.75 4.4538779394572354e-07 1.485682621137691e-07
36.85 4.57959283965635e-07 1.528425910890665e-07
36.95 3.110591328096873e-07 1.0379538617038096e-07
37.05 2.8970405794167276e-08 9.675777048100265e-09
37.15 1.1817738196112707e-08 3.984838025230692e-09
37.25 1.7473418415665952e-08 5.852351846623239e-09
37.35 2.8573046982830813e-08 9.537075411188937e-09
37.45 2.8422644131755553e-08 9.485924599096506e-09
37.55 3.559140166723783e-08 1.1878656882000902e-08
37.65 2.5868430181134997e-08 8.635063922126717e-09
37.75 2.5857677767103185e-08 8.631344819009218e-09
37.85 1.638375206982043e-08 5.470952778566652e-09
37.95 1.4657567378606892e-08 4.895897333748793e-09
38.05 1.4927378039989517e-08 4.9850464378478395e-09
38.15 1.0675757308462008e-08 3.565652773199315e-09
38.25 1.2295981846604554e-08 4.111460877117537e-09
38.35 1.4558024516610023e-08 4.862703082530777e-09
38.45 1.599867111250873e-08 5.539169542444677e-09
38.55 1.444284046819677e-08 5.04940052423731e-09
38.65 1.2474183081685257e-08 4.16763482813288e-09
38.75 1.1608610588661329e-08 3.890518412993575e-09
38.85 1.1591095143437421e-08 4.186814814638055e-09
38.95 1.499617146362559e-08 1.0081964035084914e-08
39.05 1.350806109439489e-08 8.61990310439047e-09
39.15 1.2196104284512192e-08 4.0755045187592325e-09
39.25 1.1633341678875698e-08 3.8881076740990454e-09
39.35 1.1817677991973278e-08 4.412145517663567e-09
39.45 1.0653820783081979e-08 3.560886259161826e-09
39.55 9.849710212664718e-09 3.2924612213588254e-09
39.65 9.343450746078532e-09 3.1228356804277956e-09
39.75 8.233748273752466e-09 2.7526946680112376e-09
39.85 1.2625286773504064e-08 4.219201425310816e-09
39.95 1.707822181958325e-08 5.706197883829429e-09
40.5 2.6260386437542693e-08 5.239836056544185e-09
41.5 2.0342776306062376e-08 1.0612487045702456e-08
42.5 2.0375390516850118e-08 4.341183288157152e-09
43.5 4.793238916535526e-08 7.743587984701772e-09
44.5 2.984502639291802e-08 7.905098512879403e-09
45.5 3.506108941721697e-08 5.8649632300672e-09
46.5 9.99452902671859e-08 1.3149973806015324e-08
47.5 4.733301586533643e-08 8.579732370365335e-09
48.5 7.468974514311367e-08 1.5164023401730217e-08
49.5 9.717723471391142e-08 3.542128147145793e-08
50.5 1.0064111316817435e-07 2.7872350904291195e-08
51.5 3.767273034916116e-08 1.2183145649049551e-08
52.5 4.302334155103518e-08 1.671098050013959e-08
53.5 4.4388838318577717e-08 7.626772151999637e-09
54.5 2.675775932633617e-08 5.399982508053707e-09
55.5 1.4350535743124804e-07 1.9916362194209912e-08
56.5 3.2175121448443016e-08 5.478052729511504e-09
57.5 2.6902715745090257e-08 5.702945957653417e-09
58.5 2.2927617530585277e-07 4.218210618013736e-08
59.5 4.146475673462756e-08 7.111117400518079e-09
60.5 1.0049395497067189e-07 2.529792787102137e-08
61.5 8.526198964006978e-08 2.258925410529763e-08
62.5 2.4329141315212563e-07 3.794265691260369e-08
63.5 2.1710648215933623e-07 2.9363230159293344e-08
64.5 3.149171329524794e-08 5.731195232369458e-09
65.5 3.083489670965373e-08 5.387459399379426e-09
66.5 3.58543003327253e-08 6.419163671822976e-09
67.5 3.040707230572686e-08 5.962466377852092e-09
68.5 7.040382937043182e-08 1.0040500104635148e-08
69.5 5.309714135440823e-08 1.0291393699220467e-08
70.5 1.2851549645770636e-07 1.696277374115799e-08
71.5 5.127713412208765e-08 8.272533159511287e-09
72.5 4.899099045568861e-08 1.1503366874351005e-08
73.5 3.514987160232574e-08 6.1810178133570875e-09
74.5 5.1818537764501574e-08 7.844590676042362e-09
75.5 7.169623053993051e-08 1.0142357754094678e-08
76.5 1.8722967676091509e-07 2.195675997219197e-08
77.5 1.596160643929875e-07 2.104644149958191e-08
78.5 2.3349108253138243e-07 2.7940066743814e-08
79.5 1.5835682523582485e-07 2.0962342055191296e-08
80.5 1.2100505765663634e-07 1.8746792417956952e-08
81.5 1.2696771764276807e-07 1.980229907135677e-08
82.5 1.501268318880624e-07 2.4060127693381262e-08
83.5 3.6365763264890125e-07 4.652053010049876e-08
84.5 2.0355054079326072e-07 3.246164615303861e-08
85.5 2.3878260220026383e-07 3.848411468056965e-08
86.5 2.6706934025169495e-07 4.212541466742042e-08
87.5 3.1111923962506684e-07 4.906307327375734e-08
88.5 3.5083577193439094e-07 5.6053845921849125e-08
89.5 3.9035451509480466e-07 6.20464630825465e-08
90.5 4.5669686009639865e-07 7.136720445015483e-08
91.5 3.7762254684602867e-07 5.962163423614836e-08
92.5 1.243266578776256e-07 1.880778142167048e-08
93.5 1.2467023294604275e-07 1.852576802414969e-08
94.5 8.805694497294277e-08 1.317060185792947e-08
95.5 6.763717351885958e-08 1.0326052828984575e-08
96.5 4.672707621077639e-08 7.047604349556787e-09
97.5 8.6100547219902e-07 2.1446278336209606e-07
98.5 9.661127286569569e-08 1.2768737184888365e-08
99.5 1.3709435252925703e-07 2.0252058333067682e-08
100.5 5.612209099364176e-08 1.1892075166676004e-08
101.5 7.076850769571209e-08 9.959408937190859e-09
102.5 5.651551377970491e-07 8.536617590087389e-08
103.5 4.550979757848943e-07 5.967804237930855e-08
104.5 6.656142450082828e-08 1.2307276192610524e-08
105.5 5.4076718229061755e-08 7.745788060524588e-09
106.5 4.9911035500545515e-08 7.0667884715281225e-09
107.5 4.9296981240507764e-08 6.919747243535999e-09
108.5 6.141258731067232e-08 1.1172459060384914e-08
109.5 3.968758872298338e-08 6.596997886090754e-09
110.5 4.0636659500954855e-08 6.7646831137631526e-09
111.5 3.487602702721289e-08 5.838342482255079e-09
112.5 3.474579167993316e-08 5.578292595007259e-09
113.5 2.231915444196759e-08 3.838062526147635e-09
114.5 2.749733531585936e-08 4.008327991794562e-09
115.5 3.26471659612259e-08 4.115867425632684e-09
116.5 3.763337954697038e-08 3.7260832955987554e-09
117.5 1.1601643590421019e-07 1.4827136498638768e-08
118.5 3.45510565347467e-08 4.137212353914562e-09
119.5 2.7614337285978887e-08 6.0073800234046684e-09
120.5 1.3487114635869388e-07 2.6359272196569618e-08
121.5 5.368395262721355e-06 8.583416150017831e-07
122.5 5.049222901035557e-08 7.155331348616316e-09
123.5 3.167525668574203e-08 4.5879967937723955e-09
124.5 2.2921201304568727e-08 3.3850060818802613e-09
125.5 2.1093218413545962e-08 2.779174368496494e-09
126.5 2.754521642579895e-08 4.574922163353897e-09
127.5 1.4502058048855608e-08 1.8685731133985996e-09
128.5 1.0928215834563287e-08 1.3867186625347872e-09
129.5 1.42105236881172e-08 1.951246730554532e-09
130.5 9.005247791781825e-08 1.1678018933885169e-08
131.5 1.3517642090889503e-08 1.847554666299684e-09
132.5 9.903994878545642e-09 1.3334520004280622e-09
133.5 8.647657530126018e-08 1.3446787391154415e-08
134.5 7.598571930273919e-09 1.0616980881313282e-09
135.5 1.6050986066462362e-08 1.9081855450389343e-09
136.5 9.000869720758662e-09 1.1355220040305937e-09
137.5 8.794930886707164e-09 1.139642091049398e-09
138.5 7.961255010378325e-09 9.890163846452248e-10
139.5 1.867227320808231e-08 2.8626654317815983e-09
140.5 1.4609236691798294e-08 2.0435076192819645e-09
141.5 7.928778798740927e-09 9.927011083950925e-10
142.5 7.941765452394438e-09 1.031832626148583e-09
143.5 8.288204827813634e-09 1.0186283068251929e-09
144.5 7.775306033576973e-09 9.769476653526195e-10
145.5 7.811394826645732e-09 1.040783837572444e-09
146.5 9.202174674258121e-09 1.1380950497795126e-09
147.5 1.1176414122778574e-08 1.3930639152797993e-09
148.5 1.0950210324154335e-08 1.360565943913325e-09
149.5 9.361859816752204e-09 1.1771100084671073e-09
150.5 9.996902631792153e-09 1.2426845108244227e-09
151.5 1.0416348683322802e-08 1.3152066252208823e-09
152.5 1.2464632955201468e-08 1.5980607577755978e-09
153.5 1.388759071189183e-08 1.7694354168492735e-09
154.5 2.4128365073959125e-08 3.2372996455555353e-09
155.5 2.1029677896469863e-08 2.7579827050429704e-09
156.5 1.9462173205047004e-08 2.5007611792698285e-09
157.5 1.4927500275601157e-08 1.965860728424467e-09
158.5 1.4072347292783718e-08 1.8626078571473459e-09
159.5 2.7137169775152214e-08 3.4433597320258474e-09
160.5 1.8193510269022663e-08 1.9561077490341726e-09
161.5 2.1835722077097268e-08 2.532690748469925e-09
162.5 2.4779756326705236e-08 3.0471188418314965e-09
163.5 2.630158618430342e-08 3.4286571227153143e-09
164.5 3.143399811182618e-08 4.292457081458412e-09
165.5 5.006016591056998e-08 7.14948120072724e-09
166.5 3.452452588045981e-08 5.18085668322515e-09
167.5 4.037435494753932e-08 6.310971491763745e-09
168.5 4.3349432877499053e-08 7.013884074906635e-09
169.5 5.716278677475908e-08 9.641338025168357e-09
170.5 6.498637214236274e-08 1.1398898490629573e-08
171.5 6.502192139608415e-08 1.1874758885357487e-08
172.5 7.171753966049002e-08 1.358734073072631e-08
173.5 7.032888170086649e-08 1.3792202033663894e-08
174.5 8.558817565098597e-08 1.7403681626577762e-08
175.5 1.0317502008738838e-07 2.178292144099623e-08
176.5 1.0931387252015084e-07 2.3911611957478315e-08
177.5 1.311834124008963e-07 2.982291906315539e-08
178.5 1.4334947812550803e-07 3.376740982600893e-08
179.5 1.4285966686317142e-07 3.497075470336498e-08
180.5 1.7795627449927523e-07 4.534668574832106e-08
181.5 2.0205907666977252e-07 5.3750469952781724e-08
182.5 1.8835598727583745e-07 5.2130535816157266e-08
183.5 1.9362160581018533e-07 5.5980716934523886e-08
184.5 1.617392839507978e-07 4.9010240884925585e-08
185.5 1.746278655510362e-07 5.5694416544065596e-08
186.5 1.897232352228159e-07 6.395464995933995e-08
187.5 1.9923519034003923e-07 7.133925562916537e-08
188.5 1.8002828257630382e-07 6.896364583654888e-08
189.5 1.240187550788865e-07 5.136547354979933e-08
190.5 nan nan
191.5 nan nan
192.5 nan nan
193.5 nan nan
194.5 nan nan
190.5 2.587096929934248e-07 9.155690736116839e-08
191.5 2.6011135790811886e-07 9.598765723102129e-08
192.5 2.625225204027455e-07 1.0104095454200404e-07
193.5 1.920881871612315e-07 7.708789487654532e-08
194.5 2.9576143662210723e-07 1.2377742948251148e-07
195.5 2.707077044986924e-07 1.181279891024138e-07
196.5 2.877630087026846e-07 1.3091581001460664e-07
197.5 2.751417784750537e-07 1.3049635317032966e-07
198.5 2.6086330816886105e-07 1.289741401206196e-07
199.5 2.661139555007356e-07 1.371626114702276e-07
200.5 2.7135047896981073e-07 1.4577850308171228e-07
201.5 2.846286718552485e-07 1.593496147318568e-07
202.5 2.6497203325882027e-07 1.5454784086475048e-07
203.5 2.8839813320629886e-07 1.751935180381943e-07
204.5 3.0047830320044673e-07 1.9003531518807313e-07
205.5 2.912316268948751e-07 1.9165050885095687e-07
206.5 2.849474292637952e-07 1.9498913640916672e-07
207.5 3.112414453344937e-07 2.213040031439228e-07
208.5 3.3933529501369515e-07 2.5044433639046034e-07
209.5 4.6789334344770683e-07 3.5805207731343853e-07
210.5 5.839513203683443e-07 4.6280954171385234e-07
211.5 6.777044878559978e-07 5.555116548157909e-07
212.5 6.209814331173907e-07 5.257085659457298e-07
213.5 5.428077108909674e-07 4.738772328584007e-07
214.5 7.521877359774795e-07 6.761232344586703e-07
215.5 6.005096193101167e-07 5.549294287915193e-07
216.5 5.694716731508115e-07 5.402097273291842e-07
217.5 5.452823120663393e-07 5.30267954473377e-07
218.5 7.665280139558996e-07 7.63246063964239e-07
219.5 8.031731514388554e-07 8.18049387347177e-07
220.5 3.46923140574244e-07 6.366174892350067e-07
221.5 2.4763133768020015e-07 4.689656115246115e-07
222.5 3.650463776367132e-07 7.128722721669052e-07
223.5 4.6506704153762937e-07 9.357691132557055e-07
224.5 4.2794713962779564e-07 8.865673782429983e-07
225.5 3.781941071541354e-07 8.061213418896344e-07
226.5 2.654943206533956e-07 5.818587234951148e-07
227.5 2.700467924859667e-07 6.081361892671153e-07
228.5 3.8806054107043127e-07 8.974307748626579e-07
229.5 3.2994452553917496e-07 7.831297781947077e-07
230.5 4.02880807744767e-07 9.80899245734116e-07
231.5 3.478077440518929e-07 8.681932308958643e-07
232.5 3.7675874255365767e-07 9.637262830297905e-07
233.5 3.162295514529062e-07 8.285153470081942e-07
234.5 2.572688814185208e-07 6.900731196343315e-07
235.5 4.1432230151851186e-07 1.1372777690592439e-06
236.5 3.1937145677743074e-07 8.967348418497595e-07
237.5 3.878213818764586e-07 1.1134349085998946e-06
238.5 2.6663053292594547e-07 7.824236411952339e-07
239.5 3.3107183026269433e-07 9.926393272791006e-07
240.5 3.0492757641341763e-07 9.337905236791211e-07
241.5 3.569140869573625e-07 1.115966930759722e-06
242.5 5.381326910958181e-07 1.717388626470169e-06
243.5 4.918502820986384e-07 1.6016447682210436e-06
244.5 4.692009481042367e-07 1.558523856995929e-06
245.5 3.7023023121069245e-07 1.2540625167687482e-06
246.5 3.710388670197882e-07 1.2812544225845895e-06
247.5 4.281146620955043e-07 1.5066929200982087e-06
248.5 3.2954335616380714e-07 1.1817094970222978e-06
249.5 4.225689100772762e-07 1.5435370390679165e-06