wavelength(nm)    spectral_current_density(A*m^-2*nm^-1)    error(A*m^-2*nm^-1)
1.05 1.8824665484655033e-10 2.6507550838032404e-10
1.15 4.043010034772802e-10 5.699672193640289e-10
1.25 5.162345704445712e-10 6.81435277912308e-10
1.35 5.456343017510283e-10 7.513411647206128e-10
1.45 1.1726853195056678e-09 1.5945447575104563e-09
1.55 2.2996909778857096e-09 3.1019284286225545e-09
1.65 2.8713589293326273e-09 3.764025327841421e-09
1.75 2.403797790632909e-09 2.8267946125460693e-09
1.85 1.5307134807495886e-09 1.6613055667482679e-09
1.95 1.016092030336849e-09 9.319990647358365e-10
2.05 3.06609458275125e-09 1.8790133326678645e-09
2.15 4.2717598352365405e-09 2.538049267507125e-09
2.25 5.352794685597195e-09 3.1193065159799066e-09
2.35 1.083239961311631e-09 8.881347906408511e-10
2.45 1.0038587386640647e-09 8.059324309383689e-10
2.55 8.93064256422715e-10 6.970491522944874e-10
2.65 4.5158838495676614e-10 3.7152940444533036e-10
2.75 9.455825812607385e-10 5.771611774686395e-10
2.85 1.4865280754277585e-09 8.374198457537713e-10
2.95 2.222168687151985e-09 1.2042355608882624e-09
3.05 1.8624588233854924e-09 1.2072587470117447e-09
3.15 1.8717639246660186e-09 1.4409042799070399e-09
3.25 5.531857052196461e-09 3.2073453886678348e-09
3.35 5.225816658967811e-09 2.9079407076469564e-09
3.45 4.245423647134365e-09 2.190546052258984e-09
3.55 1.5597343260036649e-09 9.701329518379802e-10
3.65 1.4952017153262717e-09 1.0490892524221055e-09
3.75 1.6918030078219072e-09 1.3200838425585437e-09
3.85 2.9401992053594785e-09 1.9940419526404532e-09
3.95 2.3403315862364964e-08 7.96718462019885e-09
4.05 2.782255853712391e-08 9.681051735267908e-09
4.15 2.7831412912773006e-08 9.593917238893124e-09
4.25 7.346234433414997e-09 4.152503240897404e-09
4.35 5.536226567671688e-09 3.2013225420981184e-09
4.45 7.354933622675612e-10 4.4770997366661023e-10
4.55 -1.2158649808234139e-09 7.298886238056912e-10
4.65 7.092738569822143e-10 3.7835514441309835e-10
4.75 3.5631710336215572e-09 1.7367436197661423e-09
4.85 2.198652845550403e-09 9.848986175525047e-10
4.95 1.1765966713874448e-10 9.787923188032697e-11
5.05 2.7669181016506302e-09 1.3073921394316636e-09
5.15 3.127716813640631e-09 1.4974623310053315e-09
5.25 1.4819664282354902e-09 8.01594816696437e-10
5.35 2.2377192911222934e-09 1.2558798717155009e-09
5.45 3.727360689088735e-09 1.5321764318955015e-09
5.55 4.406105023837346e-09 1.716545202770805e-09
5.65 4.760542308805733e-09 1.6280126598226958e-09
5.75 2.4240102754192535e-09 9.509901295782878e-10
5.85 1.8388038529098867e-09 8.474211093255485e-10
5.95 1.4999405931282766e-09 5.638793252079888e-10
6.05 2.8002878999750086e-09 1.0382293629252553e-09
6.15 3.56249119212843e-09 1.3057034820407488e-09
6.25 4.247278679632203e-09 2.3550825268131655e-09
6.35 3.5189858511384416e-09 2.018370006719812e-09
6.45 2.915286161477171e-09 1.6913659438402077e-09
6.55 2.3388538859949857e-09 1.0536596849788335e-09
6.65 2.7475297589591443e-09 1.2791100777679142e-09
6.75 2.4150172901620016e-09 1.0629578678541122e-09
6.85 3.0595062000349293e-09 1.2828261940918309e-09
6.95 3.0753759651478406e-09 1.1592027678966323e-09
7.05 3.5484369104508944e-09 1.8262722852402247e-09
7.15 3.675718759695492e-09 2.420003666491418e-09
7.25 3.156613205784103e-09 2.2356267778156594e-09
7.35 2.741151093393751e-09 1.5595990189390059e-09
7.45 2.2554766021816602e-09 1.3739546262132928e-09
7.55 2.2551055016273686e-09 1.7858514762281217e-09
7.65 1.9380839852323884e-09 1.616591130079873e-09
7.75 1.4066516771542854e-09 1.0385461195823933e-09
7.85 1.2094520552542562e-09 8.180948448336481e-10
7.95 1.056624532636785e-09 7.927058636261744e-10
8.05 1.0877919460692636e-09 7.531187997185051e-10
8.15 1.2733292572810786e-09 8.335493446783018e-10
8.25 1.5012785888336335e-09 9.380488442276112e-10
8.35 1.3920169763041484e-09 8.884420987493581e-10
8.45 1.1304065585489972e-09 7.313218995735888e-10
8.55 9.16298580232409e-10 5.843556259393743e-10
8.65 8.291996567466819e-10 4.652060488422504e-10
8.75 8.187556790456801e-10 4.2402978588485465e-10
8.85 7.896352726160609e-10 4.53749761568865e-10
8.95 7.697249354336683e-10 4.895438122903441e-10
9.05 7.796612693809897e-10 4.76874956772683e-10
9.15 8.090071865916605e-10 4.959868948757149e-10
9.25 8.509743994806359e-10 5.250286150853935e-10
9.35 8.679187524358536e-10 5.748450224410023e-10
9.45 9.117947681535731e-10 4.704255140975252e-10
9.55 9.31932602882653e-10 3.8240441565084573e-10
9.65 9.810301369806612e-10 3.9768594793972264e-10
9.75 9.050213546051957e-10 3.7524087410327165e-10
9.85 7.687962205221294e-10 3.4444343968538684e-10
9.95 7.459152068283688e-10 3.254035192590568e-10
10.05 7.094365662923868e-10 3.581385823573948e-10
10.15 8.257857653159656e-10 3.8833681596388576e-10
10.25 9.551106853649344e-10 3.891045657641438e-10
10.35 1.001251476004805e-09 4.5210745784561855e-10
10.45 9.382950479456052e-10 4.0219587301271134e-10
10.55 6.514882835506444e-10 2.484733764635574e-10
10.65 5.441221569300499e-10 2.0204793852843177e-10
10.75 4.76873506891116e-10 2.331239448416177e-10
10.85 4.5365808328694495e-10 2.9679892906053633e-10
10.95 4.3793712482372823e-10 2.702441713857453e-10
11.05 5.340740739943794e-10 2.3134526186009039e-10
11.15 6.280566185522613e-10 2.550334398172299e-10
11.25 7.223396598342563e-10 2.365190066409977e-10
11.35 6.635986544922855e-10 2.2527910107815444e-10
11.45 6.872643387918618e-10 2.2858846532273283e-10
11.55 7.16175294006622e-10 2.3461124505920064e-10
11.65 7.435025505520667e-10 2.954570951972119e-10
11.75 6.672509388954774e-10 2.714981791997473e-10
11.85 4.943823631813181e-10 1.925811842106024e-10
11.95 3.982864366415966e-10 1.7895159593740484e-10
12.05 3.921069006697578e-10 1.9726205539705786e-10
12.15 4.179707163365535e-10 2.0521639581408506e-10
12.25 4.3284683537932773e-10 1.9251607260893648e-10
12.35 4.023655873275221e-10 1.84412112578672e-10
12.45 3.1681260997106337e-10 1.652284704164232e-10
12.55 2.2549901406543677e-10 1.203312712406719e-10
12.65 2.483285800869631e-10 1.1202526338388364e-10
12.75 2.8371244819378527e-10 1.3022000219483534e-10
12.85 3.7351653772720056e-10 1.556245570241777e-10
12.95 4.700206361395378e-10 1.727174190970269e-10
13.05 6.349335531811346e-10 2.2560028441294677e-10
13.15 6.119692108729841e-10 2.200772240166819e-10
13.25 5.284345973717432e-10 2.0950336058943471e-10
13.35 4.18088900459469e-10 2.1728081838978133e-10
13.45 3.940387933353323e-10 1.8890246411135835e-10
13.55 3.8666448282147216e-10 1.589297366009357e-10
13.65 3.8421181959539655e-10 1.552611105733966e-10
13.75 4.346573192341828e-10 1.7938305448798228e-10
13.85 4.391633667491266e-10 1.8630927781850614e-10
13.95 5.133129090344232e-10 2.1577528524208443e-10
14.05 6.003285911275443e-10 3.3901159777612786e-10
14.15 5.883749644628489e-10 3.217982781109532e-10
14.25 5.380241180916922e-10 2.0429013107055484e-10
14.35 8.276742002756973e-10 2.7244855549698143e-10
14.45 1.1651797147801722e-09 4.0442242908491956e-10
14.55 1.2174898781873178e-09 4.2324174242402205e-10
14.65 1.157546259373331e-09 4.1935400505267565e-10
14.75 2.082426449268081e-09 1.0377891517645904e-09
14.85 2.4387014920760567e-09 1.2591978603018948e-09
14.95 2.421761649628404e-09 9.274058996493403e-10
15.05 1.5622540007563987e-09 5.104187406113139e-10
15.15 1.8560930270209783e-09 1.1702923143675528e-09
15.25 1.6349351149754474e-09 1.3241540849147228e-09
15.35 1.401693957756106e-09 1.091017729695818e-09
15.45 1.0692457521154748e-09 8.615766624242328e-10
15.55 8.27866790106962e-10 5.135340465950339e-10
15.65 8.468724672509272e-10 5.865771310262521e-10
15.75 1.4210554126936457e-09 1.187856456833181e-09
15.85 1.58428198162663e-09 1.153244116804679e-09
15.95 1.4128523173677785e-09 6.92319521112018e-10
16.05 1.2027009749170591e-09 7.7707806152062e-10
16.15 1.1344025674163704e-09 8.316272132482005e-10
16.25 8.883116493961788e-10 7.017426671321129e-10
16.35 1.2174624937016603e-09 1.1840392780395425e-09
16.45 1.4854845046958918e-09 1.4140387464890766e-09
16.55 1.440499278175706e-09 1.0005308120306068e-09
16.65 3.4190949899302895e-09 1.109374558055454e-09
16.75 6.905871055955682e-09 2.2386516937721167e-09
16.85 9.153227104445625e-09 2.965487151537955e-09
16.95 2.9551090291130786e-08 9.560779306977842e-09
17.05 4.900175855269106e-08 1.584806832154405e-08
17.15 4.959729661421441e-08 1.6037587063804112e-08
17.25 2.863869050035932e-08 9.258748528478834e-09
17.35 3.554935719432209e-08 1.1493149414035331e-08
17.45 4.005992687282327e-08 1.2945306045014151e-08
17.55 4.5273260703046354e-08 1.4629847048271622e-08
17.65 3.091287725199468e-08 9.990572102530429e-09
17.75 2.7152817353732307e-08 8.772645281302718e-09
17.85 2.3292505277482296e-08 7.52550499622703e-09
17.95 2.8888653261030044e-08 1.116007762223602e-08
18.05 3.214837364904756e-08 1.5115379823597807e-08
18.15 3.052314965603188e-08 1.139930990597878e-08
18.25 9.440201877710734e-09 4.069135189699992e-09
18.35 1.594114817099989e-08 5.149283665985371e-09
18.45 1.6449636347160333e-08 5.659947598285917e-09
18.55 1.8773638358963074e-08 6.066824367152294e-09
18.65 1.5360864713431166e-08 7.46773376683838e-09
18.75 3.0852429664579746e-08 1.51163132405682e-08
18.85 2.9626460364158937e-08 1.3159658740842157e-08
18.95 2.5751453846828447e-08 8.313582902550213e-09
19.05 1.1101947192378509e-08 4.607332557158387e-09
19.15 1.5866162377361893e-08 7.3567143461082336e-09
19.25 2.507188074282151e-08 1.4951077722274183e-08
19.35 2.9375546541508013e-08 1.7212859124405722e-08
19.45 3.4834452497071125e-08 2.3978047455753862e-08
19.55 2.5391641628501234e-08 1.8575615132836455e-08
19.65 1.62421200041673e-08 7.761957735037745e-09
19.75 8.32281884083088e-09 4.7255858959016145e-09
19.85 6.790759556181038e-09 3.139106272385506e-09
19.95 7.159590340480707e-09 4.260050635887498e-09
20.05 1.1762504115333045e-08 9.039844591408223e-09
20.15 2.312132400616654e-08 2.1766948218300192e-08
20.25 2.4309641001392488e-08 2.2176928967651505e-08
20.35 1.8782374891649788e-08 1.6816097821119623e-08
20.45 1.3224621027201686e-08 1.4410271782117269e-08
20.55 7.453391229225515e-09 5.051879795192153e-09
20.65 8.009219340289434e-09 3.6758258041206197e-09
20.75 9.298976021108359e-09 4.548742512481266e-09
20.85 1.104754049804819e-08 6.381788908718683e-09
20.95 1.1810669477236006e-08 9.522378668458317e-09
21.05 2.176972356307371e-08 2.563800850405332e-08
21.15 2.089298383916754e-08 2.6050666028991273e-08
21.25 1.3392550989101065e-08 1.3851438490660258e-08
21.35 7.877083015472987e-09 5.2561021812667765e-09
21.45 8.732689353833003e-09 5.989993032469359e-09
21.55 1.1400938602116285e-08 4.771239264394448e-09
21.65 1.5211293230398514e-08 6.592756449722181e-09
21.75 1.7827772015124256e-08 8.879194199257204e-09
21.85 1.903255514237351e-08 1.2971902424062494e-08
21.95 2.2407399741785747e-08 1.906050852009295e-08
22.05 2.1500839981182836e-08 1.628095891195241e-08
22.15 1.8949582329090204e-08 1.2026969043418405e-08
22.25 1.806231322323168e-08 1.0954931844070013e-08
22.35 2.3867253092892544e-08 1.0487608346244672e-08
22.45 3.235099589019914e-08 1.3358710386858144e-08
22.55 4.025151859301274e-08 1.388485143412831e-08
22.65 4.066422654822089e-08 1.500100526444839e-08
22.75 3.726100199206307e-08 1.585053863902838e-08
22.85 2.623390046961001e-08 1.11274478680876e-08
22.95 1.9993515679688878e-08 6.565499294727514e-09
23.05 1.738041576193086e-08 5.590869877585843e-09
23.15 1.7511089747595444e-08 6.022561580084724e-09
23.25 2.006757138021671e-08 7.628781943080342e-09
23.35 2.818960321506029e-08 1.2624991496437576e-08
23.45 2.8130647542817625e-08 1.2630739572784256e-08
23.55 2.2244712524871502e-08 7.977657715109503e-09
23.65 1.9335787677670414e-08 7.204621141352535e-09
23.75 2.279229485261096e-08 7.994678333493628e-09
23.85 2.2683258067885583e-08 1.1278208586981564e-08
23.95 2.3232021162711217e-08 1.467008096864819e-08
24.05 3.678820349834939e-08 1.4795854795588681e-08
24.15 4.857753340661888e-08 1.5617401102709093e-08
24.25 5.185087134406994e-08 1.81250622742655e-08
24.35 4.2228420317036174e-08 2.246346156427909e-08
24.45 3.137078914008471e-08 1.7457451106917055e-08
24.55 2.533544297452875e-08 1.4102131586049525e-08
24.65 2.082910698868388e-08 1.4044394657641542e-08
24.75 1.5184039333982273e-08 8.495429709849384e-09
24.85 1.5242735233722656e-08 1.0778777291824447e-08
24.95 1.2746366999463075e-08 1.1123140554700023e-08
25.05 1.2350226804559412e-08 1.1728856417044918e-08
25.15 2.0297997641506633e-08 2.595777389524259e-08
25.25 1.9777057292672387e-08 2.1906589888633095e-08
25.35 1.31172055318087e-08 7.527217087966011e-09
25.45 1.827558102692984e-08 6.751364911229535e-09
25.55 7.087137496154507e-08 2.417360410143201e-08
25.65 1.1096359857005586e-07 4.9237386308202285e-08
25.75 1.158945637477793e-07 5.085766237559589e-08
25.85 6.048064101417165e-08 2.5907832923208022e-08
25.95 2.6669297695427216e-08 1.249645245769704e-08
26.05 1.8200351629504193e-08 1.1129945962221328e-08
26.15 1.3264745915142138e-08 9.720582412204467e-09
26.25 1.3465195362121666e-08 1.2813882218541439e-08
26.35 1.9435333212252992e-08 1.9276213789616007e-08
26.45 2.6115158183154517e-08 2.984852757925277e-08
26.55 2.4016771619803874e-08 2.595468728393176e-08
26.65 6.124434311834719e-09 3.873040790189991e-09
26.75 4.616299987609731e-09 2.7464666899337324e-09
26.85 3.134180879412395e-09 2.374262190008417e-09
26.95 8.9205663887931e-09 1.070644536040132e-08
27.05 1.5639317987877004e-08 1.703977725723904e-08
27.15 2.0068436690947494e-08 1.7277478029326405e-08
27.25 1.4687033545364992e-08 8.365851096165383e-09
27.35 2.7147259708417188e-08 3.227966776815634e-08
27.45 2.981040196803884e-08 3.5764964759782245e-08
27.55 2.4348711014562964e-08 1.349684649915385e-08
27.65 2.8316472342915007e-08 1.0227698432191306e-08
27.75 2.892571326083048e-08 1.1529502680553144e-08
27.85 2.0383907075907624e-08 6.784197574896344e-09
27.95 1.2128603948920032e-08 4.4097667956693476e-09
28.05 7.940406247807166e-09 5.10453477773047e-09
28.15 7.289095903397475e-09 5.67001279178368e-09
28.25 1.102557854266293e-08 7.855069248990763e-09
28.35 1.0576726277070474e-07 1.693023214620786e-07
28.45 1.1885878225277404e-07 1.896391156958185e-07
28.55 3.6355769399260203e-08 4.9423266204774725e-08
28.65 7.45198774708145e-09 7.779028814703919e-09
28.75 7.841126314330247e-09 9.374189225192486e-09
28.85 1.0092727914410218e-08 1.3391264600244098e-08
28.95 1.339147024752987e-08 1.1419636994403528e-08
29.05 1.43454824369179e-08 1.088324828663358e-08
29.15 2.4864754671642357e-08 1.550598195289438e-08
29.25 2.2021062473605726e-08 1.3540795212520807e-08
29.35 1.7602049198815213e-08 7.713003227434122e-09
29.45 1.1774270471005745e-08 4.481269990283048e-09
29.55 2.2549099732468853e-08 9.693678331195053e-09
29.65 2.2229883673779373e-08 9.632863462034228e-09
29.75 1.5318034766358147e-08 5.202783423532749e-09
29.85 4.301194436261116e-09 4.676329640027977e-09
29.95 5.290165838343625e-09 5.57351991866273e-09
30.05 5.394573141381959e-09 5.283073785659848e-09
30.15 8.514953765917777e-09 4.951033239428271e-09
30.25 1.4138709353976962e-06 4.546430239309534e-07
30.35 1.7142748614984713e-06 5.513789454166578e-07
30.45 1.7226683677607493e-06 5.540246879231574e-07
30.55 3.136318747445738e-07 1.0085415245662935e-07
30.65 1.8221842184540886e-08 5.976469894946106e-09
30.75 1.3789573705064812e-08 6.395874034778724e-09
30.85 1.1771386317995778e-08 7.344416813352846e-09
30.95 9.325827350003399e-09 5.830420173108642e-09
31.05 1.06860428633004e-08 4.813986307858046e-09
31.15 1.8939386071521115e-08 1.29808131354304e-08
31.25 3.03859221928432e-08 1.637519691171968e-08
31.35 4.4049677979203916e-08 1.4178006928935054e-08
31.45 5.995932496173708e-08 1.930086104871142e-08
31.55 6.672581778503405e-08 2.148323878639662e-08
31.65 4.7785886603280336e-08 1.539273540449039e-08
31.75 2.819713644730842e-08 9.091480671616696e-09
31.85 3.07165685497154e-08 9.904432918421888e-09
31.95 3.748079612438864e-08 1.2080854100000548e-08
32.05 3.8270014480129816e-08 1.4417880195704061e-08
32.15 2.005394682668581e-08 1.1937610390607313e-08
32.25 7.036941286235865e-09 5.506446579864279e-09
32.35 5.443115057520748e-09 3.922552456205122e-09
32.45 5.345985106523529e-09 4.403943487433594e-09
32.55 5.97497607849571e-09 5.168264587039454e-09
32.65 6.867180937142048e-09 6.947188519881022e-09
32.75 9.081682306512123e-09 9.223500971838676e-09
32.85 7.442867917012258e-09 7.310136422792917e-09
32.95 6.17493906973222e-09 4.997523211759853e-09
33.05 4.21217170832854e-09 3.913201788400567e-09
33.15 7.763709008583987e-09 4.8934422416550785e-09
33.25 1.0893399356305973e-08 8.829481663421794e-09
33.35 2.3922350888528155e-08 2.959903346973875e-08
33.45 6.776161130792633e-08 1.0462769733968222e-07
33.55 8.183189392785864e-08 1.2473827135677638e-07
33.65 4.269354886091415e-08 6.308618330479574e-08
33.75 9.389166217948991e-09 7.524196056332634e-09
33.85 1.2055171935806574e-08 7.904900057895835e-09
33.95 1.168159188624476e-08 6.552397285233735e-09
34.05 1.581756641218269e-08 6.8382209716771405e-09
34.15 2.6014895845691268e-08 1.3886659226256768e-08
34.25 2.5028506998883578e-08 1.342241140262333e-08
34.35 1.8569786930831827e-08 7.395055824371885e-09
34.45 2.6778194567038e-08 8.775774404036078e-09
34.55 3.119788220714828e-08 1.0968990010208465e-08
34.65 4.5171746889744134e-08 1.7772911218049327e-08
34.75 3.8439701326973246e-08 2.614509012514339e-08
34.85 4.964636142032715e-08 2.8538987724300084e-08
34.95 3.7704409226777216e-08 2.106618236080946e-08
35.05 3.010928721675373e-08 1.2692002332088943e-08
35.15 3.040186447330018e-08 1.4874451729150622e-08
35.25 2.9171670694967093e-08 1.8798598972508632e-08
35.35 3.341018581667353e-08 2.200926144115649e-08
35.45 2.1412096655303993e-08 1.8591195129956533e-08
35.55 2.4292612043450825e-08 1.7706855127307584e-08
35.65 2.0012255611068705e-08 1.556020270608551e-08
35.75 1.831856118711887e-08 1.0536860275395167e-08
35.85 1.8351186441468433e-08 1.4999761404398796e-08
35.95 3.7462674276088905e-08 4.373228426205927e-08
36.05 7.452833091082943e-08 1.095330667099027e-07
36.15 5.880489280030067e-08 9.246974327885446e-08
36.25 1.2791003528792795e-08 1.5029907724494093e-08
36.35 2.642169067167471e-08 2.489473120190137e-08
36.45 4.07805784614664e-08 3.554223715415158e-08
36.55 3.749270690012628e-08 2.9428761232557632e-08
36.65 6.010137687230583e-08 1.972254598448049e-08
36.75 1.4245973581318745e-07 4.6648861886319786e-08
36.85 1.5075261665243998e-07 4.9376817020985854e-08
36.95 1.0535345448950282e-07 3.448937394582819e-08
37.05 1.0092251389869131e-08 3.305936061123845e-09
37.15 4.232849272650852e-09 1.3999187285243036e-09
37.25 6.432167607171569e-09 2.111726283308943e-09
37.35 1.0804709798648915e-08 3.533331875393813e-09
37.45 1.103507829018889e-08 3.6069917866825505e-09
37.55 1.4179801024799614e-08 4.6332891584370565e-09
37.65 1.0569449467812898e-08 3.4529437542028884e-09
37.75 1.0828215054082508e-08 3.5361328962113812e-09
37.85 7.027149840483412e-09 2.294884876460933e-09
37.95 6.434671142778744e-09 2.10125056881175e-09
38.05 6.702461194841381e-09 2.187471870265758e-09
38.15 4.899053098853893e-09 1.5985470627946625e-09
38.25 5.762423738474508e-09 1.8818536027062264e-09
38.35 6.96192502260151e-09 2.2703079208309865e-09
38.45 7.800877167216887e-09 2.6405308656177085e-09
38.55 7.174387068002055e-09 2.4526087748255843e-09
38.65 6.3073972548748755e-09 2.0554341622555037e-09
38.75 5.9696870400891266e-09 1.95118414773077e-09
38.85 6.056914506593188e-09 2.1407953928475025e-09
38.95 7.955754649777585e-09 5.315415981600867e-09
39.05 7.269144089919818e-09 4.6063351824556425e-09
39.15 6.651412464000711e-09 2.165146706564285e-09
39.25 6.424091371634685e-09 2.091074862819145e-09
39.35 6.601852280610415e-09 2.413058068779939e-09
39.45 6.015589677466804e-09 1.9574548814190944e-09
39.55 5.616297257125821e-09 1.8274251171907978e-09
39.65 5.375331887045058e-09 1.748528609471131e-09
39.75 4.775165819555601e-09 1.5535489601988267e-09
39.85 7.374820658947143e-09 2.398048158934427e-09
39.95 1.0039329555691345e-08 3.2634696692058107e-09
40.5 1.575766901894526e-08 2.8965375867693446e-09
41.5 1.2049072453937583e-08 6.216295260212654e-09
42.5 1.1488840234579157e-08 2.2815034980140195e-09
43.5 2.5570364035171412e-08 3.6209083014546454e-09
44.5 1.517174529452876e-08 3.838179104689021e-09
45.5 1.7071557122569304e-08 2.522910654711633e-09
46.5 4.6648069628241366e-08 4.958352302608565e-09
47.5 2.133710900268153e-08 3.498626068656661e-09
48.5 3.339839979508914e-08 6.262843174339961e-09
49.5 4.539939462321359e-08 1.617394704158362e-08
50.5 5.152751894665571e-08 1.3718191486709691e-08
51.5 2.0897224192359366e-08 6.559302670602124e-09
52.5 2.3345887925159163e-08 8.836221792038334e-09
53.5 2.4583846196571006e-08 3.5267766253628757e-09
54.5 1.607614002076599e-08 2.832439469688546e-09
55.5 9.669589143077655e-08 9.360152976622628e-09
56.5 2.425592323632807e-08 3.3642631171418428e-09
57.5 2.2059712957798487e-08 4.152317314487798e-09
58.5 1.970891717592934e-07 3.0843833054667015e-08
59.5 3.62534411855418e-08 5.131177970043398e-09
60.5 8.791442963131501e-08 2.039795843242295e-08
61.5 7.438660724329104e-08 1.8288177358304725e-08
62.5 2.1271997688998528e-07 2.5515960436204784e-08
63.5 1.917083474770241e-07 1.7418604976600356e-08
64.5 2.826971571952743e-08 4.295668798017641e-09
65.5 2.8241976237417354e-08 4.054460157458384e-09
66.5 3.352101988240974e-08 5.010157955336865e-09
67.5 2.896770466299424e-08 4.932834301414503e-09
68.5 6.816952548988761e-08 7.205730373641259e-09
69.5 5.2146672685069566e-08 8.832293131712553e-09
70.5 1.2793629295702165e-07 1.2005952561519978e-08
71.5 5.18026148528353e-08 6.8811086273796266e-09
72.5 5.0373480034712566e-08 1.0914495532030452e-08
73.5 3.694136050427753e-08 5.5895689252427596e-09
74.5 5.5938783051209934e-08 6.854917773404338e-09
75.5 7.988107455941116e-08 8.827353667624621e-09
76.5 2.1613722966629052e-07 1.67907019574466e-08
77.5 1.9136551284094762e-07 1.88889752683011e-08
78.5 2.9088094367006415e-07 2.3906023499703302e-08
79.5 2.047454369777492e-07 2.0530616066171425e-08
80.5 1.619831547071491e-07 2.090908790145984e-08
81.5 1.7548932495912722e-07 2.2985569872778113e-08
82.5 2.1377610037785813e-07 2.9261954453296186e-08
83.5 5.33024021829334e-07 5.245796260657801e-08
84.5 3.0730821002807415e-07 4.243217911515118e-08
85.5 3.720508760144265e-07 5.2544140028907476e-08
86.5 4.3047526331724205e-07 5.963741183053783e-08
87.5 5.195150185034698e-07 7.255501580124939e-08
88.5 6.062820166613465e-07 8.667778969647437e-08
89.5 6.948748583653784e-07 9.922972161672138e-08
90.5 8.304979610359543e-07 1.1659927887501156e-07
91.5 6.942644461772413e-07 9.910081864878255e-08
92.5 2.2898261107320352e-07 3.1191286388910046e-08
93.5 2.2903766363546575e-07 3.083260268105329e-08
94.5 1.6179668009754535e-07 2.2279157556038836e-08
95.5 1.252473938551641e-07 1.795141682125753e-08
96.5 8.758584606820648e-08 1.2531847526648947e-08
97.5 1.6158915425930062e-06 3.9486918278578605e-07
98.5 1.771347706246723e-07 2.123035759514719e-08
99.5 2.491319647041288e-07 3.3650464368527435e-08
100.5 1.0711281912361412e-07 2.193272483328899e-08
101.5 1.274642098536016e-07 1.7240681288058402e-08
102.5 1.0177547213777307e-06 1.505892892369408e-07
103.5 8.304881145129712e-07 1.0755038793928208e-07
104.5 1.2366811057213428e-07 2.2864169357565856e-08
105.5 1.033555964648258e-07 1.481843401802203e-08
106.5 9.984256629599584e-08 1.3908812283306352e-08
107.5 1.0510546507071466e-07 1.3903164639108401e-08
108.5 1.4097164657489872e-07 2.382646330780482e-08
109.5 9.75761963946516e-08 1.3929211287667673e-08
110.5 1.0461472308951695e-07 1.4011930786665259e-08
111.5 9.070004955074204e-08 1.1722425858167672e-08
112.5 8.775066096489475e-08 1.0534033442709167e-08
113.5 5.3026560307976356e-08 7.411757287682673e-09
114.5 6.04656137763708e-08 6.976145067220517e-09
115.5 6.663735027650177e-08 6.738041058325244e-09
116.5 7.335036746632765e-08 5.7009904066053535e-09
117.5 2.3254605355506975e-07 2.6561584061952525e-08
118.5 8.435566955284074e-08 7.4197975525375176e-09
119.5 1.3084431329291831e-07 1.4784706991927899e-08
120.5 3.430066956489211e-07 6.015997181971602e-08
121.5 1.3459897593318044e-05 1.8105940414954429e-06
122.5 1.2082099789724594e-07 1.3555911478646447e-08
123.5 6.995490689684759e-08 8.116526354965328e-09
124.5 4.5703635966480445e-08 5.45851691606529e-09
125.5 3.766573973384904e-08 3.726008090832271e-09
126.5 4.416769587738632e-08 6.243275980195212e-09
127.5 2.10702629813222e-08 1.9951029975724193e-09
128.5 1.45551832842237e-08 1.3364671344117774e-09
129.5 1.7552172338416684e-08 1.852932744809048e-09
130.5 1.0417425413554559e-07 9.917579027259588e-09
131.5 1.4755382819240142e-08 1.5388284707730083e-09
132.5 1.0251753185620609e-08 1.0386930728425932e-09
133.5 8.514192262956615e-08 1.0854267300415964e-08
134.5 7.130185165305444e-09 7.654528275667665e-10
135.5 1.4382813590362539e-08 1.119477665497093e-09
136.5 7.721661782619125e-09 6.799792433317583e-10
137.5 7.247120105687534e-09 6.695782675533742e-10
138.5 6.3229621375188216e-09 5.316936390465831e-10
139.5 1.4324673230007455e-08 1.755600213249472e-09
140.5 1.0816308937655242e-08 1.1314259401619514e-09
141.5 5.632790500660107e-09 4.679256813070766e-10
142.5 5.351812176561921e-09 4.77165015866662e-10
143.5 5.21149372449782e-09 4.046653972924412e-10
144.5 4.479742546841978e-09 3.639151861102306e-10
145.5 4.061897927476514e-09 3.7448296991559716e-10
146.5 4.284304926005295e-09 3.332825838687062e-10
147.5 4.662785316012147e-09 3.7236280834616383e-10
148.5 4.1268359129811e-09 3.3126440403792074e-10
149.5 3.2189588932187654e-09 2.7100096364262877e-10
150.5 3.1496553904415246e-09 2.662913036882979e-10
151.5 2.981595184287031e-09 2.709191934981224e-10
152.5 3.1626217546890236e-09 3.113362524192435e-10
153.5 3.034205479232095e-09 3.157629865003204e-10
154.5 4.496964446393883e-09 5.389377183826767e-10
155.5 3.4724028225274527e-09 4.3365162500232215e-10
156.5 3.133660378906805e-09 4.0725186298152085e-10
157.5 2.6229702556083947e-09 3.6558662498036184e-10
158.5 2.36133414019428e-09 3.5339218938588834e-10
159.5 1.976993996462604e-09 3.441418448204644e-10
160.5 1.9828647819181898e-09 3.751203047993887e-10
161.5 2.2093071181528822e-09 4.707971286908024e-10
162.5 2.3362491197882884e-09 5.545010411728411e-10
163.5 2.3204220575885454e-09 6.097028916620629e-10
164.5 2.607300385081701e-09 7.515627531569665e-10
165.5 3.924162689664392e-09 1.2328058736481258e-09
166.5 2.572211659780732e-09 8.758172981243775e-10
167.5 2.8764392289920462e-09 1.05270097447742e-09
168.5 2.9723982354524482e-09 1.1602405040818529e-09
169.5 3.797815131476031e-09 1.5726517292497464e-09
170.5 4.21247310809911e-09 1.8377979940840834e-09
171.5 4.140869054530654e-09 1.8918518912372647e-09
172.5 4.518242338270963e-09 2.1478687982725404e-09
173.5 4.412744667483831e-09 2.1702899689307247e-09
174.5 5.382891286369403e-09 2.7268170291514563e-09
175.5 6.543918043474795e-09 3.4013969382107602e-09
176.5 7.031438827594163e-09 3.736652314872428e-09
177.5 8.601765183624565e-09 4.664780551415517e-09
178.5 9.626286351203003e-09 5.3163330015456495e-09
179.5 9.865521808222875e-09 5.5478999345526765e-09
180.5 1.2683877527598673e-08 7.2671864333323e-09
181.5 1.4911680267783486e-08 8.719470214392363e-09
182.5 1.4432385829542002e-08 8.624003173423944e-09
183.5 1.544071122250381e-08 9.463262954878654e-09
184.5 1.3452363330438695e-08 8.493370891773495e-09
185.5 1.5176879345815185e-08 9.92557949886047e-09
186.5 1.7259517830941557e-08 1.1766963912802133e-08
187.5 1.900404945393904e-08 1.3608190335983326e-08
188.5 1.803674873786253e-08 1.3688876108714903e-08
189.5 1.3077123636074228e-08 1.0636603289694056e-08
190.5 nan nan
191.5 nan nan
192.5 nan nan
193.5 nan nan
194.5 nan nan
190.5 1.8316249404049476e-08 1.5852638750974273e-08
191.5 1.935781010536765e-08 1.688511349621623e-08
192.5 2.0547825953647102e-08 1.8067301867864514e-08
193.5 1.5820027717641846e-08 1.4024025570193389e-08
194.5 2.5640716974603497e-08 2.292075710531516e-08
195.5 2.471208926200775e-08 2.227993427265191e-08
196.5 2.766675654491034e-08 2.5161998359023163e-08
197.5 2.7863523647736902e-08 2.556770342293981e-08
198.5 2.7824574968504492e-08 2.5765568717316914e-08
199.5 2.98900387829823e-08 2.7938727957163617e-08
200.5 3.208156917194521e-08 3.0275689458739197e-08
201.5 3.539937338871172e-08 3.3735777325348085e-08
202.5 3.4635681957560597e-08 3.334075647634581e-08
203.5 3.9574234528174484e-08 3.8488761213298475e-08
204.5 4.3219450501922954e-08 4.2480500922637104e-08
205.5 4.3827432660916944e-08 4.354688224442321e-08
206.5 4.476526137088053e-08 4.497581199643571e-08
207.5 5.090855127547769e-08 5.1735753655165226e-08
208.5 5.761015461147572e-08 5.923375862209495e-08
209.5 8.215994905790941e-08 8.549391709271666e-08
210.5 1.0563476268386332e-07 1.1128881474657766e-07
211.5 1.2574029161762504e-07 1.341625858382942e-07
212.5 1.1760615193237414e-07 1.2713550482472592e-07
213.5 1.0439387355268216e-07 1.1438210681974091e-07
214.5 1.4610573142489026e-07 1.623197749470208e-07
215.5 1.1714266183499332e-07 1.3201633685438248e-07
216.5 1.1091989171142016e-07 1.2685826735644128e-07
217.5 1.0543286326074823e-07 1.2242909273830968e-07
218.5 1.4628626925091447e-07 1.7255290756004805e-07
219.5 1.5044495332405777e-07 1.8035624518960932e-07
220.5 1.3574580394680486e-07 1.798809749226337e-07
221.5 9.724460421776749e-08 1.2909612918312302e-07
222.5 1.438719253927582e-07 1.9133969937541018e-07
223.5 1.8395560646197638e-07 2.450878854976629e-07
224.5 1.6988631994021325e-07 2.2674850791158628e-07
225.5 1.5067986695548492e-07 2.0147214306868088e-07
226.5 1.0616204645848168e-07 1.4220112207112738e-07
227.5 1.0837473392748318e-07 1.4542013981366616e-07
228.5 1.5630212812313604e-07 2.1009857876171115e-07
229.5 1.3337798179218667e-07 1.795975893781703e-07
230.5 1.634553115328941e-07 2.204809859150002e-07
231.5 1.4162580705277866e-07 1.9136714231905291e-07
232.5 1.5397444274445587e-07 2.0841154133599428e-07
233.5 1.297093787207558e-07 1.7587015772440832e-07
234.5 1.0591105538453198e-07 1.438481428207339e-07
235.5 1.7119022252052697e-07 2.3290547852355654e-07
236.5 1.3244173597114533e-07 1.8049392975461867e-07
237.5 1.6141732941899493e-07 2.2035303384648532e-07
238.5 1.1138314298495866e-07 1.5230716799718186e-07
239.5 1.3881121210617962e-07 1.9012894498667186e-07
240.5 1.2831969247455145e-07 1.7605165269321412e-07
241.5 1.5074959858450064e-07 2.0716802598175666e-07
242.5 2.2812837469423164e-07 3.14023005061424e-07
243.5 2.0927719830789783e-07 2.8854848203304696e-07
244.5 2.0037730957803247e-07 2.7673141027437567e-07
245.5 1.58695217590271e-07 2.1952424361137436e-07
246.5 1.5963029220471127e-07 2.2117632368229473e-07
247.5 1.8486794055690267e-07 2.5655744207170716e-07
248.5 1.42830622321112e-07 1.9853833724900162e-07
249.5 1.8382952226741038e-07 2.559371654849272e-07