wavelength(nm)    spectral_current_density(A*m^-2*nm^-1)    error(A*m^-2*nm^-1)
1.05 8.140050131105372e-10 1.1488468815423293e-09
1.15 1.4160815531831364e-09 2.001118708521216e-09
1.25 2.529247310361049e-09 3.3465403528424958e-09
1.35 4.340214696994469e-09 5.98693202299714e-09
1.45 7.925799355745692e-09 1.0798960481188864e-08
1.55 1.1506632571916663e-08 1.5556561735948355e-08
1.65 1.3442124306345382e-08 1.7665329782563442e-08
1.75 1.3102401711440428e-08 1.5455419903456736e-08
1.85 1.0102352177823562e-08 1.10046481175504e-08
1.95 6.242214304057677e-09 5.758252794043703e-09
2.05 1.3545071370217893e-08 8.414969623734847e-09
2.15 1.3355438737712372e-08 8.056160021031311e-09
2.25 1.2886961976447542e-08 7.633319154850011e-09
2.35 2.190057565358579e-09 1.811142565648114e-09
2.45 1.815310833346597e-09 1.4709899009396148e-09
2.55 1.4697182971618443e-09 1.1586360407056235e-09
2.65 6.245026161018793e-10 5.182957909922778e-10
2.75 9.280290353257976e-10 5.748127640256171e-10
2.85 1.0061903378991843e-09 5.763948313187069e-10
2.95 1.2229859263972835e-09 6.757771085203452e-10
3.05 9.667727294633576e-10 6.362303446171005e-10
3.15 9.905922404550937e-10 7.714788183766162e-10
3.25 3.125185663679292e-09 1.8501763242715982e-09
3.35 3.2778592352829538e-09 1.8640908513803607e-09
3.45 3.0295479862859095e-09 1.5977234849007107e-09
3.55 1.1911608661750788e-09 7.496505076348236e-10
3.65 9.97947965943136e-10 7.057421508203142e-10
3.75 8.594802223721599e-10 6.754052422326052e-10
3.85 1.1824761720108936e-09 8.124292246591206e-10
3.95 8.105327313602332e-09 2.962447501369641e-09
4.05 8.87444960517059e-09 3.3881627014069586e-09
4.15 8.709098870686013e-09 3.385140051001611e-09
4.25 2.5108664925499574e-09 1.5015118728846408e-09
4.35 2.77000980873641e-09 1.6842169618073819e-09
4.45 2.069605202173097e-09 1.2910734674348016e-09
4.55 2.4547416767580957e-09 1.483658346643117e-09
4.65 2.723480824177616e-09 1.4671303861521882e-09
4.75 2.8577665746367464e-09 1.4389004280618407e-09
4.85 2.179602640134553e-09 1.0191785817592265e-09
4.95 3.875430181624946e-09 1.7805578781116717e-09
5.05 3.5616837379772723e-09 1.7294579044024907e-09
5.15 3.787868170279496e-09 1.862513763434414e-09
5.25 1.6713382753908513e-09 9.232613713679795e-10
5.35 2.397310965698781e-09 1.3720931621794507e-09
5.45 3.8874308325185895e-09 1.656495755284156e-09
5.55 4.56292001345174e-09 1.8499394801342031e-09
5.65 4.95561740616475e-09 1.783598951844332e-09
5.75 2.5486511918547404e-09 1.039942248073656e-09
5.85 1.9504625246660307e-09 9.250971926939614e-10
5.95 1.5975020680994814e-09 6.266859933905879e-10
6.05 2.977729004770929e-09 1.153369280760976e-09
6.15 3.766504123707707e-09 1.4435963068419205e-09
6.25 4.459828858415132e-09 2.5229661083074915e-09
6.35 3.679671955469351e-09 2.150457144928758e-09
6.45 3.0551649524371917e-09 1.805281871294321e-09
6.55 2.4800948506754502e-09 1.1513073740335565e-09
6.65 2.9832322274553427e-09 1.4284191003575646e-09
6.75 2.72110741452908e-09 1.2357245693512357e-09
6.85 3.6276336925467807e-09 1.5740429961468767e-09
6.95 3.890573174743418e-09 1.52922721680288e-09
7.05 4.852051246567957e-09 2.554793221180285e-09
7.15 5.495395308767125e-09 3.6689295430392982e-09
7.25 5.209140202926836e-09 3.733834115763621e-09
7.35 5.028057043662321e-09 2.9135570451316135e-09
7.45 4.617686495577039e-09 2.8577193281141445e-09
7.55 5.159137270331754e-09 4.123648183434094e-09
7.65 4.9467008129965585e-09 4.160197974094918e-09
7.75 3.990618237999362e-09 2.9767467188438686e-09
7.85 3.794933951038267e-09 2.5978910241732408e-09
7.95 3.6481545601220183e-09 2.7632321787967376e-09
8.05 4.114334359493342e-09 2.8799661116811385e-09
8.15 5.258069068052839e-09 3.483670742032805e-09
8.25 6.751845241852177e-09 4.273544395000304e-09
8.35 6.804390353441217e-09 4.395637869467344e-09
8.45 5.990681901326213e-09 3.920398283606481e-09
8.55 5.245041988668861e-09 3.383544720666956e-09
8.65 5.098852092210229e-09 2.9019827911165277e-09
8.75 5.370485057527383e-09 2.827241988185724e-09
8.85 5.482108365597565e-09 3.191560088501517e-09
8.95 5.615489345851487e-09 3.609216110698817e-09
9.05 5.9459348204236144e-09 3.678080169662717e-09
9.15 6.434456941166482e-09 3.989345412460441e-09
9.25 7.0625146980544084e-09 4.405903796882881e-09
9.35 7.534904695109948e-09 5.038650814954127e-09
9.45 8.302505502840311e-09 4.350743147328038e-09
9.55 8.907964271106733e-09 3.7442624614605746e-09
9.65 9.819898155394099e-09 4.078774119670322e-09
9.75 9.438510251746998e-09 4.005355059501767e-09
9.85 8.328759845166982e-09 3.807681184542415e-09
9.95 8.47947961039797e-09 3.779201304819759e-09
10.05 8.486584650434287e-09 4.349308498803987e-09
10.15 1.0302291765197337e-08 4.934466907811672e-09
10.25 1.2426367243350236e-08 5.1883481455806734e-09
10.35 1.3547479701632311e-08 6.240430555523778e-09
10.45 1.3148490059264351e-08 5.7600022929804385e-09
10.55 9.412737549101556e-09 3.688097828893246e-09
10.65 8.072843991953045e-09 3.08340586484161e-09
10.75 7.242776645504444e-09 3.599430102512776e-09
10.85 7.039480235785988e-09 4.648522914797049e-09
10.95 6.936662468755335e-09 4.325899797831016e-09
11.05 8.635674872280057e-09 3.821744703253763e-09
11.15 1.0375222463722112e-08 4.317954405856765e-09
11.25 1.2207055265979017e-08 4.1506483113262e-09
11.35 1.1490448328386866e-08 4.041506994377374e-09
11.45 1.2213741937730442e-08 4.215571060127684e-09
11.55 1.3083868396389869e-08 4.4527617249132295e-09
11.65 1.3982833759866525e-08 5.7037704853362895e-09
11.75 1.2931708344266798e-08 5.393851035036917e-09
11.85 9.879968739846312e-09 3.952732266332866e-09
11.95 8.208593351535242e-09 3.762268836503212e-09
12.05 8.330629532876763e-09 4.257084417032744e-09
12.15 9.145265867722053e-09 4.562929989820944e-09
12.25 9.73872979333977e-09 4.414902336291881e-09
12.35 9.290302991089064e-09 4.3333583396728435e-09
12.45 7.488402691025512e-09 3.957703211056532e-09
12.55 5.441261470717515e-09 2.9398444813340514e-09
12.65 6.098752035134692e-09 2.7982360459008606e-09
12.75 7.069571614775475e-09 3.2974702651279674e-09
12.85 9.413800015739778e-09 3.998343118194002e-09
12.95 1.194520644180314e-08 4.497846572962315e-09
13.05 1.6225009985964546e-08 5.916666704798872e-09
13.15 1.568292462105321e-08 5.7851688895697275e-09
13.25 1.3549057754470493e-08 5.486509286730441e-09
13.35 1.0703133042671933e-08 5.632658244285798e-09
13.45 1.0053849412298217e-08 4.892222997644568e-09
13.55 9.817896912180606e-09 4.118939162644293e-09
13.65 9.695822640898724e-09 4.003379093013955e-09
13.75 1.0889593009489664e-08 4.589596724034953e-09
13.85 1.0912531064385215e-08 4.724270855744594e-09
13.95 1.263991765377765e-08 5.4260182317797176e-09
14.05 1.4637513064944493e-08 8.365269756982673e-09
14.15 1.4194165194040413e-08 7.8642437504162e-09
14.25 1.2831869021247239e-08 5.005115847906861e-09
14.35 1.949915276809902e-08 6.653898351553954e-09
14.45 2.7090964770941618e-08 9.71810983046669e-09
14.55 2.790900115434435e-08 1.0030784463256256e-08
14.65 2.6133501132731225e-08 9.767257376693142e-09
14.75 4.6249173727507815e-08 2.3441947502860064e-08
14.85 5.321412223136696e-08 2.7919241290842134e-08
14.95 5.1851723878281774e-08 2.0441462563631624e-08
15.05 3.277594278248922e-08 1.1144866659644226e-08
15.15 3.8104345298036585e-08 2.4295259064006144e-08
15.25 3.2798133785769535e-08 2.6747060611988187e-08
15.35 2.7440712121968904e-08 2.1520207769563337e-08
15.45 2.0401659976539385e-08 1.6556655893296686e-08
15.55 1.5377789106379225e-08 9.65500085624086e-09
15.65 1.5298762519924272e-08 1.0701183892157168e-08
15.75 2.4945202472500932e-08 2.0994839487685862e-08
15.85 2.7006091462135802e-08 1.983829768146617e-08
15.95 2.3376861292008408e-08 1.1687398997832888e-08
16.05 1.931123464805203e-08 1.2624902811371394e-08
16.15 1.767603739162017e-08 1.3078742748366135e-08
16.25 1.3435346418412291e-08 1.069941520176862e-08
16.35 1.7881454576608675e-08 1.7484320675585444e-08
16.45 2.12015877648311e-08 2.0296417293158976e-08
16.55 1.9995904053978367e-08 1.403745536513897e-08
16.65 4.6208160130471374e-08 1.572104756883587e-08
16.75 9.097561996620608e-08 3.0935786432994836e-08
16.85 1.1769482001311447e-07 4.0012569432750536e-08
16.95 3.71413924387444e-07 1.2614441584482237e-07
17.05 6.029189984281028e-07 2.047557275795132e-07
17.15 5.983481966824604e-07 2.0321414530255197e-07
17.25 3.3931080321061446e-07 1.152426131624595e-07
17.35 4.1431327751160026e-07 1.4074487394123232e-07
17.45 4.5999862830658367e-07 1.5622376971136015e-07
17.55 5.130004296431243e-07 1.7424853395961627e-07
17.65 3.4617640169654496e-07 1.1761259990986405e-07
17.75 3.009353475803857e-07 1.0222502515672713e-07
17.85 2.5582697778170296e-07 8.691150420772647e-08
17.95 3.148100273188495e-07 1.2603719202309056e-07
18.05 3.4796067535410886e-07 1.676476053480096e-07
18.15 3.284275951091272e-07 1.2743526932557072e-07
18.25 1.0105211452721593e-07 4.4839302502031206e-08
18.35 1.6985186316739836e-07 5.7710749616370546e-08
18.45 1.745184887955874e-07 6.280278875999575e-08
18.55 1.983472608676831e-07 6.742353717694494e-08
18.65 1.61604459188463e-07 8.039264892154386e-08
18.75 3.2311814511855644e-07 1.6194312954251076e-07
18.85 3.0872409800239553e-07 1.4094930160160526e-07
18.95 2.6681427692439225e-07 9.062780838331031e-08
19.05 1.1427246319392789e-07 4.893516911870491e-08
19.15 1.620663324748603e-07 7.707244536130598e-08
19.25 2.538466278167685e-07 1.5373638513935298e-07
19.35 2.9442132207900836e-07 1.7530722619169562e-07
19.45 3.451350226907798e-07 2.4036349631078e-07
19.55 2.4834127023709385e-07 1.8357201141780004e-07
19.65 1.5658690716242672e-07 7.665036588668862e-08
19.75 7.89819795075115e-08 4.56211622371925e-08
19.85 6.334849710479224e-08 3.0046426991051815e-08
19.95 6.557295423209826e-08 3.963458228262413e-08
20.05 1.0564877658715097e-07 8.196899783353462e-08
20.15 2.034604497013167e-07 1.927647971478793e-07
20.25 2.0940614863431658e-07 1.923356258342528e-07
20.35 1.5827843868701324e-07 1.4271264496432276e-07
20.45 1.0896963543676954e-07 1.193090853928241e-07
20.55 6.003295656148078e-08 4.119393226745063e-08
20.65 6.30486993525491e-08 2.9713636822645393e-08
20.75 7.154369065477869e-08 3.5827429398551476e-08
20.85 8.308216063961429e-08 4.881490026555e-08
20.95 8.684190458340646e-08 7.063513628948394e-08
21.05 1.5655468236866963e-07 1.851397318400183e-07
21.15 1.470092600937581e-07 1.8398156675321283e-07
21.25 9.224151216335813e-08 9.591789843546619e-08
21.35 5.313052230456538e-08 3.59116333919144e-08
21.45 5.770691734881484e-08 4.006917502739165e-08
21.55 7.384046010952256e-08 3.191326725112318e-08
21.65 9.658988091083637e-08 4.3143904820471776e-08
21.75 1.1101440734431161e-07 5.657860319157859e-08
21.85 1.1623833661913987e-07 8.021565206479202e-08
21.95 1.3421995594198229e-07 1.1509313454432635e-07
22.05 1.2629794565397248e-07 9.660987356740647e-08
22.15 1.0912799002122584e-07 7.026510912486868e-08
22.25 1.019352338476081e-07 6.280626088435253e-08
22.35 1.319258989635242e-07 5.971442727628105e-08
22.45 1.750264904304555e-07 7.473563751833866e-08
22.55 2.129876264574434e-07 7.70374028980626e-08
22.65 2.102754581308509e-07 8.08784680258513e-08
22.75 1.8813264591362257e-07 8.261427322767266e-08
22.85 1.292269109965035e-07 5.65962184537257e-08
22.95 9.60141858170377e-08 3.322551294079371e-08
23.05 8.131922546690759e-08 2.7625816988818536e-08
23.15 7.978891305233313e-08 2.8794842572948746e-08
23.25 8.903053570135413e-08 3.5219305249696684e-08
23.35 1.217856530009481e-07 5.614921499454137e-08
23.45 1.1839986594386243e-07 5.472168559604059e-08
23.55 9.129418254598718e-08 3.4236564335125605e-08
23.65 7.748271072004861e-08 3.0095482925766943e-08
23.75 8.93425463161252e-08 3.283597753422801e-08
23.85 8.718317796972488e-08 4.439202850189543e-08
23.95 8.780931905775954e-08 5.628045270989458e-08
24.05 1.3721193256517457e-07 5.7207013930508486e-08
24.15 1.7950237546221818e-07 6.098664537227836e-08
24.25 1.906478907070414e-07 6.98589806675493e-08
24.35 1.5520584770532573e-07 8.430549413290838e-08
24.45 1.157748317800216e-07 6.567134480821794e-08
24.55 9.426288014018126e-08 5.3480474064576434e-08
24.65 7.835217335097486e-08 5.352625093258548e-08
24.75 5.7793325543208464e-08 3.295093815043879e-08
24.85 5.854958418645573e-08 4.189676265172559e-08
24.95 4.9022102933328115e-08 4.3113534126669676e-08
25.05 4.869031317459644e-08 4.654452750892695e-08
25.15 7.931864705519486e-08 1.0180491126423571e-07
25.25 7.660827738500245e-08 8.52700665413112e-08
25.35 5.0375342573189316e-08 2.942911137665177e-08
25.45 6.95977777396749e-08 2.6817843054471407e-08
25.55 2.6768599571563295e-07 9.590387688566948e-08
25.65 4.1575260206927725e-07 1.9002704556454922e-07
25.75 4.3078716270882765e-07 1.9485100713725738e-07
25.85 2.2303704500066857e-07 9.86200106690368e-08
25.95 9.756968751659587e-08 4.695218260574923e-08
26.05 6.604985012820786e-08 4.1034243958224256e-08
26.15 4.774082027721333e-08 3.537376716562087e-08
26.25 4.804832264872369e-08 4.602593647187727e-08
26.35 6.873472059227383e-08 6.858598719389803e-08
26.45 9.149792990100424e-08 1.050566434690362e-07
26.55 8.332198465525342e-08 9.050565173280725e-08
26.65 2.1028595894969204e-08 1.3495861895928421e-08
26.75 1.5678219608214777e-08 9.48414510840223e-09
26.85 1.0522908549183785e-08 8.054209812871545e-09
26.95 2.9591071322311686e-08 3.566241937464371e-08
27.05 5.122620881284709e-08 5.609420991521121e-08
27.15 6.487105322901205e-08 5.6298947252210995e-08
27.25 4.6827752063201186e-08 2.7161904540207168e-08
27.35 8.533205269303408e-08 1.0189452572079397e-07
27.45 9.233715233477675e-08 1.1124270131946949e-07
27.55 7.429101647616222e-08 4.197898993698455e-08
27.65 8.507601701349332e-08 3.211618407491219e-08
27.75 8.555491154894139e-08 3.537238349504135e-08
27.85 5.9341362799757323e-08 2.0799402397875637e-08
27.95 3.474874056763718e-08 1.3199814614598389e-08
28.05 2.2387812309103893e-08 1.4601736963452612e-08
28.15 2.0225528755606666e-08 1.5890089318284357e-08
28.25 3.011172768550275e-08 2.17084771711144e-08
28.35 2.84366412067045e-07 4.5626884820895207e-07
28.45 3.1467991163393577e-07 5.032748249117333e-07
28.55 9.481391722630684e-08 1.2931933850972206e-07
28.65 1.9151966177870398e-08 2.0104635382340395e-08
28.75 1.986887977813626e-08 2.3855401269546242e-08
28.85 2.5228799403886756e-08 3.359091722283162e-08
28.95 3.304267226605102e-08 2.8415022543874823e-08
29.05 3.496320913238795e-08 2.6807813286824015e-08
29.15 5.990215890867505e-08 3.794462261530176e-08
29.25 5.247980728148521e-08 3.279365951588773e-08
29.35 4.153027915596903e-08 1.8775825991731353e-08
29.45 2.7526542765581533e-08 1.0915654071215361e-08
29.55 5.22812048499612e-08 2.3217388559316852e-08
29.65 5.116195698874712e-08 2.289102459119365e-08
29.75 3.5027694734442816e-08 1.252111291889781e-08
29.85 9.7815825820447e-09 1.069042032072688e-08
29.95 1.197622312063473e-08 1.268808841433497e-08
30.05 1.2169177688104448e-08 1.199454945707516e-08
30.15 1.9158656541551493e-08 1.1342454209212832e-08
30.25 3.1761158644283733e-06 1.0808269592467248e-06
30.35 3.848524783367343e-06 1.3098792698144038e-06
30.45 3.868678342367137e-06 1.3165477455430177e-06
30.55 7.052494534794082e-07 2.3995967193904207e-07
30.65 4.106613360190541e-08 1.4220788826777614e-08
30.75 3.1175240304698626e-08 1.4868009977236752e-08
30.85 2.6720338077738436e-08 1.6932649928954216e-08
30.95 2.1273195220656044e-08 1.3506928413952813e-08
31.05 2.4516307544192716e-08 1.1372560173671992e-08
31.15 4.3736402944619035e-08 3.036327725752133e-08
31.25 7.068343763564158e-08 3.888158685280389e-08
31.35 1.032919188667649e-07 3.513802260012366e-08
31.45 1.418236335695489e-07 4.824139344651399e-08
31.55 1.5930226981148295e-07 5.4185247460998966e-08
31.65 1.1521478945111502e-07 3.919761159819265e-08
31.75 6.869313267988146e-08 2.3384703190990493e-08
31.85 7.564378041772834e-08 2.574570718592897e-08
31.95 9.333956601849494e-08 3.174875133196186e-08
32.05 9.640653968936173e-08 3.7792241176953335e-08
32.15 5.111423775908418e-08 3.0923739143600254e-08
32.25 1.8150589229356782e-08 1.4336673769685367e-08
32.35 1.4208746416962551e-08 1.0352222762310363e-08
32.45 1.4123390062544698e-08 1.1732056714095517e-08
32.55 1.597407059869424e-08 1.39214311338945e-08
32.65 1.8576086208653925e-08 1.8895195492650228e-08
32.75 2.485012001518198e-08 2.5373701053992544e-08
32.85 2.059399733404748e-08 2.034166717645864e-08
32.95 1.7269675459807548e-08 1.4092290320387676e-08
33.05 1.1900988603000738e-08 1.1124911955541372e-08
33.15 2.214663290761226e-08 1.4144227844100308e-08
33.25 3.135174466561312e-08 2.5613535112525013e-08
33.35 6.941028263459023e-08 8.617049055492076e-08
33.45 1.9803965515692104e-07 3.064369026690235e-07
33.55 2.406761987539606e-07 3.6765985517700866e-07
33.65 1.2623440391321113e-07 1.8695208022323582e-07
33.75 2.787932070134013e-08 2.2510185941704186e-08
33.85 3.5906908781191186e-08 2.3805635129051387e-08
33.95 3.4861359818853116e-08 1.9844561331041154e-08
34.05 4.7237859704081824e-08 2.0921190102011728e-08
34.15 7.764934465948827e-08 4.2105519503513755e-08
34.25 7.456986359932881e-08 4.06080575890157e-08
34.35 5.515572567977062e-08 2.2566084755029667e-08
34.45 7.918852878013659e-08 2.6978230533149433e-08
34.55 9.173801700384714e-08 3.3349189822951404e-08
34.65 1.319132834386947e-07 5.329278586664582e-08
34.75 1.1134369673679648e-07 7.640750574583895e-08
34.85 1.4246885430036067e-07 8.290687205856336e-08
34.95 1.070716075544446e-07 6.059446275291165e-08
35.05 8.451977355841027e-08 3.6423209446888215e-08
35.15 8.427248214978642e-08 4.191077026055202e-08
35.25 7.977286171627496e-08 5.1893255204759924e-08
35.35 9.005174698765713e-08 5.985682665836926e-08
35.45 5.6837512286018316e-08 4.9604882138241364e-08
35.55 6.34584102182247e-08 4.6593031873633546e-08
35.65 5.141154142309752e-08 4.023086818958719e-08
35.75 4.625412494912523e-08 2.6916717568461927e-08
35.85 4.551945223729391e-08 3.742280952467243e-08
35.95 9.124703086421256e-08 1.0682270472800715e-07
36.05 1.781866445888234e-07 2.6235272131604995e-07
36.15 1.3796860564673843e-07 2.172984080867635e-07
36.25 2.9443893340984622e-08 3.469663054382108e-08
36.35 5.96644907876467e-08 5.6467637298167555e-08
36.45 9.033232721379396e-08 7.914262290620066e-08
36.55 8.14644434272334e-08 6.435975566674827e-08
36.65 1.2810318820011073e-07 4.359249957459934e-08
36.75 2.9789868303806e-07 1.0119716392050645e-07
36.85 3.0932239831384676e-07 1.0513058103577427e-07
36.95 2.121559073118525e-07 7.209190460937497e-08
37.05 1.9950924241040735e-08 6.785259156761548e-09
37.15 8.216795457172748e-09 2.820277569967771e-09
37.25 1.2264885991270638e-08 4.182306253921943e-09
37.35 2.0244716603643148e-08 6.880247529044979e-09
37.45 2.0325203332640294e-08 6.906590675179505e-09
37.55 2.5684435711833416e-08 8.727333891682355e-09
37.65 1.883570773001303e-08 6.400853862156463e-09
37.75 1.8993877565857566e-08 6.454091633201381e-09
37.85 1.2138574643929159e-08 4.125859811244192e-09
37.95 1.0951076980077373e-08 3.722967054159411e-09
38.05 1.1244022546504266e-08 3.8215569722892895e-09
38.15 8.105407430560614e-09 2.7549504329265364e-09
38.25 9.407280316066621e-09 3.200708463545947e-09
38.35 1.1220357792395115e-08 3.8134173049890015e-09
38.45 1.241830036762693e-08 4.369303600331607e-09
38.55 1.1286711886027731e-08 4.008511768789745e-09
38.65 9.811110967349312e-09 3.334514773669758e-09
38.75 9.185958653724319e-09 3.1312366601967094e-09
38.85 9.224573218138123e-09 3.380944768799852e-09
38.95 1.1998085126222874e-08 8.100612262562503e-09
39.05 1.0860743761275946e-08 6.963152813423145e-09
39.15 9.850119634392316e-09 3.3475136778899925e-09
39.25 9.4339052880309e-09 3.206487219444663e-09
39.35 9.618186993266891e-09 3.639780397903396e-09
39.45 8.698473223709205e-09 2.9565270655453415e-09
39.55 8.06373110929835e-09 2.7410352902764497e-09
39.65 7.666368952884e-09 2.605644676685631e-09
39.75 6.767714371965195e-09 2.3008396239808076e-09
39.85 1.039053688093362e-08 3.5312162041519518e-09
39.95 1.4066333478765265e-08 4.779654602954598e-09
40.5 2.153711383371705e-08 4.502136163787687e-09
41.5 1.6024390218428896e-08 8.42146283780189e-09
42.5 1.505690178264285e-08 3.3493964311533363e-09
43.5 3.333570478190097e-08 5.782222938138226e-09
44.5 1.99480018335557e-08 5.427477885176841e-09
45.5 2.2973931203977844e-08 4.102003050667891e-09
46.5 6.440879801132609e-08 9.410214070932723e-09
47.5 2.9667925792318137e-08 5.700542273225592e-09
48.5 4.569255156619548e-08 9.712957520544882e-09
49.5 6.135845212308625e-08 2.270794821059575e-08
50.5 6.832586425190178e-08 1.9426749007327118e-08
51.5 2.7115841481692508e-08 8.901864611438186e-09
52.5 3.124083361866999e-08 1.225199804790776e-08
53.5 3.320012187489884e-08 5.897675705906954e-09
54.5 2.120019454963417e-08 4.318105135822222e-09
55.5 1.2198158092413775e-07 1.684887307631069e-08
56.5 2.9096056254392898e-08 4.920716037338657e-09
57.5 2.522514491995654e-08 5.352663308947261e-09
58.5 2.1578108691672344e-07 4.0227854971855105e-08
59.5 3.808499293257268e-08 6.7143926117549735e-09
60.5 8.850090492826554e-08 2.263955229022201e-08
61.5 7.147219080924255e-08 1.9199467944893187e-08
62.5 1.9413901807276532e-07 3.1168256205610816e-08
63.5 1.6556338576189296e-07 2.287108504766952e-08
64.5 2.3067186025590983e-08 4.2194902378755484e-09
65.5 2.1794182728094846e-08 3.835219103033568e-09
66.5 2.4536199414294617e-08 4.484921092219595e-09
67.5 2.0189678090087738e-08 4.12417254149614e-09
68.5 4.541022425108744e-08 7.4106688910294054e-09
69.5 3.329184039548033e-08 7.291097585020219e-09
70.5 7.838413564804958e-08 1.4200908222030094e-08
71.5 3.045309491041062e-08 6.597694853906253e-09
72.5 2.8374130757528446e-08 8.097186686837594e-09
73.5 1.989729811459809e-08 4.943431514758422e-09
74.5 2.8756611967328837e-08 6.837574484950727e-09
75.5 3.915947378352488e-08 9.113918770420951e-09
76.5 1.0113692396059497e-07 2.169291130518322e-08
77.5 8.575977470043968e-08 1.8337849995188638e-08
78.5 1.255760994095264e-07 2.4374429111348458e-08
79.5 8.582052825213563e-08 1.6290583027357963e-08
80.5 6.651230428095181e-08 1.3112352243773126e-08
81.5 7.120823453479733e-08 1.3781834062661612e-08
82.5 8.635648499052352e-08 1.7144440456801248e-08
83.5 2.1549544390086028e-07 3.930523929165951e-08
84.5 1.2472049132308733e-07 2.739500214990832e-08
85.5 1.5175916145271307e-07 3.6341688819632115e-08
86.5 1.76527856137074e-07 4.563654738854159e-08
87.5 2.1431335497090758e-07 5.988583645211466e-08
88.5 2.521739179318164e-07 7.509791259085436e-08
89.5 2.9285189073074507e-07 9.027041097868261e-08
90.5 3.574291344828504e-07 1.1090075431974131e-07
91.5 3.0814467065267897e-07 9.495260371650191e-08
92.5 1.0583880435114132e-07 3.1647788644540727e-08
93.5 1.1099452965797233e-07 3.263531748764617e-08
94.5 8.227505818337088e-08 2.448293731673877e-08
95.5 6.634881352859616e-08 2.0627339129853094e-08
96.5 4.7615961843563e-08 1.562055612989106e-08
97.5 8.856468396954411e-07 3.5119112991275733e-07
98.5 9.703113305738459e-08 3.2360220473463344e-08
99.5 1.3882432630043008e-07 4.307900435095539e-08
100.5 5.603286953522376e-08 2.677301793725017e-08
101.5 8.04779919954399e-08 2.8478580502541814e-08
102.5 6.582981045033658e-07 2.8752336871220517e-07
103.5 5.871013472948915e-07 2.5226438649454467e-07
104.5 1.0090883605317626e-07 3.80704522069862e-08
105.5 9.639224911247872e-08 2.722451499073399e-08
106.5 1.0157522520160426e-07 2.3880854860918478e-08
107.5 1.1117532802824708e-07 2.3848165181190296e-08
108.5 1.5115224859334142e-07 3.5771532165665424e-08
109.5 1.0652299126879466e-07 2.273018747629287e-08
110.5 1.1882405100867876e-07 2.27872948560085e-08
111.5 1.0894679341758573e-07 1.8431043828743992e-08
112.5 1.1119710887984148e-07 1.6835456900771204e-08
113.5 6.983830592118618e-08 1.194595661194317e-08
114.5 8.225108973379391e-08 1.3543270170184641e-08
115.5 9.547997409573094e-08 1.5242195956783616e-08
116.5 1.1414699517648063e-07 1.499403560461741e-08
117.5 3.8967732746906966e-07 5.8396087750311393e-08
118.5 1.4312369706732773e-07 2.3218133458128307e-08
119.5 2.575819168327046e-07 2.7815642549133773e-08
120.5 6.403721262324944e-07 1.3294552486701395e-07
121.5 2.4777854043061234e-05 4.311001191134083e-06
122.5 2.2315877553434861e-07 3.503400170766252e-08
123.5 1.3166962963548733e-07 2.1004532566820146e-08
124.5 8.886216953975741e-08 1.4390516075217513e-08
125.5 7.653138288003746e-08 1.1290694529305974e-08
126.5 9.468233424864083e-08 1.6942082486102236e-08
127.5 4.801611526844756e-08 6.973900095205975e-09
128.5 3.546165145545316e-08 5.099650527140518e-09
129.5 4.590244451568701e-08 7.042373625991704e-09
130.5 2.931802684435707e-07 4.3107884842831036e-08
131.5 4.474835562371747e-08 6.875807070249794e-09
132.5 3.351606921155623e-08 5.1037695940148155e-09
133.5 2.9999230323725347e-07 5.1416319986507855e-08
134.5 2.7056707918333863e-08 4.265765301870167e-09
135.5 5.872493431550721e-08 8.223163232040473e-09
136.5 3.388902203146594e-08 4.972821416229093e-09
137.5 3.4155272876083674e-08 5.129254342315668e-09
138.5 3.1970923163662516e-08 4.670252033955794e-09
139.5 7.763816110225339e-08 1.3347272144441242e-08
140.5 6.278108028499287e-08 1.00765826899439e-08
141.5 3.4977966980117334e-08 5.190932625648307e-09
142.5 3.551341906528041e-08 5.432114470389511e-09
143.5 3.6907698003646985e-08 5.451687731344416e-09
144.5 3.381487412952558e-08 5.09968013069268e-09
145.5 3.264575318755529e-08 5.16214340568696e-09
146.5 3.664728009255316e-08 5.545944234587824e-09
147.5 4.247882217190228e-08 6.516785108766206e-09
148.5 4.0129353121445266e-08 6.195522554233065e-09
149.5 3.353536567004931e-08 5.2594107279019654e-09
150.5 3.532066507528015e-08 5.53992692326767e-09
151.5 3.6137621999458674e-08 5.762384414128605e-09
152.5 4.1458502282218594e-08 6.7238655310963104e-09
153.5 4.2739124076997726e-08 6.969026502638944e-09
154.5 6.68280646445694e-08 1.1383298839117364e-08
155.5 5.2668757041512395e-08 8.977039624989112e-09
156.5 4.6449547038660655e-08 7.953745195433539e-09
157.5 3.688702036140704e-08 6.499923019873427e-09
158.5 3.303078737006792e-08 5.92499288969456e-09
159.5 3.482187881815497e-08 6.23599530453045e-09
160.5 3.366175225703357e-08 6.173604887061867e-09
161.5 3.712472504425551e-08 7.18161790267917e-09
162.5 3.874405305753874e-08 7.878064638452427e-09
163.5 3.785306080576082e-08 8.109431712951764e-09
164.5 4.168723945504364e-08 9.387748889621915e-09
165.5 6.125500683374883e-08 1.4518518214065453e-08
166.5 3.9037803576259737e-08 9.770463793392069e-09
167.5 4.226181850008772e-08 1.1149915255745399e-08
168.5 4.2093331028983894e-08 1.1695700034424104e-08
169.5 5.161411370215094e-08 1.5155623392067397e-08
170.5 5.4712036947938836e-08 1.6978675893707138e-08
171.5 5.1197799508692464e-08 1.6809557776755716e-08
172.5 5.299264396160105e-08 1.8398896698074896e-08
173.5 4.894670753396507e-08 1.7971117524067388e-08
174.5 5.632741220746102e-08 2.1895862112885446e-08
175.5 6.447677451681753e-08 2.6566774877076117e-08
176.5 6.514593169047556e-08 2.846543883180117e-08
177.5 7.487610900694899e-08 3.4769315828359606e-08
178.5 7.869270692404442e-08 3.887748098081383e-08
179.5 7.572340338167866e-08 3.992791611259654e-08
180.5 9.139722119934258e-08 5.162352640109172e-08
181.5 1.0083996679801383e-07 6.130948560269667e-08
182.5 9.151958338321464e-08 6.019371517507697e-08
183.5 9.166212583068591e-08 6.574295041339716e-08
184.5 7.453709590734003e-08 5.88763864012291e-08
185.5 7.81012137020449e-08 6.880857879852534e-08
186.5 8.184324734394241e-08 8.174768169925405e-08
187.5 8.20182853293513e-08 9.491739916164881e-08
188.5 6.94757068088944e-08 9.600329031666001e-08
189.5 4.353542470621852e-08 7.506756342962965e-08
190.5 nan nan
191.5 nan nan
192.5 nan nan
193.5 nan nan
194.5 nan nan
190.5 6.5282822203592e-08 1.1426039117744509e-07
191.5 6.743731651168706e-08 1.2071206716389162e-07
192.5 6.988039584338647e-08 1.2808448269544076e-07
193.5 5.245149715794561e-08 9.857460572823883e-08
194.5 8.275675680966001e-08 1.5970321754232762e-07
195.5 7.751847519944478e-08 1.5385485618662693e-07
196.5 8.419878789524725e-08 1.7217538252299356e-07
197.5 8.210770616624515e-08 1.7332207230398341e-07
198.5 7.92194159712595e-08 1.729993941404663e-07
199.5 8.202209287568723e-08 1.8575378752994802e-07
200.5 8.462128558509145e-08 1.9927533797269057e-07
201.5 8.947601007760954e-08 2.197720935289621e-07
202.5 8.360049978304394e-08 2.149172784626985e-07
203.5 9.085341833706937e-08 2.4542751792949996e-07
204.5 9.394105585534995e-08 2.678830688682793e-07
205.5 8.971075722674059e-08 2.7149228928337233e-07
206.5 8.574778157536503e-08 2.7713335952846105e-07
207.5 9.057041691069193e-08 3.149670066494579e-07
208.5 9.432879539434742e-08 3.561944584806498e-07
209.5 1.2242109218441522e-07 5.07634029959837e-07
210.5 1.4120719238551409e-07 6.52212654274915e-07
211.5 1.480142299796152e-07 7.757742691603732e-07
212.5 1.1887790888707988e-07 7.250304674458314e-07
213.5 8.741205473431361e-08 6.430606621347403e-07
214.5 9.58771344700082e-08 8.99247661592483e-07
215.5 5.470137301683463e-08 7.203534525739786e-07
216.5 2.9838163867443875e-08 6.814603122651822e-07
217.5 6.508484269954898e-09 6.471255664112138e-07
218.5 -2.2752796712404703e-08 8.969680631745619e-07
219.5 -5.770097458411259e-08 9.214881978572642e-07
220.5 5.4362430534566674e-08 7.732136156020614e-07
221.5 3.8163742249103245e-08 5.588729784816998e-07
222.5 5.53118207885023e-08 8.341676845195161e-07
223.5 6.925460982985489e-08 1.0759106227040376e-06
224.5 6.260637931860957e-08 1.0022232470482318e-06
225.5 5.4333008351140655e-08 8.965243301840921e-07
226.5 3.7440582967726695e-08 6.36994490333356e-07
227.5 3.736584188637733e-08 6.557125225646955e-07
228.5 5.2660536995928206e-08 9.535197995914639e-07
229.5 4.3890400885055416e-08 8.203316367086264e-07
230.5 5.250870297077802e-08 1.0134602228011653e-06
231.5 4.439081846648114e-08 8.851461750046716e-07
232.5 4.7062895895642625e-08 9.6995021667132e-07
233.5 3.863933853981417e-08 8.235014448005545e-07
234.5 3.07301277642731e-08 6.776276046295158e-07
235.5 4.834924703188096e-08 1.103699477247329e-06
236.5 3.638577416251218e-08 8.603690014895425e-07
237.5 4.310676378236951e-08 1.0564880229705197e-06
238.5 2.8892068411085842e-08 7.344387094133801e-07
239.5 3.494656029402626e-08 9.220405052489177e-07
240.5 3.132784529549716e-08 8.585713951237149e-07
241.5 3.565867956167401e-08 1.0159346002320184e-06
242.5 5.2233690450847616e-08 1.5484056379078826e-06
243.5 4.633611465286443e-08 1.4305172568456347e-06
244.5 4.285558582722333e-08 1.379290964083378e-06
245.5 3.274814658913248e-08 1.0999634517491214e-06
246.5 3.1744570367375996e-08 1.1140589799720726e-06
247.5 3.538138247158083e-08 1.298986998981222e-06