wavelength(nm)    spectral_current_density(A*m^-2*nm^-1)    error(A*m^-2*nm^-1)
1.05 6.680306442686186e-10 9.428371916197498e-10
1.15 1.0979170490615108e-09 1.5515015997986466e-09
1.25 1.9843554422920764e-09 2.6255919621850694e-09
1.35 3.384300313911103e-09 4.6683513580565914e-09
1.45 6.037130816537845e-09 8.22557601954596e-09
1.55 8.793327483152515e-09 1.1888190547513287e-08
1.65 1.0681996678516412e-08 1.4038073773324967e-08
1.75 1.0899608138720583e-08 1.2857195175548658e-08
1.85 8.552339682452957e-09 9.316332567718673e-09
1.95 5.173412081754786e-09 4.77231742025456e-09
2.05 1.0794987748056189e-08 6.70606382089617e-09
2.15 1.0445035703577947e-08 6.3000933603233275e-09
2.25 1.0478678782044856e-08 6.206665223370933e-09
2.35 2.0109432164476997e-09 1.6630264294296031e-09
2.45 2.058262858472153e-09 1.6678336745757256e-09
2.55 2.216963246303042e-09 1.747726012315919e-09
2.65 1.284374897040875e-09 1.066192797011248e-09
2.75 2.3786663615105264e-09 1.4749687999914417e-09
2.85 2.5374538686275666e-09 1.4554354339997026e-09
2.95 2.3916199221784886e-09 1.321696988240758e-09
3.05 1.3534150446466431e-09 8.902399041112621e-10
3.15 1.0544988568329456e-09 8.211310053462147e-10
3.25 2.888915867427466e-09 1.7111407513099296e-09
3.35 3.0563697127748113e-09 1.7393282821510962e-09
3.45 3.187096581782127e-09 1.6818940580651914e-09
3.55 1.448834739827571e-09 9.125750736618599e-10
3.65 1.2948841246055e-09 9.164841419545166e-10
3.75 1.051653203155529e-09 8.265485526380845e-10
3.85 1.2848789109337115e-09 8.823108173704051e-10
3.95 8.117058822619303e-09 2.965693630169409e-09
4.05 9.016084986540575e-09 3.4494128272453037e-09
4.15 1.0003003422750352e-08 3.870393080897518e-09
4.25 3.559543234478352e-09 2.107604254649965e-09
4.35 4.980986348307984e-09 2.986464978844769e-09
4.45 4.200752717170627e-09 2.6111691618141996e-09
4.55 4.3901601634839825e-09 2.6612792780874813e-09
4.65 4.177956587162327e-09 2.2544488373208977e-09
4.75 4.777909496905238e-09 2.396434946407776e-09
4.85 4.135405071299651e-09 1.9226336960040103e-09
4.95 5.9250489360059065e-09 2.732024925035604e-09
5.05 6.291133190626085e-09 3.054450922344484e-09
5.15 6.805666055905494e-09 3.3459619916885373e-09
5.25 3.011583538706892e-09 1.663445964700524e-09
5.35 4.354894645174829e-09 2.492246664095259e-09
5.45 7.128778119533271e-09 3.0370889166249584e-09
5.55 8.392308862168723e-09 3.4017449117558265e-09
5.65 9.042717308680185e-09 3.2537266071874144e-09
5.75 4.564860795676028e-09 1.8622511014427508e-09
5.85 3.404879626850703e-09 1.6146890290470343e-09
5.95 2.7134402297916668e-09 1.0642427225622343e-09
6.05 4.939433633704951e-09 1.9128128830332045e-09
6.15 6.147406939293612e-09 2.3556506847261406e-09
6.25 7.22474021308829e-09 4.0867214124588324e-09
6.35 5.9599012363766456e-09 3.4827539729120222e-09
6.45 4.967274482367812e-09 2.9348873869438875e-09
6.55 4.047280394886036e-09 1.878568809731586e-09
6.65 4.868046454734537e-09 2.3306103826936997e-09
6.75 4.412215726801206e-09 2.0034422703202474e-09
6.85 5.802590582766238e-09 2.5174414357255166e-09
6.95 6.098007874009975e-09 2.3965496422964854e-09
7.05 7.416076866428958e-09 3.904594768295221e-09
7.15 8.173513489016431e-09 5.456753418167708e-09
7.25 7.54614205920445e-09 5.40882987896496e-09
7.35 7.118594500172009e-09 4.124814021726591e-09
7.45 6.4203855741713915e-09 3.9732590550591004e-09
7.55 7.0786171641165324e-09 5.657810681500782e-09
7.65 6.720423422073319e-09 5.651863769589049e-09
7.75 5.37425082807386e-09 4.008816976938216e-09
7.85 5.059944301535462e-09 3.4638509168412993e-09
7.95 4.801983063009477e-09 3.6371619215759724e-09
8.05 5.328315980156597e-09 3.729716857291552e-09
8.15 6.683298636020361e-09 4.427921958383152e-09
8.25 8.419181818357883e-09 5.328858266704852e-09
8.35 8.341507139058475e-09 5.388601679977616e-09
8.45 7.2518237752497645e-09 4.745700592845304e-09
8.55 6.303864945341348e-09 4.066578306312623e-09
8.65 6.113228487699676e-09 3.479303489104503e-09
8.75 6.43730772621832e-09 3.3888564046958956e-09
8.85 6.559277340629377e-09 3.818660535335931e-09
8.95 6.6703999262320806e-09 4.287232066004671e-09
9.05 6.9536867648555335e-09 4.301460421968199e-09
9.15 7.339504640257007e-09 4.550471133184876e-09
9.25 7.793769450700205e-09 4.862091658999499e-09
9.35 8.004233142978617e-09 5.352494167735e-09
9.45 8.47648416513427e-09 4.441914555203416e-09
9.55 8.737553673956247e-09 3.672637667329254e-09
9.65 9.21474233270176e-09 3.827427390968984e-09
9.75 8.35745712087816e-09 3.5466023388271723e-09
9.85 6.806139729808069e-09 3.111590782666199e-09
9.95 6.380468384344974e-09 2.843707984540886e-09
10.05 6.360225183065164e-09 3.2348494414603434e-09
10.15 6.974544610341043e-09 3.3443683343073146e-09
10.25 8.023883992784729e-09 3.3713003516320127e-09
10.35 8.618251424449327e-09 3.9871326579691495e-09
10.45 8.368305545309925e-09 3.6727293616547054e-09
10.55 6.019246930294534e-09 2.355330413523962e-09
10.65 5.177024736344547e-09 1.969330002954905e-09
10.75 4.635589021576916e-09 2.2965201997356342e-09
10.85 4.471526031921798e-09 2.9475493037954215e-09
10.95 4.3501529449548815e-09 2.7085312870075886e-09
11.05 5.323824523162305e-09 2.3516019801360457e-09
11.15 6.268362367159512e-09 2.6078457527102194e-09
11.25 7.2143727626808085e-09 2.4586507333493764e-09
11.35 6.638656318442941e-09 2.345627711722917e-09
11.45 6.901506865535728e-09 2.398002554714103e-09
11.55 7.240768682699279e-09 2.484202186626868e-09
11.65 7.594975758287877e-09 3.1162006351853047e-09
11.75 6.912665761942065e-09 2.8980423924135345e-09
11.85 5.213659022544204e-09 2.094961109184641e-09
11.95 4.29017685458231e-09 1.9702329293875697e-09
12.05 4.326482636928016e-09 2.211488290191422e-09
12.15 4.7345769622017154e-09 2.3592659244993764e-09
12.25 5.040654584770283e-09 2.2771882489222762e-09
12.35 4.819970986297159e-09 2.2369209537294795e-09
12.45 3.903012130336464e-09 2.052136477160432e-09
12.55 2.854298222446029e-09 1.5329228525151032e-09
12.65 3.2244195697859954e-09 1.4653952823004062e-09
12.75 3.771170139782727e-09 1.741282401446786e-09
12.85 5.070361018155584e-09 2.1257386314903376e-09
12.95 6.499118238697869e-09 2.4054932180017347e-09
13.05 8.919247112568445e-09 3.1926968323600456e-09
13.15 8.71103989228307e-09 3.156042508383773e-09
13.25 7.603459126058427e-09 3.034568115228595e-09
13.35 6.067256613589541e-09 3.166958256790663e-09
13.45 5.755587675540126e-09 2.77553130691648e-09
13.55 5.674633894457807e-09 2.354051666164522e-09
13.65 5.656557785778275e-09 2.311064507659257e-09
13.75 6.410934216401835e-09 2.677783333138937e-09
13.85 6.481635380854589e-09 2.785328984869975e-09
13.95 7.573158827668123e-09 3.2303294182248227e-09
14.05 8.84538894586339e-09 5.040291588717215e-09
14.15 8.650455308660079e-09 4.78106044194395e-09
14.25 7.886416058015016e-09 3.064950026064293e-09
14.35 1.208549448204986e-08 4.1109979421084006e-09
14.45 1.6933432737705014e-08 6.064860458909217e-09
14.55 1.7593876627464165e-08 6.3207457562256376e-09
14.65 1.6616713005733556e-08 6.213554927502653e-09
14.75 2.9663362599103097e-08 1.5045385406917487e-08
14.85 3.443125285432844e-08 1.808126557104364e-08
14.95 3.384833392165178e-08 1.3370621590125364e-08
15.05 2.158793350568942e-08 7.362504294043474e-09
15.15 2.5324324237702085e-08 1.6161074891808752e-08
15.25 2.199552416948509e-08 1.7947134022055873e-08
15.35 1.8569649931036547e-08 1.4571180743866152e-08
15.45 1.3931018005177628e-08 1.1310804207722371e-08
15.55 1.0594716406499273e-08 6.656442647510379e-09
15.65 1.0633622823777312e-08 7.441336501821977e-09
15.75 1.748939791200808e-08 1.4723191948163366e-08
15.85 1.9095364422137498e-08 1.4030066626743661e-08
15.95 1.6665907237428962e-08 8.334092704817725e-09
16.05 1.387751547946227e-08 9.072649336383167e-09
16.15 1.2800100949315194e-08 9.470223249186285e-09
16.25 9.800758821968033e-09 7.803919132040355e-09
16.35 1.3135336263289772e-08 1.2842004249108037e-08
16.45 1.5677339403282452e-08 1.500561916264551e-08
16.55 1.4877967213388104e-08 1.0441074620544182e-08
16.65 3.458204802400051e-08 1.1747689290715939e-08
16.75 6.845696940403109e-08 2.3242483922694988e-08
16.85 8.901118370195092e-08 3.021559834046474e-08
16.95 2.8221420622151616e-07 9.571500609025876e-08
17.05 4.601073328169263e-07 1.5606128083644977e-07
17.15 4.5844638612780594e-07 1.5553697424305262e-07
17.25 2.6093412437941186e-07 8.855064768248969e-08
17.35 3.1969506572759307e-07 1.0854124863564343e-07
17.45 3.5606063650975317e-07 1.208880912032627e-07
17.55 3.982378880319605e-07 1.3526229889564243e-07
17.65 2.6945639267049325e-07 9.156647529787429e-08
17.75 2.3482742030516138e-07 7.980394380442483e-08
17.85 2.0009432757256745e-07 6.80212309055461e-08
17.95 2.4676650918343014e-07 9.885274469639928e-08
18.05 2.733130418131612e-07 1.3174333279101032e-07
18.15 2.5847069881208395e-07 1.003685843233781e-07
18.25 7.967321209901208e-08 3.537460931913466e-08
18.35 1.3414943591113273e-07 4.562713368163687e-08
18.45 1.380605160311133e-07 4.97261454643745e-08
18.55 1.5715273066904309e-07 5.346743012827554e-08
18.65 1.2822548050051094e-07 6.38101171576033e-08
18.75 2.5672286276012556e-07 1.2870169117548106e-07
18.85 2.4558965301570963e-07 1.1215085213057094e-07
18.95 2.12489142901022e-07 7.219174868647706e-08
19.05 9.109770783368631e-08 3.9011808360772836e-08
19.15 1.2931373420297806e-07 6.149171479679294e-08
19.25 2.0270108994580217e-07 1.2274848171437965e-07
19.35 2.3525169568369178e-07 1.4005367307780768e-07
19.45 2.759167048175104e-07 1.9212942623413062e-07
19.55 1.9861473783345536e-07 1.4679242210780742e-07
19.65 1.2526899350719084e-07 6.129715336334439e-08
19.75 6.319709039491917e-08 3.649348400780473e-08
19.85 5.069305943912899e-08 2.4034210994603976e-08
19.95 5.2474591980732344e-08 3.171010176461955e-08
20.05 8.454309310295516e-08 6.558568339605292e-08
20.15 1.6280564362041633e-07 1.5423650965117627e-07
20.25 1.6755265465152335e-07 1.538855652225624e-07
20.35 1.2663720930484622e-07 1.1417918362259244e-07
20.45 8.718464077452322e-08 9.545630336620894e-08
20.55 4.803350224824045e-08 3.296072627359277e-08
20.65 5.045269892805247e-08 2.3780362205611873e-08
20.75 5.726287538708121e-08 2.8680955657490386e-08
20.85 6.651958957357742e-08 3.909008871523944e-08
20.95 6.95595844799321e-08 5.658388980056837e-08
21.05 1.2546650518611161e-07 1.483830415529738e-07
21.15 1.1789200508041377e-07 1.4754852449103925e-07
21.25 7.402598770531786e-08 7.698154679726039e-08
21.35 4.267255711480967e-08 2.8847098901907274e-08
21.45 4.638713247943306e-08 3.2212878319763374e-08
21.55 5.940646989173241e-08 2.5680645961307343e-08
21.65 7.777359547274857e-08 3.4743482367277116e-08
21.75 8.945657638031115e-08 4.5592843185623435e-08
21.85 9.372824083649812e-08 6.46800527179144e-08
21.95 1.082840346850211e-07 9.284972213028592e-08
22.05 1.019277107947348e-07 7.796262257083786e-08
22.15 8.808296912644091e-08 5.670745001029017e-08
22.25 8.226977067493251e-08 5.0681613498745985e-08
22.35 1.0643889782123796e-07 4.8163441217788996e-08
22.45 1.4113061379024e-07 6.024263280597094e-08
22.55 1.7160148357363314e-07 6.204363753127772e-08
22.65 1.6924469735748884e-07 6.507946261631681e-08
22.75 1.5124468189552432e-07 6.640768293351553e-08
22.85 1.037557201459719e-07 4.5439670721789236e-08
22.95 7.698777894583807e-08 2.6644449359437804e-08
23.05 6.512188640292472e-08 2.2129141830205577e-08
23.15 6.382337253104224e-08 2.3040980599457894e-08
23.25 7.114977234765671e-08 2.8155495281195313e-08
23.35 9.726529006478496e-08 4.485572095294588e-08
23.45 9.453781712073497e-08 4.370322345504556e-08
23.55 7.290827825836113e-08 2.734845155966107e-08
23.65 6.191824526432211e-08 2.4052382831445336e-08
23.75 7.147490143582656e-08 2.6267265298625027e-08
23.85 6.98547983972161e-08 3.5564062243064806e-08
23.95 7.049031286139033e-08 4.5174113826086283e-08
24.05 1.103879534758497e-07 4.600692892529264e-08
24.15 1.4474660814844565e-07 4.915494315372133e-08
24.25 1.5410170003278884e-07 5.645641309908322e-08
24.35 1.2575725986538396e-07 6.831500578374992e-08
24.45 9.404630016957037e-08 5.336097266623735e-08
24.55 7.679952178228046e-08 4.359306699857139e-08
24.65 6.409561081756992e-08 4.380339425480708e-08
24.75 4.757746609840526e-08 2.7134764564364165e-08
24.85 4.871180111168311e-08 3.484570265783651e-08
24.95 4.15239678917599e-08 3.6483681135813294e-08
25.05 4.1801486164643234e-08 3.9959605316176156e-08
25.15 6.763008543600491e-08 8.680301525441482e-08
25.25 6.507648049958502e-08 7.243465078777639e-08
25.35 4.274706328773504e-08 2.4972881559556006e-08
25.45 5.912479913931998e-08 2.278248130619543e-08
25.55 2.2805139273238622e-07 8.170358789367642e-08
25.65 3.5566310893055314e-07 1.6256039022663879e-07
25.75 3.7039471787739715e-07 1.675317441793167e-07
25.85 1.928580247336899e-07 8.527373949756172e-08
25.95 8.487416684020886e-08 4.0841910760523256e-08
26.05 5.780625652758171e-08 3.5912259442650145e-08
26.15 4.203373053185686e-08 3.1144730778205676e-08
26.25 4.2549156897361954e-08 4.075797679683828e-08
26.35 6.11990692579e-08 6.106632162014247e-08
26.45 8.187499425505801e-08 9.400741067282325e-08
26.55 7.489645081093912e-08 8.135347481969505e-08
26.65 1.897786749993555e-08 1.2179670645148207e-08
26.75 1.4198229151932938e-08 8.588844287078628e-09
26.85 9.557298889947903e-09 7.315142697834271e-09
26.95 2.6939233868874078e-08 3.246653860599661e-08
27.05 4.672083673797731e-08 5.1160847701739624e-08
27.15 5.924344103146329e-08 5.141531565476082e-08
27.25 4.2800749976233784e-08 2.4826564205487292e-08
27.35 7.802240097994335e-08 9.316662290884855e-08
27.45 8.442221448275704e-08 1.0170786180533747e-07
27.55 6.789198500279876e-08 3.8364392717183946e-08
27.65 7.768467968424008e-08 2.9328339585218185e-08
27.75 7.803310616911432e-08 3.226491913337815e-08
27.85 5.404712433160986e-08 1.8945874934597555e-08
27.95 3.159557787353567e-08 1.200327065175397e-08
28.05 2.031783614640153e-08 1.3252151632996948e-08
28.15 1.8317476085630687e-08 1.4391425000276789e-08
28.25 2.721054487326841e-08 1.961758445544237e-08
28.35 2.5636893938788204e-07 4.1134953152724474e-07
28.45 2.830118065764072e-07 4.526306539796963e-07
28.55 8.506116426825606e-08 1.1601851180941272e-07
28.65 1.7138905900571258e-08 1.799177024074185e-08
28.75 1.773581090732296e-08 2.129465646355116e-08
28.85 2.246411492682847e-08 2.9910231520719545e-08
28.95 2.9349371588728956e-08 2.523970521808829e-08
29.05 3.09805710727361e-08 2.375503079274423e-08
29.15 5.2954805944128725e-08 3.354570123392709e-08
29.25 4.628879872849697e-08 2.8926641892609487e-08
29.35 3.655190594976931e-08 1.652687985201807e-08
29.45 2.4177022998383675e-08 9.58873130273246e-09
29.55 4.5830016763751595e-08 2.0354727124717163e-08
29.65 4.476659708534838e-08 2.0031717683799355e-08
29.75 3.059647041939239e-08 1.0938890580847152e-08
29.85 8.530458653193034e-09 9.323208348446824e-09
29.95 1.0428861088074822e-08 1.104894414868052e-08
30.05 1.0582328081822162e-08 1.0430673739684067e-08
30.15 1.6639323972009044e-08 9.851447482521737e-09
30.25 2.7552638527378867e-06 9.377510083492448e-07
30.35 3.3350359112335263e-06 1.135268377790334e-06
30.45 3.3492577836190503e-06 1.1399347959874157e-06
30.55 6.100224037616086e-07 2.0758453668238594e-07
30.65 3.5492621469728726e-08 1.2292100302554242e-08
30.75 2.692441063802876e-08 1.2841407988194678e-08
30.85 2.3061528540522683e-08 1.4614474459601849e-08
30.95 1.8349024519800888e-08 1.1650587531869135e-08
31.05 2.1134435352458564e-08 9.804204059776027e-09
31.15 3.76835851904181e-08 2.6161652387732972e-08
31.25 6.087175184849687e-08 3.3485168786772614e-08
31.35 8.891321886922372e-08 3.024830189474081e-08
31.45 1.220284245414918e-07 4.150999544847182e-08
31.55 1.3701096640414712e-07 4.6604925310444793e-08
31.65 9.905340581295714e-08 3.3700421075479797e-08
31.75 5.9034758333549565e-08 2.0097324128992863e-08
31.85 6.498384491335475e-08 2.2118034629490916e-08
31.95 8.015661226874826e-08 2.726513316330288e-08
32.05 8.276082074357591e-08 3.2443304235569874e-08
32.15 4.386399007592221e-08 2.6537466576890282e-08
32.25 1.5570709879642085e-08 1.2298907538703505e-08
32.35 1.2185094524986172e-08 8.877833968907644e-09
32.45 1.2107999295272444e-08 1.0057907482226034e-08
32.55 1.36903719018988e-08 1.193118182536842e-08
32.65 1.591575767780699e-08 1.6189162568414554e-08
32.75 2.128549717083086e-08 2.1733966196729464e-08
32.85 1.763553532938084e-08 1.741944747252831e-08
32.95 1.4785541247084133e-08 1.2065196555418666e-08
33.05 1.018721572906999e-08 9.522892862366246e-09
33.15 1.8954663794315207e-08 1.2105630288244029e-08
33.25 2.6830248280174708e-08 2.1919591352038608e-08
33.35 5.939669982235722e-08 7.373897434313484e-08
33.45 1.6946865502960366e-07 2.6222756055263217e-07
33.55 2.059655110112925e-07 3.1463545604106733e-07
33.65 1.0804157219446715e-07 1.6000870237025284e-07
33.75 2.3865852568268296e-08 1.9269678808412063e-08
33.85 3.0745830496229754e-08 2.0383988063504497e-08
33.95 2.9860685990170326e-08 1.6998041521890907e-08
34.05 4.047888091996633e-08 1.7927857980615996e-08
34.15 6.657269144688122e-08 3.609941815445424e-08
34.25 6.397058959136643e-08 3.4836329958173044e-08
34.35 4.7348496276371446e-08 1.9372158351037453e-08
34.45 6.803264417008852e-08 2.317812363713262e-08
34.55 7.888338745239006e-08 2.8676799312695634e-08
34.65 1.1353978433219996e-07 4.587075114929618e-08
34.75 9.59380592422582e-08 6.583611393169513e-08
34.85 1.2290042537700375e-07 7.152010413810582e-08
34.95 9.248217240310632e-08 5.233848684160568e-08
35.05 7.310275884867497e-08 3.1503703939384126e-08
35.15 7.29950804124699e-08 3.6302747872134246e-08
35.25 6.920457146404341e-08 4.501881665804341e-08
35.35 7.824949699678616e-08 5.201235081534567e-08
35.45 4.9473260728988165e-08 4.3177931394398167e-08
35.55 5.533564602266928e-08 4.062930975009576e-08
35.65 4.4914723338181865e-08 3.514712400675417e-08
35.75 4.048744767981348e-08 2.3561123712779907e-08
35.85 3.992413567355634e-08 3.282288714363995e-08
35.95 8.019543374170185e-08 9.388481390528913e-08
36.05 1.569347506860182e-07 2.3106281744254222e-07
36.15 1.2177403231308723e-07 1.9179239151984992e-07
36.25 2.6044376503487146e-08 3.0690694020565465e-08
36.35 5.289191673688169e-08 5.005804968944515e-08
36.45 8.0256055515629e-08 7.031468189340736e-08
36.55 7.25382026152539e-08 5.73078481156034e-08
36.65 1.143198709597147e-07 3.890255622372589e-08
36.75 2.664333682940463e-07 9.050906028229795e-08
36.85 2.7725597750824476e-07 9.423264839818584e-08
36.95 1.9057313690869778e-07 6.47582286120759e-08
37.05 1.7959334184291846e-08 6.107939301061717e-09
37.15 7.411912967577864e-09 2.544016583749908e-09
37.25 1.1085832447865817e-08 3.7802465507318396e-09
37.35 1.8334381733693943e-08 6.230995274072036e-09
37.45 1.8442030565732902e-08 6.266653741567014e-09
37.55 2.334690738743799e-08 7.93301879958822e-09
37.65 1.7151022206919815e-08 5.828315095518833e-09
37.75 1.7323307605945855e-08 5.886388292326119e-09
37.85 1.1087962228454207e-08 3.7687275003252976e-09
37.95 1.001758529225332e-08 3.4055819474441363e-09
38.05 1.0299194894391768e-08 3.500399386339702e-09
38.15 7.433321888268297e-09 2.5264890290284276e-09
38.25 8.636707632982263e-09 2.938500099862796e-09
38.35 1.0311335433635736e-08 3.504434715311451e-09
38.45 1.1421977523877213e-08 4.01871444311287e-09
38.55 1.038875362744556e-08 3.689564730164907e-09
38.65 9.036001850777676e-09 3.0710474811636396e-09
38.75 8.464270379265579e-09 2.885206807139255e-09
38.85 8.502818145016453e-09 3.1163876694480666e-09
38.95 1.106177540932756e-08 7.468439729910299e-09
39.05 1.0014143722626383e-08 6.4203592097349514e-09
39.15 9.082024808443298e-09 3.0864618640617485e-09
39.25 8.696930231341841e-09 2.9559821463323852e-09
39.35 8.864379302764867e-09 3.35450864256078e-09
39.45 8.013592772162293e-09 2.723735168232887e-09
39.55 7.425048708865018e-09 2.5239293309863638e-09
39.65 7.054778787190153e-09 2.397776489630217e-09
39.75 6.223278043751928e-09 2.115747757050364e-09
39.85 9.546707505306166e-09 3.244448112335914e-09
39.95 1.291194920175153e-08 4.387416323190099e-09
40.5 1.9637923718734394e-08 4.105231544997095e-09
41.5 1.4368054670771054e-08 7.551035435051033e-09
42.5 1.3237488365584181e-08 2.9446936587978475e-09
43.5 2.8671023475989344e-08 4.972842477096033e-09
44.5 1.6734734832820262e-08 4.553078326552406e-09
45.5 1.8820118064582302e-08 3.360378584765873e-09
46.5 5.215564002399229e-08 7.62101210918273e-09
47.5 2.4230507519978897e-08 4.655825400691398e-09
48.5 3.7817197747565836e-08 8.038488084407158e-09
49.5 5.032128629739347e-08 1.8623734698535813e-08
50.5 5.6357617330205314e-08 1.6018963418185692e-08
51.5 2.217099339508066e-08 7.261317376915083e-09
52.5 2.523697049525086e-08 9.963581149471513e-09
53.5 2.67513583188755e-08 4.93277860186969e-09
54.5 1.712549326503326e-08 3.5194926246605278e-09
55.5 9.86867813333934e-08 1.3267402717045995e-08
56.5 2.3492148505126772e-08 3.8480877021732986e-09
57.5 2.028238476608677e-08 4.234049215744235e-09
58.5 1.7307282517732537e-07 3.2126520965894275e-08
59.5 3.0651663518355236e-08 5.500768688684741e-09
60.5 7.210021141795545e-08 1.87329686082294e-08
61.5 5.950090026111306e-08 1.6206046324564498e-08
62.5 1.6649232888843383e-07 2.729436105127642e-08
63.5 1.4703782740150458e-07 2.0232567303977434e-08
64.5 2.126046467456701e-08 3.819328175272777e-09
65.5 2.0838043045486554e-08 3.5618521646588514e-09
66.5 2.42934352835087e-08 4.320501493533771e-09
67.5 2.066256225210441e-08 4.1543557607502076e-09
68.5 4.800268252432539e-08 7.779251148559617e-09
69.5 3.6390188107573175e-08 8.038734206714106e-09
70.5 8.88760015167312e-08 1.6565511284950397e-08
71.5 3.599729876928388e-08 7.990732764240214e-09
72.5 3.518333239596356e-08 1.0140685618804764e-08
73.5 2.6049193931006268e-08 6.457868797386727e-09
74.5 3.997301997944691e-08 9.258147062391798e-09
75.5 5.800699203239359e-08 1.2818811992008716e-08
76.5 1.5976353150880313e-07 3.170397278803214e-08
77.5 1.4406753981463972e-07 2.8626378054881057e-08
78.5 2.2293630576782242e-07 4.073522774496663e-08
79.5 1.595574285228092e-07 2.9692076585062432e-08
80.5 1.2813793217159318e-07 2.5783609955268454e-08
81.5 1.4065741281449105e-07 2.8676348897367916e-08
82.5 1.7331471015824338e-07 3.670731229210819e-08
83.5 4.365363573866665e-07 8.531187343662704e-08
84.5 2.540596980351358e-07 5.6746796306480535e-08
85.5 3.104944170792398e-07 7.084971332230152e-08
86.5 3.6292796101177285e-07 8.17157158947319e-08
87.5 4.431272524728138e-07 9.711046950135431e-08
88.5 5.242538486210666e-07 1.0991736522647933e-07
89.5 6.105533656015526e-07 1.1902710153968717e-07
90.5 7.432158699302364e-07 1.3283250668830577e-07
91.5 6.340199990474418e-07 1.0776055482412336e-07
92.5 2.1363544966439817e-07 3.4169976595279654e-08
93.5 2.1827062021258643e-07 3.534585910257691e-08
94.5 1.5716953551906616e-07 2.7719537892170427e-08
95.5 1.2343685905586094e-07 2.450698363279793e-08
96.5 8.69112979876619e-08 1.8575084360315623e-08
97.5 1.5991111513210665e-06 4.660618421424346e-07
98.5 1.735161710808106e-07 3.09270858045338e-08
99.5 2.4220594954825273e-07 4.256621409532596e-08
100.5 1.0597901314521508e-07 2.14699242907237e-08
101.5 1.280154454180468e-07 3.246953534392087e-08
102.5 1.0489234130010899e-06 2.552664149099749e-07
103.5 8.807610860812871e-07 1.8214243432560876e-07
104.5 1.357798365942425e-07 3.415450436001707e-08
105.5 1.1842361840729336e-07 2.8520867838435654e-08
106.5 1.1988741388646197e-07 2.929866214254927e-08
107.5 1.3179105836359868e-07 3.054361311780475e-08
108.5 1.8271530235637653e-07 4.5147879205183606e-08
109.5 1.2922968150737364e-07 3.044231575554312e-08
110.5 1.4059120996970744e-07 3.504942154213387e-08
111.5 1.2385489545536487e-07 3.239659147699853e-08
112.5 1.229221725094015e-07 2.997174466160378e-08
113.5 7.717841165601016e-08 1.63517958188146e-08
114.5 9.226433570442588e-08 1.4017718036871044e-08
115.5 1.0677461934564422e-07 1.3912655129875596e-08
116.5 1.2305106640014091e-07 1.782331452749569e-08
117.5 4.0695339735216683e-07 7.304794135709106e-08
118.5 1.5163977509931205e-07 1.5271349256635135e-08
119.5 2.2022208512111366e-07 6.879159223511578e-08
120.5 6.46929983247476e-07 1.3433297335805848e-07
121.5 2.5141214376789275e-05 4.375698662753912e-06
122.5 2.2398264161218837e-07 3.517188662197558e-08
123.5 1.3006330881672285e-07 2.074958980473131e-08
124.5 8.637040005366496e-08 1.398686760302848e-08
125.5 7.327647252522261e-08 1.0810470858527414e-08
126.5 8.934336265406027e-08 1.5986857136506424e-08
127.5 4.4605396883398456e-08 6.478008437656995e-09
128.5 3.235099583431576e-08 4.6507780732371836e-09
129.5 4.098657596772242e-08 6.284072758947732e-09
130.5 2.553252023489584e-07 3.7496686774834824e-08
131.5 3.78953495114943e-08 5.813433311621731e-09
132.5 2.7542625647429253e-08 4.18514444411465e-09
133.5 2.390109485702885e-07 4.0878809347073636e-08
134.5 2.0905319550807056e-08 3.286221243848236e-09
135.5 4.406063148377549e-08 6.1423904511848494e-09
136.5 2.4743540449595988e-08 3.6131787918837317e-09
137.5 2.43336719405677e-08 3.6335745703636565e-09
138.5 2.2297910727586134e-08 3.2330026468409434e-09
139.5 5.320958460313536e-08 9.086675825799025e-09
140.5 4.247781953284639e-08 6.75346503367577e-09
141.5 2.3495534227025315e-08 3.4399245890428394e-09
142.5 2.384384474994403e-08 3.5917989621230416e-09
143.5 2.4958616214398967e-08 3.615638731448311e-09
144.5 2.3216148844655652e-08 3.4252138597951287e-09
145.5 2.291722768841644e-08 3.5397799383315015e-09
146.5 2.6434391633511965e-08 3.881030900684976e-09
147.5 3.153512687407071e-08 4.6724987332588e-09
148.5 3.0598427646238964e-08 4.537233998417431e-09
149.5 2.6141069167586542e-08 3.917755956373597e-09
150.5 2.7997446680567407e-08 4.168841499143305e-09
151.5 2.9050468482229134e-08 4.377563290224748e-09
152.5 3.390520020024361e-08 5.174256620562477e-09
153.5 3.593209240928022e-08 5.476752744405292e-09
154.5 5.862782161754343e-08 9.305862166646431e-09
155.5 4.8807977766798756e-08 7.64640366470629e-09
156.5 4.531264629306154e-08 6.989681221144829e-09
157.5 3.6537621868258826e-08 5.686604363254707e-09
158.5 3.0838561518737097e-08 4.817413625568246e-09
159.5 3.008261723429312e-08 4.77007103859416e-09
160.5 3.2900756266211946e-08 5.25553186074329e-09
161.5 3.726748223310978e-08 6.145828442205147e-09
162.5 3.9997053970818505e-08 6.768225326062295e-09
163.5 4.023547870579724e-08 6.999281905780309e-09
164.5 4.567542747252036e-08 8.12555976384276e-09
165.5 6.925009088041926e-08 1.2599377100146831e-08
166.5 4.557395181293533e-08 8.513146451109214e-09
167.5 5.0979219544801106e-08 9.730693112387309e-09
168.5 5.248353839193061e-08 1.0197466753415157e-08
169.5 6.652223182509708e-08 1.3226401901126054e-08
170.5 7.287022086194501e-08 1.4807741370555473e-08
171.5 7.042242088053325e-08 1.4644705603119131e-08
172.5 7.520123852661877e-08 1.5965502936717185e-08
173.5 7.155980857930671e-08 1.5487975414690392e-08
174.5 8.468748225328721e-08 1.871946870092206e-08
175.5 9.947489259348699e-08 2.2495809010692504e-08
176.5 1.0287758456532086e-07 2.377695566281238e-08
177.5 1.2069551437633078e-07 2.8616966212099647e-08
178.5 1.2909097869706555e-07 3.135383205058575e-08
179.5 1.2602212112417067e-07 3.149264443478409e-08
180.5 1.538250993154246e-07 3.970225553266903e-08
181.5 1.7109891158977918e-07 4.58642833702243e-08
182.5 1.5608193419436093e-07 4.346145358696524e-08
183.5 1.5669592351981134e-07 4.5712742946851007e-08
184.5 1.274140976814635e-07 3.9298596069915645e-08
185.5 1.332346985694913e-07 4.396556343082071e-08
186.5 1.3913720105723857e-07 4.983543587339876e-08
187.5 1.388674156201253e-07 5.50260886863878e-08
188.5 1.1721864187380895e-07 5.279694616152907e-08
189.5 7.338855998989792e-08 3.910683959229457e-08
190.5 nan nan
191.5 nan nan
192.5 nan nan
193.5 nan nan
194.5 nan nan
190.5 1.5123970318488517e-07 6.67434186216538e-08
191.5 1.4848875352537555e-07 6.876724884858664e-08
192.5 1.460661165900057e-07 7.09640840159221e-08
193.5 1.0394713646323127e-07 5.295007078825439e-08
194.5 1.552978648724406e-07 8.29299528300775e-08
195.5 1.375662029805472e-07 7.699427178711483e-08
196.5 1.4112007425644818e-07 8.277915292106008e-08
197.5 1.2980057132364673e-07 7.981299493220467e-08
198.5 1.1797178259910416e-07 7.606803441459901e-08
199.5 1.1492100430439165e-07 7.776135864395676e-08
200.5 1.1142470315078656e-07 7.918959069204984e-08
201.5 1.1061718196501308e-07 8.267577684294977e-08
202.5 9.696763831544723e-08 7.634528369984884e-08
203.5 9.883459464027359e-08 8.215551610589794e-08
204.5 9.586402237193315e-08 8.437344801036379e-08
205.5 8.596100599474662e-08 8.039723550719917e-08
206.5 7.731337316968006e-08 7.718892063955604e-08
207.5 7.712991403953959e-08 8.266151365111747e-08
208.5 7.633814931028824e-08 8.840375302952008e-08
209.5 9.504967037759075e-08 1.1986082423093711e-07
210.5 1.0671458153681634e-07 1.4779504023248436e-07
211.5 1.1125642357688354e-07 1.7070993244809318e-07
212.5 9.177391088270008e-08 1.5725704321651228e-07
213.5 7.271115013789016e-08 1.3994331482134778e-07
214.5 9.247435938508356e-08 2.0030263097969247e-07
215.5 6.902262788185896e-08 1.6772805427125623e-07
216.5 6.266463383790215e-08 1.693676353098511e-07
217.5 5.9007332322944976e-08 1.750592998728251e-07
218.5 8.379966294343078e-08 2.686817013044827e-07
219.5 9.085837103878557e-08 3.1003482988340954e-07
220.5 2.4527061030122034e-07 8.910651334472841e-07
221.5 1.6873158435543046e-07 6.420880642388855e-07
222.5 2.393468665284642e-07 9.554961351174719e-07
223.5 2.929111106577122e-07 1.2287640586699648e-06
224.5 2.5842594229785793e-07 1.1412884550300507e-06
225.5 2.1852229403788655e-07 1.018012108883393e-06
226.5 1.4645145345463884e-07 7.212858705729797e-07
227.5 1.4185909135312005e-07 7.404330464831841e-07
228.5 1.9359902558328989e-07 1.0737977378099095e-06
229.5 1.5584743552667621e-07 9.213442155160747e-07
230.5 1.7955555905685292e-07 1.1352660552295927e-06
231.5 1.4569392876464426e-07 9.88969165772971e-07
232.5 1.4768287420405712e-07 1.080965472408154e-06
233.5 1.1540787337812414e-07 9.154589607795591e-07
234.5 8.690349892949646e-08 7.514406763220305e-07
235.5 1.2865130665788012e-07 1.220956378869865e-06
236.5 9.041468291669273e-08 9.49502350691205e-07
237.5 9.911428520467196e-08 1.1631980648066571e-06
238.5 6.076616392038603e-08 8.06748173558534e-07
239.5 6.62516210161819e-08 1.010510591913783e-06
240.5 5.250594839758193e-08 9.388377640682719e-07
241.5 5.144563853852031e-08 1.1084538631453706e-06
242.5 6.240044151100869e-08 1.685731862980621e-06
243.5 4.310689684696487e-08 1.5540413549696009e-06
244.5 2.77739148906929e-08 1.4952183198261768e-06
245.5 1.1333371003195158e-08 1.1899246465242982e-06
246.5 7.028214400171571e-10 1.2026931287872854e-06
247.5 -1.1541690476332249e-08 1.399489262338501e-06
248.5 -1.843792240602453e-08 1.0863818044610006e-06
249.5 -3.5951524362395215e-08 1.4048001037300206e-06