wavelength(nm)    spectral_current_density(A*m^-2*nm^-1)    error(A*m^-2*nm^-1)
1.05 3.2934398379807363e-10 4.6477295018669223e-10
1.15 6.135315629788673e-10 8.670638039355103e-10
1.25 1.0688944784730934e-09 1.4143688076665982e-09
1.35 1.7654554710286583e-09 2.435098296960157e-09
1.45 3.3334348290630285e-09 4.541542464279315e-09
1.55 5.207987369778075e-09 7.0412575008827955e-09
1.65 6.52966505748799e-09 8.581903284001863e-09
1.75 6.721855738634105e-09 7.929532419815198e-09
1.85 5.414559855647637e-09 5.897930996203768e-09
1.95 3.4931503265574473e-09 3.2218140548056473e-09
2.05 7.961921723711033e-09 4.94494721610588e-09
2.15 8.318756751825933e-09 5.017831583338646e-09
2.25 8.61209644719092e-09 5.102725404309709e-09
2.35 1.6042576801524103e-09 1.3270125845038186e-09
2.45 1.5146835166205378e-09 1.2275991335800954e-09
2.55 1.4857697259185454e-09 1.1712556464765272e-09
2.65 8.209467707587757e-10 6.812602433267345e-10
2.75 1.6032945208055515e-09 9.933338604346453e-10
2.85 2.0157499034352478e-09 1.1555659973311513e-09
2.95 2.39977466352591e-09 1.3265020039066375e-09
3.05 1.7224870409500485e-09 1.1334038795187878e-09
3.15 1.6070671830961637e-09 1.251318923916663e-09
3.25 4.763896864638229e-09 2.819149810458816e-09
3.35 4.891988280432501e-09 2.780760037786462e-09
3.45 4.64618202500893e-09 2.449609154305619e-09
3.55 1.9658314196590876e-09 1.2377653504147725e-09
3.65 1.7956286649890689e-09 1.2711605077179456e-09
3.75 1.6299031788787203e-09 1.2819050076167428e-09
3.85 2.265259733104047e-09 1.5563701509408341e-09
3.95 1.5349575774715956e-08 5.569983754148702e-09
4.05 1.6485887937735475e-08 6.1995354076205785e-09
4.15 1.568575604078699e-08 5.957558762543935e-09
4.25 4.20739425460888e-09 2.4890271907104246e-09
4.35 3.812071201454481e-09 2.309453564260184e-09
4.45 1.8036045140015324e-09 1.128337787260441e-09
4.55 1.4859497387918995e-09 8.919634794384925e-10
4.65 2.301345406052314e-09 1.2350995112136606e-09
4.75 3.3946117158598654e-09 1.710809856963643e-09
4.85 2.4719652985301504e-09 1.1577125423291376e-09
4.95 2.9479323700496893e-09 1.3441245284414668e-09
5.05 3.7656407691557494e-09 1.82846745160364e-09
5.15 4.107164157553189e-09 2.019469092975976e-09
5.25 1.8542514289556066e-09 1.0242798492739638e-09
5.35 2.718245832206089e-09 1.5557359724596355e-09
5.45 4.503313312290604e-09 1.9188193570055485e-09
5.55 5.400804667450455e-09 2.1894797498877802e-09
5.65 5.994625066419698e-09 2.1573289033604085e-09
5.75 3.1511614579014635e-09 1.2856753088993122e-09
5.85 2.46433878071533e-09 1.1687446686344296e-09
5.95 2.06124112728656e-09 8.085172927024801e-10
6.05 3.919554113436752e-09 1.5179832254517688e-09
6.15 5.050741653630608e-09 1.9355517689781406e-09
6.25 6.083297800174541e-09 3.441155441437525e-09
6.35 5.09807482825315e-09 2.9792055206271026e-09
6.45 4.294467091048371e-09 2.5374179447964316e-09
6.55 3.534508696607329e-09 1.6406150963769176e-09
6.65 4.310136094333004e-09 2.0635601632550423e-09
6.75 3.987387208486538e-09 1.8105822631704622e-09
6.85 5.396037152343908e-09 2.3410974975366956e-09
6.95 5.880387758683931e-09 2.311045306750646e-09
7.05 7.457825246533151e-09 3.926572808686205e-09
7.15 8.592334576947248e-09 5.73634443042943e-09
7.25 8.281167661317415e-09 5.935643731694783e-09
7.35 8.115403583219779e-09 4.702364996240424e-09
7.45 7.54854114401747e-09 4.6713798202728555e-09
7.55 8.513777822313898e-09 6.804875792127682e-09
7.65 8.209305128480042e-09 6.903982768782012e-09
7.75 6.633680846646104e-09 4.948241544967199e-09
7.85 6.2959316683263464e-09 4.30994150425409e-09
7.95 6.02297356547365e-09 4.561959907694464e-09
8.05 6.7469547241826264e-09 4.722718106317564e-09
8.15 8.558043396924152e-09 5.6699857545832226e-09
8.25 1.0909023797683154e-08 6.90475999964173e-09
8.35 1.0921324514664375e-08 7.0551390657844215e-09
8.45 9.558438601716737e-09 6.255167628765236e-09
8.55 8.320135216040168e-09 5.367248729939934e-09
8.65 8.033600485861069e-09 4.572260583403614e-09
8.75 8.385450033958168e-09 4.4144261851474486e-09
8.85 8.45301021460359e-09 4.921140270481418e-09
8.95 8.513305086107185e-09 5.471705795327118e-09
9.05 8.821880118520411e-09 5.457094791064412e-09
9.15 9.3037796725889e-09 5.768309313697153e-09
9.25 9.92015805324255e-09 6.188618140345074e-09
9.35 1.0259690812780316e-08 6.8607306607992395e-09
9.45 1.0942189102454578e-08 5.734003472909224e-09
9.55 1.133912306414373e-08 4.766138241542208e-09
9.65 1.2019780951811878e-08 4.9925073933264075e-09
9.75 1.1022661007618937e-08 4.6776064624139925e-09
9.85 9.191178169198661e-09 4.201953929215061e-09
9.95 8.819354889757406e-09 3.930679744054083e-09
10.05 8.573431292387879e-09 4.393810812799405e-09
10.15 9.708259263529564e-09 4.649945762107725e-09
10.25 1.1235843781102957e-08 4.69127755441082e-09
10.35 1.1934964487486598e-08 5.497656587624119e-09
10.45 1.1360585031512529e-08 4.976773203212e-09
10.55 7.986103419685115e-09 3.129116641258281e-09
10.65 6.714268152303034e-09 2.5645022887497513e-09
10.75 5.887385000020382e-09 2.9258445651442234e-09
10.85 5.573979474077648e-09 3.6807800307963186e-09
10.95 5.334131121952927e-09 3.3265171068083554e-09
11.05 6.433134368205769e-09 2.847006750630428e-09
11.15 7.474027748170426e-09 3.110541846025417e-09
11.25 8.494039088092031e-09 2.888155513366977e-09
11.35 7.719321741066374e-09 2.7151067023214732e-09
11.45 7.922607350583443e-09 2.734496913117535e-09
11.55 8.199360517719451e-09 2.790455407509418e-09
11.65 8.473858769241165e-09 3.456602226880516e-09
11.75 7.58814519275162e-09 3.165045826127018e-09
11.85 5.621846799644428e-09 2.2491701334198512e-09
11.95 4.536830148656266e-09 2.079384212374869e-09
12.05 4.47998630255824e-09 2.2893492653283027e-09
12.15 4.7937838270575935e-09 2.391811250945931e-09
12.25 4.984584880194972e-09 2.2596907257239608e-09
12.35 4.6509264571865355e-09 2.169378752658213e-09
12.45 3.6727012165931694e-09 1.941067260242514e-09
12.55 2.618453323814248e-09 1.4147201736398242e-09
12.65 2.883710616348349e-09 1.3231114264365991e-09
12.75 3.288821068044451e-09 1.5340143849050866e-09
12.85 4.313962250813853e-09 1.8322857445023814e-09
12.95 5.398315403417321e-09 2.0326921085627832e-09
13.05 7.238667261450228e-09 2.6396928409490783e-09
13.15 6.914153373428525e-09 2.5505315603412523e-09
13.25 5.90837805399241e-09 2.3925314061006343e-09
13.35 4.62075069871785e-09 2.4317361854438647e-09
13.45 4.300940411821207e-09 2.092854516692696e-09
13.55 4.165458503562733e-09 1.7475601540978368e-09
13.65 4.083446159774936e-09 1.6860538460859002e-09
13.75 4.556590635120034e-09 1.9204605487457555e-09
13.85 4.5408183966496314e-09 1.9658294833471013e-09
13.95 5.235208101243155e-09 2.247364148249993e-09
14.05 6.040119657033449e-09 3.4519113080435493e-09
14.15 5.841042307153589e-09 3.2362272019637396e-09
14.25 5.27097178677479e-09 2.0559761376321764e-09
14.35 8.00308185167229e-09 2.7310010954700443e-09
14.45 1.112055484753969e-08 3.989217109426522e-09
14.55 1.1468935533765168e-08 4.122091894846521e-09
14.65 1.0761241607734435e-08 4.021991685748827e-09
14.75 1.9100853279157988e-08 9.68154330762199e-09
14.85 2.2061923009473185e-08 1.157502961618383e-08
14.95 2.1597933514330904e-08 8.514609270861997e-09
15.05 1.3727120811419094e-08 4.667715915219121e-09
15.15 1.6057995775734123e-08 1.023858489427781e-08
15.25 1.3917041393407522e-08 1.13494509694273e-08
15.35 1.1730904879563842e-08 9.199913303100965e-09
15.45 8.791519525015066e-09 7.134641847737953e-09
15.55 6.682574215735478e-09 4.195697394125883e-09
15.65 6.706738963873462e-09 4.691249948067009e-09
15.75 1.10348248831409e-08 9.287357426144655e-09
15.85 1.2057211038109588e-08 8.857092038453136e-09
15.95 1.0534834300243886e-08 5.266996507646158e-09
16.05 8.784685486464613e-09 5.7431007272799405e-09
16.15 8.116434170980885e-09 6.005485714364133e-09
16.25 6.2266880057337355e-09 4.9587231256455456e-09
16.35 8.363353647752181e-09 8.177629987336225e-09
16.45 1.0005504802831262e-08 9.578359799742162e-09
16.55 9.519498746468961e-09 6.682878920143436e-09
16.65 2.2186758773675743e-08 7.54859284623805e-09
16.75 4.4045007152703014e-08 1.4977599668877892e-08
16.85 5.744046455355853e-08 1.9528391057112183e-08
16.95 1.8268475883520908e-07 6.204711822605356e-08
17.05 2.9880469077887525e-07 1.0147847011313806e-07
17.15 2.9872816992634107e-07 1.0145780027765691e-07
17.25 1.7062173027051652e-07 5.795073204274299e-08
17.35 2.0980421432099184e-07 7.127331073424817e-08
17.45 2.3455236945866324e-07 7.965979175009451e-08
17.55 2.633683833363566e-07 8.945890685875274e-08
17.65 1.7893188089754633e-07 6.079282926700823e-08
17.75 1.5660493916505957e-07 5.31982565171993e-08
17.85 1.340398383560765e-07 4.553783531987965e-08
17.95 1.660808134645278e-07 6.649282985376609e-08
18.05 1.848526757732295e-07 8.906279900286973e-08
18.15 1.757165722910273e-07 6.818168230193676e-08
18.25 5.4457654685389394e-08 2.4164398179112404e-08
18.35 9.221352646489281e-08 3.133190505663756e-08
18.45 9.546674092090525e-08 3.435535433818652e-08
18.55 1.0934568426011096e-07 3.7169956792628915e-08
18.65 8.979924334431154e-08 4.467226043147727e-08
18.75 1.8101009900282257e-07 9.072062958453175e-08
18.85 1.743845161725233e-07 7.961642284099266e-08
18.95 1.5198846597144818e-07 5.162583643285398e-08
19.05 6.565519579624406e-08 2.8115837542414577e-08
19.15 9.392872433714182e-08 4.466904653950913e-08
19.25 1.4842208126913774e-07 8.988866651741456e-08
19.35 1.7368022285284816e-07 1.0341465505994448e-07
19.45 2.0542143232772774e-07 1.4306258610624776e-07
19.55 1.491388684594516e-07 1.102425281331619e-07
19.65 9.48816282357976e-08 4.644539108161479e-08
19.75 4.82866401188602e-08 2.7891159400864817e-08
19.85 3.9073767177459753e-08 1.8532912134944342e-08
19.95 4.0802951138698144e-08 2.4662794470393687e-08
20.05 6.631438902576827e-08 5.1450980796337e-08
20.15 1.2881015632692294e-07 1.2203891467255488e-07
20.25 1.3369948470319746e-07 1.2280062691788792e-07
20.35 1.0189857275126979e-07 9.18775456914809e-08
20.45 7.072765533666638e-08 7.743863338264272e-08
20.55 3.927672654895127e-08 2.6951308808784486e-08
20.65 4.157224364777631e-08 1.9592301154727622e-08
20.75 4.7533055007759954e-08 2.3803571150395598e-08
20.85 5.560839522174903e-08 3.2672809603513436e-08
20.95 5.854298942752308e-08 4.7617560158258645e-08
21.05 1.0627357543674055e-07 1.256779943102996e-07
21.15 1.0046443008525186e-07 1.2573097527665374e-07
21.25 6.344436895255766e-08 6.597308666454274e-08
21.35 3.676981302023458e-08 2.4853276863713166e-08
21.45 4.0172975041724354e-08 2.789443682815802e-08
21.55 5.169275491522861e-08 2.2341348692560286e-08
21.65 6.797721923977434e-08 3.0363633899078945e-08
21.75 7.851742651291016e-08 4.00166647959291e-08
21.85 8.259433939206806e-08 5.699818486340549e-08
21.95 9.578216390402826e-08 8.213299214379179e-08
22.05 9.048698453762165e-08 6.92169069122838e-08
22.15 7.847079193811963e-08 5.052575399181344e-08
22.25 7.354327906319494e-08 4.531301038878777e-08
22.35 9.547098430029182e-08 4.321385656869419e-08
22.45 1.2701561633926244e-07 5.423553678934821e-08
22.55 1.5496445681853743e-07 5.6051007964557666e-08
22.65 1.5336402701130783e-07 5.8989055736342444e-08
22.75 1.3753660183316697e-07 6.039653299714917e-08
22.85 9.46931735459434e-08 4.147211965290855e-08
22.95 7.052448413665607e-08 2.4405137500515428e-08
23.05 5.988233677057097e-08 2.0343518441215153e-08
23.15 5.8917955909835716e-08 2.1263013477398907e-08
23.25 6.594335015642117e-08 2.608656664788397e-08
23.35 9.051297472026979e-08 4.173127170608952e-08
23.45 8.833358506056712e-08 4.0826050285392625e-08
23.55 6.840101862146317e-08 2.56516059264079e-08
23.65 5.832472187866899e-08 2.2654462274276154e-08
23.75 6.759290064710033e-08 2.4842639549401055e-08
23.85 6.631379769501778e-08 3.3765938435529213e-08
23.95 6.716312358780958e-08 4.304764552880218e-08
24.05 1.0554436805443785e-07 4.400439692257899e-08
24.15 1.3884935066504996e-07 4.71751878606912e-08
24.25 1.482736703585221e-07 5.4332364519774135e-08
24.35 1.21341703382529e-07 6.591128800159221e-08
24.45 9.097764840278832e-08 5.160576013434383e-08
24.55 7.446672708056031e-08 4.224917929461877e-08
24.65 6.227791602367212e-08 4.254522931773052e-08
24.75 4.6310837578973265e-08 2.640426393779053e-08
24.85 4.748281908332795e-08 3.397768363449073e-08
24.95 4.0514043689469154e-08 3.5630948268007835e-08
25.05 3.8835349291040605e-08 3.7123458472270116e-08
25.15 6.435630217250981e-08 8.260068805056245e-08
25.25 6.308758139820056e-08 7.022067518140607e-08
25.35 4.201950410378623e-08 2.4547826893763153e-08
25.45 5.8694169724054424e-08 2.261681242700242e-08
25.55 2.2786653401889256e-07 8.163919891160333e-08
25.65 3.567109258119143e-07 1.63042077513018e-07
25.75 3.72065789771862e-07 1.6829074950150317e-07
25.85 1.937006145307843e-07 8.564799853878428e-08
25.95 8.512443350596972e-08 4.096299148213613e-08
26.05 5.7842357271626374e-08 3.593499204636801e-08
26.15 4.193763417936407e-08 3.1073681301842777e-08
26.25 4.2314321701016435e-08 4.0533115172206434e-08
26.35 6.065694449986963e-08 6.052544458380174e-08
26.45 8.088181674685668e-08 9.286708479304236e-08
26.55 7.37581307091289e-08 8.011698048073471e-08
26.65 1.8637070520931158e-08 1.1960913230920131e-08
26.75 1.3909599610656452e-08 8.414196519295884e-09
26.85 9.344605592620019e-09 7.1523134969279835e-09
26.95 2.630085818582601e-08 3.169711035804879e-08
27.05 4.557001292201578e-08 4.9900502187545884e-08
27.15 5.7759488124196025e-08 5.0127177484802526e-08
27.25 4.173307986452411e-08 2.4206963515874476e-08
27.35 7.612417359288265e-08 9.089968196849923e-08
27.45 8.246237576009884e-08 9.934646253582168e-08
27.55 6.642409209539576e-08 3.753445871529435e-08
27.65 7.616423069591213e-08 2.8753590022881476e-08
27.75 7.669908930519428e-08 3.171271441220942e-08
27.85 5.327846780687605e-08 1.8675968952218204e-08
27.95 3.12485242752198e-08 1.1871202080946837e-08
28.05 2.016713952701579e-08 1.315378681452825e-08
28.15 1.8252339393809896e-08 1.4340199594114414e-08
28.25 2.7225837458507702e-08 1.9628536552931353e-08
28.35 2.5762513554750123e-07 4.133648358855573e-07
28.45 2.8567800846353156e-07 4.5689449163791306e-07
28.55 8.625949708538126e-08 1.1765285657912281e-07
28.65 1.746223657544707e-08 1.8331159286249525e-08
28.75 1.8156472275347153e-08 2.1799696120228713e-08
28.85 2.31068849655591e-08 3.076601862685041e-08
28.95 3.033312130141605e-08 2.6085611991922044e-08
29.05 3.2170372343998446e-08 2.4667211185568176e-08
29.15 5.5244798233583395e-08 3.499606367893984e-08
29.25 4.851122893191699e-08 3.0315177196168335e-08
29.35 3.8477697062577075e-08 1.7397257607251564e-08
29.45 2.556109686107185e-08 1.0137356572199483e-08
29.55 4.8656758443512876e-08 2.1609615931696735e-08
29.65 4.7719713225580945e-08 2.13525537843742e-08
29.75 3.2741324067057043e-08 1.1705176236241795e-08
29.85 9.16234759378707e-09 1.0013767134092942e-08
29.95 1.1241076929578036e-08 1.190938349481543e-08
30.05 1.1445007573218567e-08 1.1280911672964823e-08
30.15 1.8053547115778967e-08 1.0688538783784247e-08
30.25 2.9985560673914295e-06 1.0204934667669066e-06
30.35 3.6400259877698325e-06 1.239013748275864e-06
30.45 3.6655903670886534e-06 1.2475245411811495e-06
30.55 6.69380502205208e-07 2.2776990332400413e-07
30.65 3.9042937637706645e-08 1.3520912225189904e-08
30.75 2.9687804106424407e-08 1.415897975964779e-08
30.85 2.5486087737654973e-08 1.6150703083818564e-08
30.95 2.032229245999661e-08 1.2903306425279951e-08
31.05 2.3456446378145655e-08 1.0881087120225254e-08
31.15 4.1909134920782383e-08 2.909489267447987e-08
31.25 6.783222698432327e-08 3.731345555200354e-08
31.35 9.92738740759707e-08 3.377162047180824e-08
31.45 1.365111404411321e-07 4.643478088729352e-08
31.55 1.535664081756699e-07 5.2234531352285996e-08
31.65 1.1123576594612499e-07 3.784397154777868e-08
31.75 6.64235264483522e-08 2.261205579426106e-08
31.85 7.326015607177149e-08 2.493434149503357e-08
31.95 9.054471755844354e-08 3.0797928987511964e-08
32.05 9.367555239635765e-08 3.672146281417877e-08
32.15 4.975154986049571e-08 3.009923868742142e-08
32.25 1.7698057855529167e-08 1.3979205481269327e-08
32.35 1.3879968073525503e-08 1.0112657755791356e-08
32.45 1.3822907389396695e-08 1.1482429777022917e-08
32.55 1.566519214324599e-08 1.3652219908142696e-08
32.65 1.825440756631123e-08 1.8567968115205617e-08
32.75 2.4472066266219534e-08 2.4987652461063307e-08
32.85 2.032581145236816e-08 2.0076743339390143e-08
32.95 1.7084171899344237e-08 1.3940894297166465e-08
33.05 1.1801396618705179e-08 1.1031802112871902e-08
33.15 2.201593649227913e-08 1.4060727042502403e-08
33.25 3.1247035419865335e-08 2.5527961971616376e-08
33.35 6.93628495166084e-08 8.611156947521996e-08
33.45 1.9844910133422893e-07 3.0707039730761867e-07
33.55 2.4185833037693e-07 3.6946563728127893e-07
33.65 1.2722503383505804e-07 1.884191750884155e-07
33.75 2.8182442013113363e-08 2.275492695422732e-08
33.85 3.640902867561885e-08 2.413853197627437e-08
33.95 3.5460203382956847e-08 2.018545531303495e-08
34.05 4.8203881475253376e-08 2.134905374458153e-08
34.15 7.949709000659267e-08 4.310750422889956e-08
34.25 7.659891255115506e-08 4.1713052518319976e-08
34.35 5.6848250294446216e-08 2.3258608109230164e-08
34.45 8.189822669730221e-08 2.7901480514800583e-08
34.55 9.52056401794876e-08 3.460987501980612e-08
34.65 1.3737733337477679e-07 5.550039933044937e-08
34.75 1.1636279337969455e-07 7.985183446951495e-08
34.85 1.494154880564836e-07 8.694941950799911e-08
34.95 1.126883010732046e-07 6.377315072201176e-08
35.05 8.926673270156767e-08 3.8468929819968033e-08
35.15 8.931783145574329e-08 4.441997630076456e-08
35.25 8.48436127071938e-08 5.519185295204085e-08
35.35 9.610688202616664e-08 6.388163338642967e-08
35.45 6.086656691053505e-08 5.312122648250718e-08
35.55 6.818575478470279e-08 5.006396479662277e-08
35.65 5.5424460722039175e-08 4.3371056454586876e-08
35.75 5.002646112119951e-08 2.911191659792237e-08
35.85 4.938822106392513e-08 4.060339643186417e-08
35.95 9.930871067133609e-08 1.1626043596396136e-07
36.05 1.945126867549498e-07 2.863902260175106e-07
36.15 1.5104837837918244e-07 2.3789875818117392e-07
36.25 3.2325847060896536e-08 3.809269162366257e-08
36.35 6.568143099774579e-08 6.21621100580686e-08
36.45 9.96993615933442e-08 8.734920340787819e-08
36.55 9.013385114211116e-08 7.120874827387853e-08
36.65 1.42068047649956e-07 4.834408797733546e-08
36.75 3.311050140554387e-07 1.1247615860173979e-07
36.85 3.445177546965545e-07 1.1709117655521979e-07
36.95 2.367551067518993e-07 8.044990596974501e-08
37.05 2.2304421534694092e-08 7.585587269133085e-09
37.15 9.201379436627664e-09 3.158182949814383e-09
37.25 1.3755444705224844e-08 4.690530317420296e-09
37.35 2.2736374363813508e-08 7.726960188607881e-09
37.45 2.2854956269244336e-08 7.766127117071508e-09
37.55 2.8912739905625692e-08 9.824179982120579e-09
37.65 2.122330543592365e-08 7.212149853251628e-09
37.75 2.1418811505867592e-08 7.278014020625878e-09
37.85 1.3697452239556432e-08 4.655677602510743e-09
37.95 1.2364033659184098e-08 4.20328841394362e-09
38.05 1.2699849947931482e-08 4.316325648299652e-09
38.15 9.15733712677882e-09 3.1124720995786275e-09
38.25 1.0629716998363424e-08 3.6166077688223146e-09
38.35 1.26787214876931e-08 4.3090457431664554e-09
38.45 1.403111534336717e-08 4.936745317454064e-09
38.55 1.2750034079033983e-08 4.5282027761916635e-09
38.65 1.1079781066332816e-08 3.765690662539082e-09
38.75 1.0369660473237904e-08 3.534721928854738e-09
38.85 1.0408167515062185e-08 3.814746767530837e-09
38.95 1.3529811510562369e-08 9.134769950178399e-09
39.05 1.2239345192923705e-08 7.847016519473257e-09
39.15 1.1092490680366683e-08 3.769729838251567e-09
39.25 1.0615523358190627e-08 3.608111054320671e-09
39.35 1.0813892933013097e-08 4.092272536821564e-09
39.45 9.771262991433656e-09 3.3211638450220508e-09
39.55 9.049938689895203e-09 3.0762745856333116e-09
39.65 8.595824417624587e-09 2.9215542468785382e-09
39.75 7.580842765382665e-09 2.5772871083408453e-09
39.85 1.1627425436953861e-08 3.951580978229529e-09
39.95 1.572504853917329e-08 5.343288065991408e-09
40.5 2.3946547216915232e-08 5.005820265080963e-09
41.5 1.7676491423652657e-08 9.289690977124062e-09
42.5 1.651213946249186e-08 3.673018306894478e-09
43.5 3.622139707380356e-08 6.282438632584792e-09
44.5 2.1279833601746068e-08 5.789759558548233e-09
45.5 2.3867306953343274e-08 4.261501277419227e-09
46.5 6.525091753252277e-08 9.533566562725827e-09
47.5 2.9615394125489586e-08 5.690451274550609e-09
48.5 4.514310649126811e-08 9.595968651315291e-09
49.5 5.9404660498690945e-08 2.1985111746126214e-08
50.5 6.576958992290462e-08 1.8694787514587485e-08
51.5 2.618876712123881e-08 8.597105133648187e-09
52.5 2.9356774501037323e-08 1.151758283225411e-08
53.5 3.067168769302461e-08 5.4578898780130865e-09
54.5 1.9506667406451546e-08 3.972997059909919e-09
55.5 1.1231482831576882e-07 1.5486785429002887e-08
56.5 2.6746169678781335e-08 4.520194151966486e-09
57.5 2.303560732037208e-08 4.889955134225081e-09
58.5 1.9502415433107277e-07 3.641393162997935e-08
59.5 3.404122880037206e-08 6.0143206247985585e-09
60.5 7.839437020090371e-08 2.006772865537308e-08
61.5 6.296832455268451e-08 1.691326348611608e-08
62.5 1.7069152644964972e-07 2.7337597196205673e-08
63.5 1.4552955476704093e-07 2.0010714555620835e-08
64.5 2.026262621496277e-08 3.6987187223372277e-09
65.5 1.9087616778377666e-08 3.3575057168084132e-09
66.5 2.135460478401839e-08 3.911327373712366e-09
67.5 1.740764470500629e-08 3.5694983921564853e-09
68.5 3.871950776952911e-08 6.376962386741134e-09
69.5 2.8084592711783026e-08 6.18883309350153e-09
70.5 6.561806879233297e-08 1.1982841092786157e-08
71.5 2.5438736500446162e-08 5.518417464201944e-09
72.5 2.3830065058305804e-08 6.768361810306518e-09
73.5 1.694629975849246e-08 4.136052374650033e-09
74.5 2.5048430274060447e-08 5.751080832129991e-09
75.5 3.5130995011720276e-08 7.768022901609764e-09
76.5 9.385475314977662e-08 1.8780935885028956e-08
77.5 8.239096637706248e-08 1.6511898699839926e-08
78.5 1.2453768941587328e-07 2.279935659314191e-08
79.5 8.733168600297498e-08 1.605592538067569e-08
80.5 6.890413417189631e-08 1.3526742717626691e-08
81.5 7.448945512665849e-08 1.4638293408023158e-08
82.5 9.059379799137692e-08 1.844272959401214e-08
83.5 2.2570205065280857e-07 4.249657941466077e-08
84.5 1.3019899463582768e-07 2.9055411736116497e-08
85.5 1.5804508898633862e-07 3.790127246337531e-08
86.5 1.838612018354807e-07 4.692458016864149e-08
87.5 2.238752627310163e-07 6.120464138605559e-08
88.5 2.646572897553457e-07 7.714820536158922e-08
89.5 3.0862212406914785e-07 9.422719166110905e-08
90.5 3.770680434884359e-07 1.1860062421998232e-07
91.5 3.2384587770163143e-07 1.0419906151209493e-07
92.5 1.1030365024258238e-07 3.540122429280041e-08
93.5 1.1449708178417484e-07 3.6468345202413915e-08
94.5 8.423421241458174e-08 2.653837272717331e-08
95.5 6.791441123955414e-08 2.11185968415513e-08
96.5 4.9172502892923074e-08 1.4946174061758694e-08
97.5 9.271661050935454e-07 3.322842527072875e-07
98.5 1.023895821727723e-07 2.9270286523596472e-08
99.5 1.4583047513907202e-07 4.249121615464416e-08
100.5 6.606837395729012e-08 3.019203585412355e-08
101.5 8.196229920652041e-08 2.419226523541051e-08
102.5 7.056134730108412e-07 1.8834022070232765e-07
103.5 6.137289390485372e-07 1.3513011366013704e-07
104.5 9.677316268144134e-08 2.1578074048152923e-08
105.5 8.607781758867261e-08 1.4356490447569377e-08
106.5 8.925612916251978e-08 1.4356107126857166e-08
107.5 1.0108196448426306e-07 1.692013435359065e-08
108.5 1.44770117829987e-07 3.0371709425040854e-08
109.5 1.0560675584720427e-07 2.0340130523071658e-08
110.5 1.1788979062431949e-07 2.0962526496936964e-08
111.5 1.057901703770448e-07 1.7241256153363264e-08
112.5 1.06125636062318e-07 1.6187248990495064e-08
113.5 6.694505787723988e-08 1.1831411489528356e-08
114.5 8.019210810619007e-08 1.364329790389933e-08
115.5 9.309105252382e-08 1.4748182150032027e-08
116.5 1.0809176530088051e-07 1.3425865674601809e-08
117.5 3.6313072996578304e-07 5.3747808018569924e-08
118.5 1.3944258334256681e-07 2.388385375054672e-08
119.5 2.1657809447020595e-07 2.0060156067924488e-08
120.5 5.931427645819256e-07 1.2315736517264143e-07
121.5 2.2908408245001496e-05 3.987186816662532e-06
122.5 2.0433321727316844e-07 3.208688851131546e-08
123.5 1.194516851596946e-07 1.9057974189552308e-08
124.5 8.007997915984073e-08 1.2971017784798266e-08
125.5 6.8606882462424e-08 1.0126816093277546e-08
126.5 8.437268749349721e-08 1.510564007874999e-08
127.5 4.2434431978155987e-08 6.169661083477189e-09
128.5 3.099781199110981e-08 4.46287197452361e-09
129.5 3.96177935976897e-08 6.084511136533245e-09
130.5 2.4987044184739295e-07 3.678299704782309e-08
131.5 3.7745058415008746e-08 5.806674427007184e-09
132.5 2.809243920980427e-08 4.284223825625695e-09
133.5 2.511020871930306e-07 4.309919351024272e-08
134.5 2.2722752256034814e-08 3.5898716838620767e-09
135.5 4.964811705066142e-08 6.973209696541825e-09
136.5 2.8881195121469714e-08 4.250711463990369e-09
137.5 2.9316464536456265e-08 4.4157822170043515e-09
138.5 2.7566694843485983e-08 4.039887212449088e-09
139.5 6.701592251050018e-08 1.1548809649680256e-08
140.5 5.40843043629133e-08 8.706436755331978e-09
141.5 3.002805219867589e-08 4.473881690554274e-09
142.5 3.041778513618931e-08 4.673044179703256e-09
143.5 3.167155698453154e-08 4.704158904930608e-09
144.5 2.9269306617709924e-08 4.441064764808808e-09
145.5 2.8726000415950122e-08 4.568846675903628e-09
146.5 3.299300995235925e-08 5.022724931587155e-09
147.5 3.9231964179996995e-08 6.047296063500714e-09
148.5 3.792426570417936e-08 5.8743699474715684e-09
149.5 3.219497439497266e-08 5.059103910265772e-09
150.5 3.412211737857371e-08 5.359910769484419e-09
151.5 3.487152314239282e-08 5.5719078421258665e-09
152.5 3.9933602807209585e-08 6.497562069111867e-09
153.5 4.144497126628245e-08 6.784157557549103e-09
154.5 6.620872749257016e-08 1.1303985868585883e-08
155.5 5.387569760335858e-08 9.168787594900658e-09
156.5 4.8603286658775375e-08 8.27032997330153e-09
157.5 3.8007670246071316e-08 6.657353509402398e-09
158.5 3.311360649077652e-08 5.937165574759016e-09
159.5 4.255690843083928e-08 7.4081920378915375e-09
160.5 3.656084166498001e-08 6.502671494154844e-09
161.5 4.067145534364219e-08 7.559104516365145e-09
162.5 4.2798084649848916e-08 8.285227649046873e-09
163.5 4.214170668613511e-08 8.524217612771249e-09
164.5 4.674687435691788e-08 9.860574989855945e-09
165.5 6.913815442841461e-08 1.5241011652521655e-08
166.5 4.4311223025711255e-08 1.0256382967309093e-08
167.5 4.8193371681457934e-08 1.170095022525932e-08
168.5 4.8167366423447594e-08 1.2267626373541435e-08
169.5 5.9187485649653305e-08 1.589887115062843e-08
170.5 6.278025618526285e-08 1.7813293682852054e-08
171.5 5.869098819603953e-08 1.764025514772499e-08
172.5 6.05863861641727e-08 1.930881634018757e-08
173.5 5.5713515651865895e-08 1.885745576649754e-08
174.5 6.372056164810314e-08 2.2972316612334948e-08
175.5 7.237247896294588e-08 2.786497326505246e-08
176.5 7.245053959123965e-08 2.983802239163126e-08
177.5 8.241250946749243e-08 3.641547654905011e-08
178.5 8.56618303578807e-08 4.066632782682237e-08
179.5 8.15182524461889e-08 4.1697574685936165e-08
180.5 9.73715888623492e-08 5.380147242953642e-08
181.5 1.064937088669616e-07 6.373686302274967e-08
182.5 9.607793149219063e-08 6.238993096195355e-08
183.5 9.606593426287071e-08 6.790692101631653e-08
184.5 7.846107505657118e-08 6.057687565688122e-08
185.5 8.326879330733677e-08 7.048862565869872e-08
186.5 8.940396035774841e-08 8.334600299421078e-08
187.5 9.328577519161408e-08 9.627759771155376e-08
188.5 8.420525178803668e-08 9.685082015818468e-08
189.5 5.82575276503829e-08 7.530753140951075e-08
190.5 nan nan
191.5 nan nan
192.5 nan nan
193.5 nan nan
194.5 nan nan
190.5 7.423396009924414e-08 1.1000835723291282e-07
191.5 7.160458820459565e-08 1.1674059545944228e-07
192.5 6.940281399397147e-08 1.2431839238881402e-07
193.5 4.884675515966912e-08 9.594456348490051e-08
194.5 7.250971357415196e-08 1.5576091248766811e-07
195.5 6.418102879867808e-08 1.502601322150077e-07
196.5 6.623523025028657e-08 1.6827335478713043e-07
197.5 6.177771620882022e-08 1.6941816035768813e-07
198.5 5.745758455553629e-08 1.6904033614963108e-07
199.5 5.7865621074106395e-08 1.813544759962328e-07
200.5 5.865490614346273e-08 1.9432446855075286e-07
201.5 6.160294500478658e-08 2.1399378928827147e-07
202.5 5.783306569371513e-08 2.089113041588194e-07
203.5 6.390393840398224e-08 2.3813383157377e-07
204.5 6.798737473485246e-08 2.594402834890125e-07
205.5 6.759061649498746e-08 2.6246839880854097e-07
206.5 6.802373944184357e-08 2.6749609130190757e-07
207.5 7.648389051880066e-08 3.036252432044195e-07
208.5 8.570230399748256e-08 3.430816313958167e-07
209.5 1.2094399162182223e-07 4.888250224209416e-07
210.5 1.5339812832224894e-07 6.283573164097487e-07
211.5 1.7906963235272566e-07 7.484488225466718e-07
212.5 1.6274730240541718e-07 7.012362522868808e-07
213.5 1.3851065373867883e-07 6.243030459671886e-07
214.5 1.8236563120355434e-07 8.776048025360498e-07
215.5 1.338501832827597e-07 7.079022057340187e-07
216.5 1.1140334087663577e-07 6.756192870372515e-07
217.5 8.719619282557476e-08 6.486450797386239e-07
218.5 8.831081878767078e-08 9.111182977395248e-07
219.5 4.914711016014983e-08 9.510172382967837e-07
220.5 7.164577174083425e-08 7.612132741621546e-07
221.5 4.8703824538185975e-08 5.488079718099856e-07
222.5 6.818913180069775e-08 8.171102880559887e-07
223.5 8.225573053241793e-08 1.0513386264611103e-06
224.5 7.142295701992576e-08 9.769865444824147e-07
225.5 5.9331058415602204e-08 8.718905316108159e-07
226.5 3.8979328174372293e-08 6.180575962240209e-07
227.5 3.691821699827763e-08 6.347713223645463e-07
228.5 4.911182757788639e-08 9.210025098599138e-07
229.5 3.839157775327172e-08 7.906133472929674e-07
230.5 4.275039521607492e-08 9.746324489565724e-07
231.5 3.332662260904411e-08 8.494232266958881e-07
232.5 3.220508334004809e-08 9.288566109966859e-07
233.5 2.3746354854862053e-08 7.869885909177111e-07
234.5 1.663429040524018e-08 6.462705928621823e-07
235.5 2.2445588539355206e-08 1.0505274962031945e-06
236.5 1.3938271319295933e-08 8.173128495602331e-07
237.5 1.2822413668192508e-08 1.0016789047192032e-06
238.5 5.9814442917790995e-09 6.950130284048231e-07
239.5 3.891686706458677e-09 8.709106620311898e-07
240.5 3.1297694688908373e-10 8.094661735801e-07
241.5 -3.480673342303917e-09 9.560902957260145e-07
242.5 -1.107537921984009e-08 1.4545902823263535e-06
243.5 -1.5474078675289935e-08 1.3414776875415796e-06
244.5 -1.9890347010578505e-08 1.291195594479566e-06
245.5 -1.976085645936624e-08 1.0279484143494722e-06
246.5 -2.3898230497873897e-08 1.0393673088958872e-06
247.5 -3.2320819040543504e-08 1.209885075904148e-06
248.5 -2.8550020703073998e-08 9.395401989636361e-07
249.5 -4.1338866377417705e-08 1.2153567785479985e-06